z_20250401,z_20250402,z_20250403,z_20250404,z_20250405,z_20250406,z_20250407,z_20250408,z_20250409,z_20250410,z_20250411,z_20250412,z_20250413,z_20250414,z_20250415,z_20250416,z_20250417,z_20250418,z_20250419,z_20250420,z_20250421,z_20250422,z_20250423,z_20250424,z_20250425,z_20250426,z_20250427,z_20250428,z_20250429,z_20250430
-21.352091958203555,-21.47061250558425,-21.361960893333727,-23.133513421815127,-30.482921804632724,-21.396894772157562,-23.04143505005829,-44.91272036840176,-58.41240617345258,-21.758197691713743,-21.38699444948589,-21.507492708149865,-21.498856299687827,-21.699812408573838,-31.262186000443897,-21.509061350035637,-21.436080122296346,-21.341586728499244,-22.270325043050942,-24.464393955432943,-29.488486421656,-58.67380537039101,-222.5695315849257,-92.71391367127228,-22.58877456708967,-29.375434731321832,-23.972922870522417,-22.155245076520185,-21.395001361327644,-21.362959094564378
-20.595603139665414,-20.73166224419172,-20.590589778532333,-22.59845508718474,-30.266076925007578,-20.631162205234006,-22.47754619202829,-44.793100131733624,-59.692243380027776,-21.0138561884006,-20.646516413094865,-20.765009623450418,-20.778290089807655,-21.002492354583993,-31.129766170332875,-20.822681596131854,-20.707547997139805,-20.58791492928806,-21.600064705922577,-23.981270423048414,-29.479267826040598,-59.70020111138457,-233.3086994361075,-94.59593311527654,-21.96004082175579,-29.361613273425505,-23.495619961875022,-21.467044442578327,-20.63604770082048,-20.592398765129342
-20.241957981525125,-20.384606721635496,-20.23189015084,-22.332918208608714,-30.18018956713793,-20.274851190419756,-22.20459739361513,-44.86129431369922,-60.41901833877556,-20.66933562520817,-20.29892638252483,-20.417763434104927,-20.43816979134914,-20.67356448404228,-31.091722094239042,-20.49425499209265,-20.364162928338587,-20.234866292722067,-21.284952943475805,-23.752752820454976,-29.442706578542083,-60.37427789417977,-238.53662027970896,-95.87217171531162,-21.662949591296798,-29.33883046419448,-23.258495490258458,-21.14526634082354,-20.282067591473588,-20.23403432539907
-20.61715988772731,-20.745517690222634,-20.617334641751455,-22.501428466156426,-30.178544663624233,-20.659296417119748,-22.43984591736909,-44.79781883614024,-60.25655677605431,-21.054852618582043,-20.66156524004534,-20.788957983273207,-20.788898582697943,-21.02470527394944,-31.286077073696287,-20.820828158910064,-20.716175148146615,-20.605591363834066,-21.61697353010692,-23.986569882624583,-29.233361010317612,-60.81291000600653,-230.06072240301745,-95.90528483949997,-21.984601469753553,-29.22990944233784,-23.431708577072655,-21.49356813135214,-20.660737932330434,-20.619321981546733
-20.29159480760216,-20.429410656394886,-20.284437820862017,-22.304308786489322,-30.111728911033616,-20.32813784277957,-22.212661885980122,-44.784010183563616,-60.65179574753476,-20.72851455676991,-20.344316553015833,-20.468462222275804,-20.480998947400106,-20.722560187099784,-31.188899628301286,-20.529989943882484,-20.405943296252218,-20.282353952360918,-21.329153338500692,-23.777082990671282,-29.308772485897116,-60.92535171549095,-235.72369983099213,-96.3732875822502,-21.711136447122367,-29.273335997603258,-23.250004000976528,-21.195273538185887,-20.333327101138508,-20.28666441074893
-20.303902551309122,-20.436620828336064,-20.30010044434728,-22.236554738442628,-30.068258493902306,-20.34486128900855,-22.186355724878926,-44.80607977055131,-61.07313281885173,-20.754832008629887,-20.352474053115372,-20.48255125289134,-20.486206329070964,-20.736337409446033,-31.302509517864777,-20.527150195091206,-20.40967441557723,-20.292024773479927,-21.339154963950595,-23.785405553867605,-29.141557713209465,-61.7345170050173,-233.7174418838847,-97.32770792394774,-21.727081589987833,-29.182031068745843,-23.20553691492529,-21.211745537306314,-20.347766463768366,-20.302465084537673
-20.562470860486645,-20.694629778233537,-20.559824045596574,-22.500968341381604,-30.18230019154543,-20.601680323265416,-22.41753030649308,-44.76532506524249,-60.13359036077022,-20.993857343669287,-20.61004741765945,-20.7344114492182,-20.740377559861628,-20.973666775315667,-31.22425378539056,-20.778950848221815,-20.66780525807575,-20.552457353234534,-21.56957007711318,-23.951771636670813,-29.319154898072867,-60.480475222312826,-231.7017956953675,-95.53073205184344,-21.93743711954876,-29.278471951801773,-23.42487527058421,-21.441593210132474,-20.60476381284063,-20.56179677651582
-20.423464476233736,-20.55183999112751,-20.42309325393676,-22.298624341279723,-30.105132225543812,-20.46729462570684,-22.26444932188503,-44.85641759166258,-61.00453937811248,-20.877286358973727,-20.468450898230344,-20.60033348118115,-20.597888322901095,-20.846986086426572,-31.35330245432698,-20.630871033236748,-20.522150237817517,-20.410273579605118,-21.44404471047989,-23.865837016749936,-29.087012519615588,-61.82907142720535,-231.62127135337425,-97.37160795654272,-21.82691922861657,-29.146886824886984,-23.262799452054313,-21.32168493768501,-20.468421938514293,-20.425389679809875
-21.151217566033083,-21.272373616510738,-21.158384857575513,-22.959282121922772,-30.392838265349205,-21.195307434465153,-22.87602443307675,-44.861385818488145,-58.90567894468692,-21.566026597538492,-21.188676539922714,-21.311150289290286,-21.304840445760263,-21.51549434733866,-31.266530951417955,-21.321064694747918,-21.23919163164522,-21.140369599637044,-22.09152387949163,-24.332870505294853,-29.41314772914871,-59.254350303365996,-224.4570988175883,-93.5649076366397,-22.423639163016553,-29.331030027214794,-23.82350872405116,-21.974328394822564,-21.19431087076467,-21.159669190510318
-20.405427620706394,-20.54034117759452,-20.400464804103706,-22.378097801929954,-30.132682810813826,-20.443539694301485,-22.294689712362615,-44.76977900409197,-60.48020610180005,-20.84154826980933,-20.455548442124204,-20.58048134942601,-20.589337274359625,-20.828483396630467,-31.216032373359546,-20.633214158752722,-20.515108873052174,-20.395577762030747,-21.43014231665117,-23.850018910446966,-29.293917967485378,-60.82792976586674,-233.77257850307842,-96.11601204161913,-21.807065094184047,-29.265298663786815,-23.31768490586822,-21.29941769179969,-20.44761271538594,-20.402604092924378
-20.948170375350944,-21.07180464333573,-20.952818411180058,-22.781141108245585,-30.306058926191405,-20.991728970851163,-22.707997740483087,-44.82930813296694,-59.4305676647988,-21.37232160022455,-20.988068210843398,-21.112699110846894,-21.108359810898392,-21.328993356045817,-31.27673087310704,-21.13020096628551,-21.039889005822474,-20.936901085517302,-21.910820515972606,-24.20055311359332,-29.334067944670565,-59.87777382319017,-226.42814755866686,-94.48681705949375,-22.256731144929372,-29.285461659038837,-23.671213975560548,-21.79164621540921,-20.991547464672788,-20.954384170097452
-20.96733960595776,-21.093556098947715,-20.970130071103615,-22.838114140110868,-30.336434756782488,-21.008436903586208,-22.74405402950472,-44.79465500394522,-59.16192529539779,-21.38324833195979,-21.009295144763367,-21.13067339235901,-21.131089836618177,-21.346838078910064,-31.224072118741635,-21.1573694058237,-21.063455131375406,-20.95756288715332,-21.929527729396682,-24.215954489525664,-29.432713489699744,-59.406666853734095,-227.12233314438942,-93.85417087362674,-22.27195133373424,-29.34154793750561,-23.715606084561447,-21.807000247359248,-21.00946473820743,-20.971609612806162
-20.956448219237387,-21.080378406189983,-20.960896768075642,-22.79392309408577,-30.31163383508659,-20.99967282150227,-22.71762973222589,-44.82314387484611,-59.37774824888289,-21.379170220394098,-20.9965593468016,-21.120692772160645,-21.116967304722564,-21.336652574719018,-31.269074792712964,-21.139292361230197,-21.0486803340905,-20.945400200568447,-21.91843344611695,-24.206148078366947,-29.34995623355674,-59.793966476621584,-226.45578339208913,-94.36970941603155,-22.263508197655323,-29.29467500146081,-23.681634950694413,-21.79883958755995,-20.999639179297958,-20.96244304783419
-20.365702615011205,-20.503756453115596,-20.358661763367834,-22.387035287038437,-30.15887776735673,-20.401425608885077,-22.28220747298031,-44.78864392871263,-60.35456553946651,-20.79611716402211,-20.418545868634,-20.540429463343518,-20.5543399482103,-20.790350248920554,-31.15780744715972,-20.60319861999032,-20.480572902108594,-20.357195883379866,-21.39516985276742,-23.8272935980861,-29.373438791713355,-60.50937656221114,-235.42726440517188,-95.80747904060019,-21.770727345298038,-29.306436892553307,-23.316922864981386,-21.26067163029584,-20.406837799998456,-20.360765993933494
-20.386509642422403,-20.525697206325017,-20.378888198775048,-22.428083901640093,-30.195186766647403,-20.421107670625496,-22.310030962769588,-44.809355743080154,-60.18316493776974,-20.812223480156142,-20.44033047920031,-20.560115804339997,-20.576289190040814,-20.808704628289664,-31.124867509531583,-20.626627641532647,-20.503283830621605,-20.378769270445233,-21.413774046560928,-23.84399848971962,-29.429263173449055,-60.22178423561611,-235.9181654768871,-95.46814796209303,-21.785825104410424,-29.33422149558185,-23.347088112666345,-21.2777764239814,-20.42704881861129,-20.38092436824114
-20.34388995784431,-20.48267682621231,-20.336340212931947,-22.376026586830434,-30.15953054719401,-20.379168704679792,-22.26789225633056,-44.796631710895745,-60.37211847929011,-20.773970067115503,-20.397390378514068,-20.51886196475973,-20.53378850325296,-20.769881351302068,-31.148181852485997,-20.58385137561464,-20.459939645266836,-20.335593164111977,-21.375783194836277,-23.81380428475339,-29.382709829688512,-60.49823564031948,-235.91081117648397,-95.82807893263269,-21.751964639647657,-29.310933021222702,-23.305825044966276,-21.240463223385316,-20.384869859320517,-20.33845485835742
-20.138531066103496,-20.27819198135183,-20.12974622787915,-22.172026787497636,-30.05657072995533,-20.174774927412393,-22.08705113293858,-44.802750300877605,-61.06954751271704,-20.582419426406783,-20.19301192640213,-20.31873818995557,-20.332546534421134,-20.581155543782515,-31.200744808095493,-20.385218063222748,-20.25569999323812,-20.129014751828848,-21.193124918480326,-23.677370733186194,-29.258247677611827,-61.404615863735245,-237.49599700624407,-97.12605247689793,-21.584819021970105,-29.24778492757103,-23.13712442478998,-21.05757773932271,-20.18053682945262,-20.132149740836038
-20.68397948704525,-20.81261934334706,-20.68414797049641,-22.57578388976653,-30.210687871140827,-20.725289122421316,-22.502682748167953,-44.782535173506346,-59.983242061880716,-21.115493829800975,-20.72845259840733,-20.85394012735123,-20.855200701663797,-21.08605349531989,-31.25892491689131,-20.88724454780196,-20.783603575258724,-20.673117124234263,-21.676847835998103,-24.029729339255713,-29.293834447765086,-60.42844037634826,-229.67751913139602,-95.3610975608421,-22.03897485262219,-29.263918682036703,-23.493176283623306,-21.552732710033013,-20.726968643161108,-20.68602187285116
-20.83530996892955,-20.95498844994777,-20.842744919637646,-22.61183761606328,-30.26360207072389,-20.88337856099352,-22.57928254856543,-44.97068308636478,-60.16668576326316,-21.27930019607172,-20.87271564885287,-21.003439220590458,-20.990985362563407,-21.224292639036793,-31.38045957551791,-21.006178698196,-20.920325813605256,-20.82107479518019,-21.806820600336483,-24.132182105402702,-29.124278493437522,-61.02829737009615,-226.528826112443,-96.15163852036187,-22.163360896242462,-29.158429568012977,-23.53042811709957,-21.693400348895555,-20.881238891432034,-20.84457181333295
-21.180619756960144,-21.303231984549356,-21.186763255386598,-23.010230410529456,-30.42040269045465,-21.223173447979367,-22.9133536977173,-44.840805354232096,-58.69831281158176,-21.589549324824027,-21.219207024423863,-21.33946814426386,-21.33604126838387,-21.54294105480083,-31.234671482828688,-21.354736980793582,-21.27110846912893,-21.17075745551578,-22.118974312237423,-24.354862150630392,-29.48246749592203,-58.9142168836283,-224.73063744637886,-93.0922487801666,-22.447970005232463,-29.370810924164026,-23.864860300267335,-21.99979523472243,-21.222887348891938,-21.187972887017146
-21.254133912741707,-21.36936414686534,-21.26638333025984,-22.990047024445595,-30.428362168483673,-21.30265459673495,-22.92990303261628,-45.006216000061855,-58.98298579320328,-21.675834798028138,-21.286842771035644,-21.412416185034733,-21.397062543302205,-21.607906783619825,-31.335313029562624,-21.401565200849504,-21.332537285933824,-21.241176192474523,-22.179257424796223,-24.39738862603722,-29.312198895699552,-59.56943537988507,-222.50081151806955,-94.02789952127205,-22.505912952986076,-29.268983415094773,-23.852107435322715,-22.068881836586467,-21.299137777303173,-21.267590639321458
-20.194161270755373,-20.337198181337797,-20.18369963270696,-22.28864201192356,-30.157163333808363,-20.227114037747537,-22.16386334107277,-44.86140033808574,-60.56046429714947,-20.624120030239357,-20.25149618681738,-20.371086393604536,-20.39156320211393,-20.629438924172874,-31.09865320317698,-20.4485131874521,-20.316938322115842,-20.186889950301964,-21.242399713982085,-23.720538281766512,-29.420574310301873,-60.5471434236152,-238.97370846678825,-96.131014430557,-21.623655801223606,-29.327885563969886,-23.221281206801535,-21.102421932177265,-20.234426993809674,-20.185903509460886
-20.246430613041507,-20.38427794582777,-20.239102317000224,-22.256815980890096,-30.08768420702676,-20.283328747339734,-22.171696738373903,-44.78599903316718,-60.820708650776496,-20.68688258983378,-20.299240466158228,-20.424521649160933,-20.43652729487641,-20.68116158299717,-31.20438082446658,-20.4858499939384,-20.360752673786326,-20.236833580640557,-21.288964929235032,-23.747194120461078,-29.275656353039142,-61.153680070943985,-236.01050801270657,-96.6926735502843,-21.674604864463305,-29.256270815129387,-23.211130255587996,-21.155243076060206,-20.288458855923185,-20.241398039621053
-20.11832925811419,-20.256295914302463,-20.11051423086351,-22.122618699582265,-30.02579484251473,-20.156233526753972,-22.05599444794335,-44.80267609602873,-61.30914229153608,-20.56895543303506,-20.171452296417097,-20.299888934052895,-20.310417221000613,-20.56382415686115,-31.25009500437896,-20.360701127056878,-20.232620009750608,-20.107728316445115,-21.175104495458218,-23.664133688303156,-29.18311812653313,-61.81203236626834,-236.91356344363572,-97.6188633373476,-21.571137871452,-29.20832685902485,-23.10127199882894,-21.041805479835375,-20.161203762298204,-20.113005761645695
-21.05776159723427,-21.180945807899963,-21.063083858018953,-22.889540209871893,-30.357920728985114,-21.100811600225708,-22.804904186675632,-44.82969744249928,-59.07812231966438,-21.474573221007695,-21.097051840240045,-21.219602077187183,-21.215756370068302,-21.429836156737885,-31.255310477063922,-21.236181098897966,-21.148947548362894,-21.047172036514162,-22.008917693424888,-24.272707186948473,-29.404702377087958,-59.41308634657224,-225.6048292515108,-93.81334438662657,-22.346815935318478,-29.32609835189778,-23.762755825199125,-21.889705005787054,-21.10059591893212,-21.064481673980374
-21.129620005472873,-21.25081202835937,-21.136693024777262,-22.93721676322715,-30.38205227029904,-21.1738552171197,-22.856534128894825,-44.86147556961589,-58.977850357171945,-21.545995673819323,-21.167157915460972,-21.29009098491496,-21.28359731118793,-21.495601517250318,-31.27132808879424,-21.300008361566,-21.217610047270245,-21.118610683050306,-22.072131563147412,-24.318526459284634,-29.39742878242201,-59.3519077627014,-224.5995298722724,-93.70582142935439,-22.40584757441454,-29.32186695571441,-23.804867281132815,-21.95501400329731,-21.172842025057708,-21.13801191366253
-20.423942306972197,-20.55251087496478,-20.423430049685106,-22.30185180902828,-30.105094643346217,-20.46759236342773,-22.266187715282943,-44.85117266971306,-60.98480154247737,-20.877145296329076,-20.469066307022555,-20.600744313609525,-20.59864205297031,-20.847396129284366,-31.349021306750053,-20.631956246344252,-20.52295171176483,-20.410858142083818,-21.44456031048495,-23.86575375083824,-29.09369167798078,-61.794221749761576,-231.65849769932146,-97.32406608033585,-21.82722233538865,-29.15093252085302,-23.2652914599512,-21.32194264850937,-20.468808431011425,-20.425720555877337
-20.40080622176339,-20.53736419819411,-20.394791867423525,-22.399733490374313,-30.153626443750106,-20.437523139266286,-22.30287111037946,-44.775711926469484,-60.35364546682143,-20.8326435390947,-20.452322882393414,-20.575268697996552,-20.58698071651497,-20.823415391927625,-31.180293864543497,-20.633400586382777,-20.513242644936263,-20.39179372712201,-21.426296287911473,-23.848653049323794,-29.347655211844195,-60.57890984956999,-234.5180353400073,-95.83525952284484,-21.801263850008368,-29.29347074138409,-23.33138274348249,-21.293518508515376,-20.44232666798591,-20.39688832304929
-21.290755752786296,-21.421729565261554,-21.291607433133148,-23.254085301125798,-30.682591280973455,-21.3252502582317,-23.08021681920574,-44.98383142758643,-57.78779229903111,-21.6721241835629,-21.33704101979974,-21.443790023705223,-21.456426204988126,-21.64425763039086,-31.062715985228643,-21.48815173627046,-21.395615450553084,-21.286062113120977,-22.222348419169318,-24.46677182249614,-29.84838537955572,-57.31331824960829,-228.49110505141684,-91.11123914823816,-22.534253972463585,-29.55957613735916,-24.050595501751268,-22.092079946854838,-21.328931126822685,-21.292455329377113
-20.39579630555114,-20.527067203841195,-20.393262045429815,-22.31161122007977,-30.09886585147203,-20.437245078026177,-22.259424083130835,-44.802917872096344,-60.84635309413391,-20.843325217573014,-20.4430178857629,-20.572497177802827,-20.57478060909165,-20.821012228797535,-31.300806987185858,-20.612832875315817,-20.499299327412427,-20.38391690416154,-21.42055844674707,-23.84443502098125,-29.162146608614652,-61.49036142702654,-232.57180606844122,-96.94093867418778,-21.80274504999709,-29.192137204012404,-23.26990263009966,-21.294554505930297,-20.43964651826941,-20.395522971686677
-20.32698645094381,-20.454428760298185,-20.327066570783252,-22.18495208019955,-30.080854158534414,-20.372548134694984,-22.171351141567335,-44.929906921839724,-61.48165365811296,-20.79205663050922,-20.371684077322765,-20.50663044705734,-20.501348689650367,-20.758723864958803,-31.41016340798042,-20.533195431479573,-20.423963980847745,-20.31247664038289,-21.357591748049114,-23.81090979084658,-28.984324762003975,-62.514123811520356,-232.34733063700435,-98.3584972159106,-21.748933319353068,-29.086265103288255,-23.16873842074376,-21.237066921411685,-20.373087931441706,-20.32954349195067
-20.57951928972861,-20.704778132184853,-20.58189837657402,-22.4185974562264,-30.161484470534162,-20.624788628632928,-22.384544801212716,-44.8830993806087,-60.67270631209398,-21.02924071322748,-20.621745206098154,-20.75312167543036,-20.747198494190425,-20.990290746562444,-31.361229300286155,-20.77389951688779,-20.673285103542323,-20.566005313937726,-21.58171685237881,-23.966601664691368,-29.10418241593247,-61.505321127946786,-229.64247669486056,-96.86418392215353,-21.954835120390694,-29.153097651536655,-23.365626605305273,-21.46255362068739,-20.62475840440241,-20.584022314447633
-20.853800419039846,-20.9803795192498,-20.85597097088832,-22.724075870371347,-30.278838925492565,-20.895516933200245,-22.642802811200628,-44.791960617544945,-59.53470229299278,-21.27751491505988,-20.89625918989831,-21.019968178671512,-21.019666399176668,-21.242340356548226,-31.248584034350394,-21.047223586511894,-20.950288088863488,-20.843271378493057,-21.827899303508122,-24.14026435085836,-29.35655060932786,-59.901969071565965,-227.91344068654942,-94.56662644175398,-22.178746724673434,-29.298729129385336,-23.619827185100302,-21.705512472437913,-20.896529745476688,-20.857623948021633
-20.29020945833126,-20.418041491129095,-20.289905866239067,-22.151898599183028,-30.06966813246156,-20.335753848896413,-22.140831947258942,-44.93643490039362,-61.59556523063501,-20.7573412963324,-20.335318561919507,-20.47072099821827,-20.465646997513993,-20.725012627771264,-31.4164718835051,-20.498361178625036,-20.38777382315749,-20.275591723024686,-21.325030744268318,-23.78831080043203,-28.969413110682538,-62.65239027130113,-232.76742638052875,-98.564696753318,-21.7189888211285,-29.078245884185584,-23.140904538773846,-21.204211122806576,-20.336407646129146,-20.292431846202398
-21.084177556086047,-21.20881302646016,-21.088499171122354,-22.937904041497976,-30.38592161567963,-21.12572041222297,-22.839603336452974,-44.8139665383633,-58.878049858974876,-21.495281417163497,-21.12461911145906,-21.244957126527208,-21.24396700321453,-21.45436443362874,-31.22282466220141,-21.26681361306744,-21.17787294307788,-21.07455201818009,-22.03354845636533,-24.292745670353483,-29.472209673206265,-59.08140009829698,-225.9307645161943,-93.36168033440147,-22.368360438544144,-29.364258904453777,-23.80145523396425,-21.912375453397793,-21.126209626734482,-21.089824908195894
-21.333372908527,-21.461357465367065,-21.33627121054336,-23.251764044618003,-30.62839206810952,-21.370041901335085,-23.09567939271721,-44.92139926833086,-57.840731236350756,-21.718530078272373,-21.376745757390683,-21.486523496396316,-21.494372744322657,-21.68408767003311,-31.10796223684342,-21.521196362681483,-21.433345940985323,-21.32751276701566,-22.259503723799604,-24.482482114472205,-29.78100460120309,-57.513555872507965,-226.59777664874275,-91.26409430236902,-22.571832442452223,-29.530057142343594,-24.056697499531865,-22.132754622805916,-21.372450764376516,-21.3371210387374
-20.488100238811498,-20.621575399025936,-20.484340486687564,-22.442872370165027,-30.158542375251816,-20.52677694921451,-22.359408401562497,-44.76602993728454,-60.296391655194086,-20.921701217313387,-20.536892286225758,-20.661516569589782,-20.668875944206174,-20.904938506060223,-31.220093601733353,-20.709996690902884,-20.59551300276271,-20.478169167375718,-21.503548175890046,-23.90358295846197,-29.307332036656327,-60.6432732380582,-232.67745948450357,-95.8041298276989,-21.875717752088867,-29.272245162026923,-23.37418885373808,-21.374259411343935,-20.530335446555352,-20.486392715326918
-20.83484392521933,-20.963872686407854,-20.83521215640343,-22.740521736508594,-30.29436064366448,-20.874544511851386,-22.64343085868375,-44.774492234025466,-59.407346988294435,-21.25351922815676,-20.879374911029444,-21.00071981040917,-21.0045091932245,-21.224715669678467,-31.206383274368925,-21.036337310552092,-20.93543945684968,-20.825434771560438,-21.81207572431249,-24.130621359531933,-29.423154914433578,-59.62497395379022,-228.90295764850708,-94.23076236144944,-22.1620334800324,-29.335459911207522,-23.629462366863713,-21.686703653501656,-20.876644674561238,-20.836836877450928
-20.343178114092336,-20.479283420494596,-20.33725275183868,-22.331208279490316,-30.11519490274599,-20.38077390489761,-22.24682454193826,-44.774735982502925,-60.60940648877407,-20.78087645717604,-20.39438874863719,-20.519409017040026,-20.529578692165778,-20.770815891721767,-31.21049775702928,-20.57567260685728,-20.45474993855339,-20.333449216281885,-21.37488299849097,-23.809779000358354,-29.28799738242507,-60.948474332842196,-234.65679849146903,-96.33181814389566,-21.75518946374889,-29.26236995852763,-23.27638590267115,-21.242933788001753,-20.385281538363248,-20.339452893087977
-20.223430120291216,-20.35835401983536,-20.21790063530791,-22.185515458834253,-30.04715015597975,-20.26311871018019,-22.129173698002504,-44.799510564485715,-61.18318966268322,-20.674474906437702,-20.273910510722438,-20.403410861521763,-20.409921872425205,-20.661713670723792,-31.282210900531915,-20.4548738931047,-20.332778497754017,-20.21206401851814,-21.26808931581308,-23.732716219594657,-29.156307661403865,-61.78389974966426,-235.03720521306815,-97.46503028847326,-21.6597904213696,-29.191921556560896,-23.15947550214696,-21.138218225226066,-20.266890637054807,-20.2203252238977
-20.569604196770808,-20.69878971356137,-20.56904567896356,-22.463566961071493,-30.16191390274391,-20.611408131766197,-22.402472275256457,-44.79414993054246,-60.36433839609458,-21.008822921236668,-20.614771800716984,-20.742392945117334,-20.743198031639995,-20.980923791570486,-31.284761979262143,-20.776798686404426,-20.669923122273225,-20.558074874121218,-21.574847366108933,-23.95586764745161,-29.22449841751341,-60.92465876575126,-230.64873515857641,-96.08263624988538,-21.945412413835957,-29.22540435329289,-23.39905594004302,-21.45062876082536,-20.613148948006533,-20.571087372888872
-20.81592321654829,-20.93575845996766,-20.823180431680743,-22.593744280129176,-30.25690184920999,-20.864018468533708,-22.562791863313738,-44.97258496212005,-60.22739233793129,-21.261103864503465,-20.853514932276816,-20.984515966859885,-20.97210605333189,-21.206522189253523,-31.38384077146822,-20.987693167210494,-20.901167765979526,-20.801604793411137,-21.78956880167573,-24.120160640041206,-29.114333215341432,-61.10509813413901,-226.7211788279704,-96.26449322654287,-22.14751368649564,-29.152591536914336,-23.51508874589586,-21.67606819348488,-20.861919655554832,-20.825036128701797
-21.190022331615125,-21.309813199421768,-21.198378329852535,-22.981405890453015,-30.405265942286142,-21.23501127929258,-22.901973681664277,-44.88706151230612,-58.872306879567894,-21.605292587262998,-21.22631232195014,-21.349251152748433,-21.341009144749705,-21.550839865283542,-31.279607374810475,-21.354499855478892,-21.275794244651216,-21.178805838905333,-22.12540966696634,-24.357321038430445,-29.40070960425077,-59.25921154131959,-223.8583216721377,-93.56398303997844,-22.455330238196467,-29.32368524584684,-23.843279335755565,-22.009699110942467,-21.233452553303646,-21.1996229655199
-21.018262428388272,-21.137577480227186,-21.026492373357655,-22.79666030629005,-30.32835206646225,-21.065100617055236,-22.742414561702894,-44.924835709028,-59.51690373979143,-21.448243827592293,-21.05471385914791,-21.181872429004116,-21.17087568223557,-21.39246031034847,-31.332462368066334,-21.184418902964737,-21.10294405180208,-21.005374189470523,-21.970665662285803,-24.245935745001297,-29.252956884449816,-60.15742969500285,-224.95758016083286,-94.87136577220991,-22.313609243224136,-29.235681642118127,-23.68712806722811,-21.856573129196274,-21.06307054781957,-21.028026310937936
-21.018262428388272,-21.137577480227186,-21.026492373357655,-22.79666030629005,-30.32835206646225,-21.065100617055236,-22.742414561702894,-44.924835709028,-59.51690373979143,-21.448243827592293,-21.05471385914791,-21.181872429004116,-21.17087568223557,-21.39246031034847,-31.332462368066334,-21.184418902964737,-21.10294405180208,-21.005374189470523,-21.970665662285803,-24.245935745001297,-29.252956884449816,-60.15742969500285,-224.95758016083286,-94.87136577220991,-22.313609243224136,-29.235681642118127,-23.68712806722811,-21.856573129196274,-21.06307054781957,-21.028026310937936
-20.822018333173684,-20.951353491721548,-20.822132570246453,-22.731647923074913,-30.29094686638752,-20.861554538119425,-22.63396222192114,-44.77313607322766,-59.42837796723437,-21.240866161112766,-20.866828060454917,-20.988124071798012,-20.992299458408446,-21.21287164666085,-31.20393997736287,-21.024713058130846,-20.92310569722619,-20.81266338454241,-21.800714133328334,-24.122420994836308,-29.423497440494387,-59.64062902374141,-229.09358816580698,-94.2613609755924,-22.15134712087546,-29.335553379080388,-23.621508598072403,-21.67502207686383,-20.863773703057138,-20.823770035712915
-20.448464091508544,-20.58083611640188,-20.445320870051017,-22.383825242314405,-30.12808895189754,-20.488460767382342,-22.31516904371628,-44.776788447996374,-60.5431198094162,-20.88841289669582,-20.496427066594766,-20.623367367255717,-20.62826888474142,-20.868969017073734,-31.257838438191875,-20.667845094769095,-20.553932781361905,-20.43761550332624,-21.467879908168115,-23.877331347208184,-29.23938685737398,-61.02906205804412,-232.53010667352976,-96.31351878738039,-21.844587719831893,-29.23526115802794,-23.32771744966258,-21.340187503152833,-20.49145286700265,-20.44746713092932
-20.856664793623874,-20.989182166815233,-20.854799978966643,-22.818069649731665,-30.369326038183438,-20.89316312256751,-22.690147079593203,-44.8013902836949,-59.065005884771594,-21.264714047305254,-20.904259284603793,-21.020620894091067,-21.03084585017193,-21.243986306374875,-31.13091945056224,-21.068127257332222,-20.963189912541292,-20.849248950348652,-21.832879683819893,-24.154481609610833,-29.558610323583814,-59.003433775803366,-230.39757618204257,-93.48125053051967,-22.176998993557177,-29.40593353414472,-23.685887348661804,-21.703042118230805,-20.896874094697996,-20.85630056913465
-20.95692337760773,-21.082290990537473,-20.960300627643672,-22.814828067936933,-30.322344976190415,-20.998861026112607,-22.728330969669937,-44.802445294848475,-59.263912172838154,-21.375838135341834,-20.998192455930926,-21.12077422222757,-21.11957327661221,-21.337220282022816,-31.242621961091103,-21.14443742773986,-21.0515798846623,-20.946621281578963,-21.919714038337883,-24.207759964957635,-29.39682642798563,-59.5809073665132,-226.89133379411862,-94.08603045062603,-22.263657839184845,-29.32148011562161,-23.697384707255825,-21.798307084364534,-20.99948441346563,-20.961815564461247
-21.1759226693465,-21.296873668518458,-21.18332574558266,-22.982297925871922,-30.40437568903673,-21.219992925360817,-22.897179455134534,-44.86466090933034,-58.83564501992461,-21.589359765362186,-21.213162182010322,-21.335274676550753,-21.328889063683786,-21.5382065890193,-31.26388216391003,-21.344598675440384,-21.26360446762904,-21.165176064703182,-22.11359320929938,-24.349149397564517,-29.425996756903558,-59.166008964923904,-224.25176380364016,-93.43610962583634,-22.44397039175602,-29.338521595940904,-23.843106095122504,-21.9965132982338,-21.218940664379662,-21.18457342652282
-21.071207384053864,-21.191824755268318,-21.078554656383783,-22.868601074368048,-30.35172864465978,-21.116438799935324,-22.799269218522056,-44.87912442885552,-59.226319850932256,-21.493592015754245,-21.10845226194144,-21.233266596255724,-21.225110013767672,-21.441626750911514,-31.296142273829965,-21.240786785714306,-21.158125983622586,-21.05941992258496,-22.01921582030005,-24.2797533522484,-29.334031491652283,-59.71336021458641,-224.83807465362324,-94.22564114199753,-22.35761697464009,-29.284571046744386,-23.74738229221827,-21.903156495346643,-21.115075722992742,-21.079979104539834
-21.028446241623058,-21.15052446500155,-21.034526487426355,-22.843634461828334,-30.336945274573164,-21.07272697386432,-22.770351382952,-44.85142321905724,-59.265803859606734,-21.45038901896986,-21.066928575970852,-21.19128850441331,-21.185174169416538,-21.40262038184065,-31.282432478114377,-21.203763389593174,-21.11771700773625,-21.01704681632408,-21.981849647658414,-24.252404730697698,-29.34673542279751,-59.71254634479979,-225.48296134455092,-94.23331180166593,-22.32267018930423,-29.2924360041737,-23.72522908702555,-21.864191808284293,-21.0719618022042,-21.035993352607687
-20.866581390592852,-20.994974439305643,-20.86749633443818,-22.76437878914281,-30.3045597220554,-20.90658153054553,-22.667787216875496,-44.778074050478736,-59.3456375943085,-21.284503286747334,-20.91052719841797,-21.031842852885504,-21.034892828676362,-21.25399407901991,-31.209975923071305,-21.065469627167747,-20.966167480150492,-20.85710256702943,-21.84023784408663,-24.151122068896232,-29.426503611265474,-59.56755687136269,-228.48311147173257,-94.13275069365659,-22.18838264130185,-29.33749209853015,-23.650471309995293,-21.715502666945746,-20.90844270076038,-20.869086155843206
-21.04071280638409,-21.16985575148093,-21.041716599796516,-22.959775405222743,-30.428317304904347,-21.078654660522982,-22.83363725070804,-44.81146833395536,-58.69538410545921,-21.44376514501538,-21.08515782055605,-21.201137029109844,-21.207600187329987,-21.41421550653294,-31.150484355790482,-21.23832394880337,-21.141950538136385,-21.033052094203914,-21.996787462276263,-24.274134060249544,-29.587701406121305,-58.64348084935208,-228.01361460584306,-92.8599710820707,-22.33059059787267,-29.424834605111208,-23.81133641431228,-21.870223330010415,-21.081131707119468,-21.043011152922265
-20.67993433030912,-20.816564367981726,-20.67491215383178,-22.69746477922874,-30.33969452221416,-20.714357108969903,-22.55960770569721,-44.82897499519305,-59.357221034540345,-21.090503788490132,-20.731339790321105,-20.846790227527773,-20.862111064299583,-21.079691345084786,-31.09337472899239,-20.906732745088167,-20.792958971275088,-20.673221118187367,-21.67553557027926,-24.042800732950045,-29.564116879778005,-59.21613373220215,-233.3024611050118,-93.95937390026072,-22.027878502355353,-29.4044044960442,-23.575156949519936,-21.541424025378213,-20.71961881382149,-20.676573363822406
-20.344583390704567,-20.487360618441155,-20.33487567968747,-22.444445264498597,-30.258492997924407,-20.37658880895244,-22.299743466761537,-44.895489706001385,-60.04394727350467,-20.76400050593445,-20.401642104504624,-20.517474745397408,-20.53938575021585,-20.767565277452398,-31.055669499052534,-20.59484859088995,-20.467089222897542,-20.338371709552653,-21.376319647653073,-23.825729719261748,-29.524700111743478,-59.85881698170016,-238.2272323358592,-95.18101002029245,-21.745622329756333,-29.378330041025762,-23.348545154230024,-21.236068537140916,-20.383999938054355,-20.336859367014224
-21.39022758837996,-21.508775899732605,-21.40019702294626,-23.17369409101713,-30.504537300261806,-21.434698985510742,-23.076619991646382,-44.915169850568134,-58.28373636966997,-21.79342297287378,-21.42507360148838,-21.544667517202438,-21.536502247009526,-21.735008030591036,-31.253482301627102,-21.54653829260895,-21.47434667016871,-21.380054442417737,-22.304717330151686,-24.490422906925282,-29.51949562960923,-58.495690969454,-222.3732027916758,-92.45771028301941,-22.62032626518375,-29.393643944269805,-24.00692497850431,-22.189376191823648,-21.43287546002552,-21.401131668096728
-21.577414890609674,-21.693750258248922,-21.589773277530025,-23.339766082384234,-30.596929733537884,-21.622357178021566,-23.2330287763148,-44.97755215730858,-57.82264204079783,-21.972036151345446,-21.61008787348133,-21.727565355513146,-21.717596855035257,-21.906761030463592,-31.248988233860622,-21.722357891166332,-21.65826243181317,-21.56770614569269,-22.471744116466528,-24.61463534831377,-29.60028361369737,-57.93735143050854,-220.8137777958691,-91.65033987810209,-22.774409299084734,-29.442149856286257,-24.14946286899609,-22.35798778705405,-21.619803232272762,-21.59042585665867
-21.049966402633135,-21.168400519180853,-21.058996556769635,-22.818377803401354,-30.34190244394795,-21.097325942109194,-22.76540185373654,-44.94488389300244,-59.47045517075641,-21.479712391611002,-21.08567885330484,-21.212914796585157,-21.200769615434417,-21.421325351738222,-31.33828695935901,-21.212489919561314,-21.133259353839062,-21.036899262153103,-21.99843456994379,-24.266482140193663,-29.25050635491829,-60.125372303061525,-224.56061431609885,-94.8262303710184,-22.3393362873323,-29.23357925891763,-23.70576057778563,-21.88527264931348,-21.094947522001593,-21.060493471680356
-20.53819003617527,-20.67211347467455,-20.534301663054265,-22.50300112234083,-30.19176053440957,-20.57605206199082,-22.40853475000137,-44.76517657399182,-60.0729468503026,-20.966587449204244,-20.587287273538212,-20.710079181635013,-20.718865692835386,-20.950739280528314,-31.193922489128784,-20.76038927202037,-20.646456558197098,-20.528910289962976,-21.548368161363186,-23.937460415425207,-29.36107837281397,-60.318179618568294,-232.56651371821982,-95.36419707968847,-21.915942556260692,-29.300863269161894,-23.42269584763527,-21.418279078215694,-20.579894338219585,-20.536262496352016
-21.047871679907683,-21.177866300381147,-21.048340679588588,-22.98067091273855,-30.451677693905012,-21.085025487573375,-22.846883410013497,-44.82488237619938,-58.61151871202725,-21.448323672170996,-21.09309641953765,-21.207779033443057,-21.215834786880556,-21.42066603132276,-31.132635732816276,-21.247873843198057,-21.150561599711754,-21.040707890591584,-22.00356031914354,-24.282262760875142,-29.622166009896958,-58.49153488404428,-228.4149046727503,-92.67855677822132,-22.33581507488887,-29.442363150037597,-23.8266932822473,-21.875896947095544,-21.087898635619112,-21.049603122271275
-21.058925293692692,-21.18782945468407,-21.060155326645393,-22.975337900659852,-30.436373111473735,-21.096929668740138,-22.848596372751082,-44.814460879875796,-58.652201250284975,-21.461244793734863,-21.10314479188509,-21.21895957042447,-21.225216285852806,-21.43102487779807,-31.150613334248632,-21.255433080718078,-21.159800372482124,-21.05129047077113,-22.013042736898743,-24.286301101688686,-29.59396969504591,-58.59430087152498,-227.8306596912186,-92.78392344037266,-22.345696668711454,-29.428459755440667,-23.824794966029284,-21.886680779863635,-21.099326946537307,-21.061426507760064
-19.801444105571,-19.943631284606674,-19.790060896444523,-21.85495680740524,-29.92718781269266,-19.838445989017156,-21.799751982326814,-44.867553800987395,-62.17748662295239,-20.265909919163082,-19.858568401547767,-19.989842114723917,-20.003581771612158,-20.271171921774517,-31.27525378441545,-20.062010367016164,-19.922263284591022,-19.7904734907814,-20.894222727480624,-23.461150639505185,-29.095810778184365,-62.78388825683666,-240.92520463658087,-99.17015346268467,-21.310107423933136,-29.167168099022895,-22.87301116708706,-20.756914561318958,-19.844765715098774,-19.792900525251028
-20.423709486271395,-20.56198131396142,-20.41675273452917,-22.452348493243175,-30.199681774047672,-20.458777072560316,-22.33701229540117,-44.798806344594006,-60.1247686419372,-20.84906031229453,-20.476696263856198,-20.596745651167197,-20.611776713829467,-20.84342472919009,-31.133765448873653,-20.660558134275078,-20.539033429661643,-20.415789180757212,-21.446887751511028,-23.867504057369402,-29.42528286942712,-60.18600793383985,-235.2530025997686,-95.3719993476612,-21.817376942613887,-29.332697448445288,-23.36964233228339,-21.311869716015153,-20.464374433567844,-20.418760481498765
-20.726152198450727,-20.85634650947272,-20.72536308578526,-22.64358617316258,-30.247472037973658,-20.765724297080425,-22.55256712557377,-44.767839952100644,-59.70075866514669,-21.150092603290236,-20.771826919628626,-20.894477578364917,-20.899000713367148,-21.124558158047382,-31.214479562795937,-20.933404492162307,-20.828494017821292,-20.716456317594133,-21.715222901015,-24.05890220713042,-29.37831124312368,-59.976020766854994,-229.96497541032494,-94.758961380787,-22.072425494845753,-29.310661710154783,-23.546787311240255,-21.588927836331248,-20.768180605035894,-20.727130476232084
-20.96976062444922,-21.095305899932914,-20.973047613548925,-22.83087435996717,-30.33088926930924,-21.011434021239364,-22.74136773483723,-44.800521706805974,-59.205099433990966,-21.387225569333857,-21.011152522782055,-21.13322971475396,-21.132493186395944,-21.34904797997673,-31.235881004539248,-21.15759434746082,-21.064745009432183,-20.959656758123298,-21.93133320508416,-24.2166031311307,-29.41260029806857,-59.493182242973745,-226.87530143751138,-93.96411382550862,-22.27414697654745,-29.33037496448243,-23.710559496849115,-21.809634714884222,-21.01215891120716,-20.97453807445219
-19.892457357196665,-20.036006581330167,-19.880590372215767,-21.975383322748513,-29.986596159754583,-19.927465402587472,-21.89254975302833,-44.85538593143126,-61.6680476143156,-20.344928057492474,-19.95052364659018,-20.077571029550256,-20.09498760647099,-20.352997426977073,-31.199897559838597,-20.154747323906008,-20.015692219752584,-19.882998579756425,-20.974605482142195,-23.518357321071598,-29.21285333729966,-62.024291365367176,-240.88069129751568,-98.18641577212182,-21.380272466848595,-29.2265879588017,-22.96631084250952,-20.83516716760194,-19.934541391378584,-19.88323855151185
-21.21882483318902,-21.34196600010506,-21.224696212220604,-23.057847965805244,-30.44895019669869,-21.260600554523435,-22.952322636220728,-44.8405524386925,-58.53194379105517,-21.623600314315617,-21.257800752856028,-21.376559474924374,-21.3745025886931,-21.578262206242066,-31.216671473527185,-21.393916863815683,-21.310296938611554,-21.209549262116916,-22.153690906816855,-24.38224127466393,-29.52956893688547,-58.664859127299316,-224.72128977822487,-92.7450184113512,-22.47942143706997,-29.397416199265034,-23.904166890712123,-22.033640064585335,-21.260616292835614,-21.22583363797399
-21.136453111529924,-21.26112943372429,-21.14091685838719,-22.993456504537832,-30.417689648027004,-21.177535759486922,-22.887926606707758,-44.81970863151405,-58.69772509772197,-21.543544367460655,-21.176855891029973,-21.295874586453596,-21.295567476890042,-21.502538837641747,-31.209304000358586,-21.318175310803895,-21.23033687336248,-21.12728101303184,-22.08055471247852,-24.32877957469571,-29.514557954931263,-58.83205369553377,-225.6829804303288,-93.00881980968042,-22.411346994492842,-29.388092316734287,-23.8479135337965,-21.95904710599423,-21.178125842392145,-21.14215735329908
-20.925900932272285,-21.055127454209618,-20.92644008206927,-22.839674990030588,-30.35267991195314,-20.964686072570093,-22.728515639470103,-44.78506892182228,-59.075807228623496,-21.3371869084045,-20.97049912306535,-21.089314858712363,-21.09455347543066,-21.308482830457056,-31.177788641163826,-21.126151439031286,-21.027027118239047,-20.9173433915929,-21.893785206665335,-24.193622428934887,-29.500611447542322,-59.162273113957944,-228.5299760248383,-93.58618974094645,-22.236436188583774,-29.377649612291513,-23.711428924449606,-21.767706580795004,-20.9670207711733,-20.927915388008326
-20.756861444529484,-20.88325466234562,-20.758878121141283,-22.619684375523466,-30.23101731792336,-20.799563540798907,-22.553077644051587,-44.80562663475266,-59.90234057181801,-21.18875065572854,-20.799388734094233,-20.92559424515544,-20.923797838160933,-21.153191662578795,-31.28091957132449,-20.951568141616725,-20.852839819353594,-20.745429050049644,-21.74096798105862,-24.076723565406336,-29.27581977466398,-60.41157227971659,-228.50126417517794,-95.29336274996808,-22.099462017643155,-29.25298484890849,-23.532873457819107,-21.619332116714205,-20.800336025471793,-20.760690409046443
-20.25628308295966,-20.391070251385038,-20.250941297599883,-22.218141732032997,-30.06019453443439,-20.29580239384807,-22.15800436424642,-44.79279372804416,-61.06624385719088,-20.704982410509864,-20.30658172999022,-20.435426907970033,-20.442126453420958,-20.691859068967997,-31.272848963830256,-20.486675683367306,-20.36546370525728,-20.24511995588445,-21.297287650338035,-23.753562645060025,-29.176401150889216,-61.63124573242559,-234.74387808955134,-97.24409440927141,-21.686486572450054,-29.202610164859664,-23.186550988539793,-21.16743205798577,-20.299568465370015,-20.253318385314486
-20.734867758223757,-20.86319080370436,-20.73541649313214,-22.62462838197947,-30.233103061028018,-20.776028609094546,-22.54680921987771,-44.780781054647214,-59.82291163347299,-21.163212123440935,-20.77898014924325,-20.903597419962814,-20.904923836474058,-21.132861272524163,-31.249601528825053,-20.936143967800394,-20.834059391403407,-20.724262196260174,-21.722236376484915,-24.062940243863242,-29.322406008831763,-60.22303211104429,-229.23945477392743,-95.06105441330527,-22.08069904765874,-29.279785855604434,-23.534309751013197,-21.598261573799693,-20.777646202623306,-20.737217408601147
-21.400561694417,-21.519198685359967,-21.41049444641045,-23.185680792663636,-30.51122356116238,-21.44487144157246,-23.086741007702827,-44.91484773431708,-58.24356007700061,-21.80277940755976,-21.43546040801489,-21.554725431171995,-21.54682937190821,-21.744579713103427,-31.249911604468128,-21.556970533462852,-21.48485308394863,-21.390519245257426,-22.31410471077157,-24.497681735524974,-29.53044172925091,-58.43714308492309,-222.3460019154325,-92.37402228874453,-22.628906256581203,-29.40002596370709,-24.016997600362,-22.19859225739542,-21.443103984916238,-21.411410626023176
-21.09752583754724,-21.223807523620565,-21.1007017090231,-22.97616401598473,-30.415901856925217,-21.137507864011745,-22.864123528242185,-44.80978108842912,-58.71212311209693,-21.50350575856938,-21.13936920264333,-21.257462564038956,-21.25953412698757,-21.466749874654475,-31.189853822367404,-21.28514479011869,-21.194044419366268,-21.08885734787532,-22.04646504863617,-24.305670988361463,-29.5367201587213,-58.786624454057,-226.49751784598976,-92.97929368200928,-22.378825964670046,-29.3994504557076,-23.830765863579547,-21.92316690494023,-21.138771256282457,-21.101970905107454
-20.44819886023843,-20.578120156476018,-20.44676937536025,-22.346774203758528,-30.115031366564395,-20.49040390488259,-22.297452928192484,-44.81215342375538,-60.76536048842695,-20.895330027113218,-20.494250316191366,-20.623954435137776,-20.62452851770613,-20.869392011512225,-31.311255401485184,-20.660031081944183,-20.54952495564075,-20.436040276728946,-21.466778947065386,-23.878655542305964,-29.15669605207453,-61.43879840129341,-231.78403218282645,-96.83611014699933,-21.84621234118718,-29.18795522730199,-23.301014397040767,-21.342252781147558,-20.492277901834164,-20.448984563708343
-20.80887450077167,-20.940205194216666,-20.807599870019164,-22.7486263569141,-30.31360367922028,-20.84677335801148,-22.636991169441462,-44.77694513661417,-59.318300786495556,-21.22349276106931,-20.855432194942967,-20.9745847304302,-20.982131086943774,-21.20036497050118,-31.16768685442065,-21.017869146407314,-20.913308653036026,-20.800452877598186,-21.789690506133937,-24.117518501861486,-29.48084706502602,-59.403079569334345,-230.0164195802692,-93.99132608379082,-22.139074931080497,-29.36565343873938,-23.631382268429427,-21.6615658251138,-20.84987665924954,-20.809207119506972
-20.980512865030832,-21.10845629631385,-20.982121565880053,-22.87774963800166,-30.366917807650907,-21.019979485404704,-22.76900818669451,-44.7906833214777,-58.985559555704825,-21.390996006204308,-21.02393147596243,-21.142947244873188,-21.146570054365856,-21.358908614029488,-31.188180184300613,-21.175704699841745,-21.079585327473204,-20.97173885592145,-21.942213217135393,-24.228416317123603,-29.50022513428011,-59.09300984623697,-227.7254422441876,-93.45229825704914,-22.281978767188907,-29.378242181923195,-23.74564563432025,-21.81745724020764,-21.02181661162296,-20.98354060418741
-21.031074019121178,-21.15939940570901,-21.032595162442377,-22.936962888036604,-30.406121201293992,-21.06980101952993,-22.818450887316956,-44.80206116767265,-58.78642353204556,-21.436854917748406,-21.074786411590498,-21.192051143892286,-21.196952232130663,-21.40543796701821,-31.168250207063515,-21.226403681595123,-21.13090694673818,-21.022912684374866,-21.987776070100054,-24.264754135077116,-29.55261347869424,-58.803422346473496,-227.66825290112587,-93.05739163158438,-22.323225292946898,-29.40659708120414,-23.794145662032474,-21.862281317538653,-21.071891783084993,-21.033924524071292
-20.70396971694162,-20.83627216246501,-20.70169476804307,-22.652881761320078,-30.264433251484853,-20.74187665225191,-22.548096336723088,-44.76871701617216,-59.609496004400924,-21.123965900115767,-20.751478313172747,-20.872083929256036,-20.880064746184154,-21.103620421594684,-31.17763445526975,-20.918008717166014,-20.809829622086102,-20.695197416659347,-21.696095027645274,-24.04732352088807,-29.43284521178975,-59.75838992884792,-230.96591827084907,-94.52176728570362,-22.052560910035325,-29.339493228124617,-23.5500240709912,-21.567260957913206,-20.74525284077686,-20.70344117499498
-20.66162846934328,-20.792422813147027,-20.660221692026,-22.58466301918252,-30.219377603043498,-20.701209574523894,-22.498009122164362,-44.76637388022701,-59.88479947183896,-21.08897142638879,-20.70790693514903,-20.83144265550135,-20.836230727061057,-21.065122817168707,-31.221706264968,-20.872000745712455,-20.76485368109069,-20.651714878098517,-21.657727760127717,-24.01641023354821,-29.348896355029403,-60.201250919177156,-230.57489753809838,-95.0945492376801,-22.01933596891628,-29.29456939203753,-23.49680343536824,-21.530993887143488,-20.703834496649247,-20.662075268206827
-20.81838420404112,-20.95356827536607,-20.81475456249783,-22.820712656145584,-30.40674978296626,-20.852941956834346,-22.675850846538502,-44.84461503810347,-58.99896412785694,-21.2225799594301,-20.868448983681404,-20.982182337360545,-20.99664243083046,-21.207723824530976,-31.08669401913118,-21.03817194504601,-20.929262753105206,-20.812035097447716,-21.799226240713946,-24.136926886185172,-29.620941564515128,-58.79265672896352,-232.01264337817997,-93.31012073414665,-22.142664286444173,-29.435117250782305,-23.68067881980332,-21.666256914553497,-20.85777524200833,-20.81624184839613
-20.702665629158723,-20.838003468878362,-20.698488532558088,-22.700333822326442,-30.32412645024018,-20.73798776385174,-22.57036718697598,-44.80690030421913,-59.37699382480081,-21.114848177213958,-20.752882414139734,-20.869511602534033,-20.88283901316096,-21.101232952845002,-31.11440626177554,-20.92542735209601,-20.813599599134882,-20.69546642580383,-21.695660944807674,-24.054484125484738,-29.536634760885793,-59.30282657826974,-232.48762687492913,-94.0156850275396,-22.04811440788981,-29.39171953591371,-23.58129526004168,-21.563048651687563,-20.742716948653918,-20.700152019272977
-19.89578416037906,-20.040177040576378,-19.88346676250355,-21.99350770105727,-30.002513285145618,-19.930047261544683,-21.902003718994923,-44.86537522168713,-61.573267460920746,-20.345441382471066,-19.95454857938753,-20.08034833175202,-20.099303366068014,-20.35524292007714,-31.176500980358405,-20.160182247006393,-20.020408793718993,-19.88680856963607,-20.97741848928909,-23.520991612125822,-29.24583279876836,-61.85301944790487,-241.2796835292055,-97.99874447317876,-21.38124117879344,-29.24306041155264,-22.978241072212388,-20.836906677239458,-19.9374953654792,-19.886079133674187
-21.128442411387176,-21.25318586019183,-21.132830430486624,-22.986009292346925,-30.413645467068235,-21.16953048188567,-22.88105955997737,-44.81825660211061,-58.719839726880764,-21.535962199028926,-21.16891326993732,-21.288050813549155,-21.287768553952468,-21.49516250373447,-31.21004031290007,-21.310541440094322,-21.222421557128396,-21.11923851644807,-22.07339298670029,-24.32339359331586,-29.51045350966816,-58.85975813091899,-225.74693653271058,-93.04932677875442,-22.404740899700826,-29.385749717103426,-23.841574253508135,-21.951845308817077,-21.170138710682792,-21.134082484848562
-21.12960044366008,-21.254802071085265,-21.13365929648361,-22.993941382403175,-30.420493630337866,-21.17027478288086,-22.88553570860536,-44.816746951464076,-58.682717757973535,-21.535894009120028,-21.17046579507994,-21.28904294513402,-21.289582731528252,-21.496265712235,-31.201603921937664,-21.313144097885253,-21.224359835685334,-21.12064133692597,-22.074698908944924,-24.325273628648098,-29.5263631696967,-58.79025951444674,-225.91712987606144,-92.96025718772125,-22.405571268058175,-29.39440134310938,-23.847478985042656,-21.952573990603987,-21.171094614058255,-21.134899947753542
-20.765841175666996,-20.895892456752073,-20.765279061343534,-22.683292247607774,-30.267997442401484,-20.805210109377665,-22.587836843651374,-44.769117940424515,-59.57036230358724,-21.187097679807284,-20.81133755447734,-20.933170976906908,-20.937927850710313,-21.16107796903212,-31.20570537053233,-20.971860068441092,-20.868023229124272,-20.75639771725141,-21.750691919579324,-24.08546920804876,-29.404128311877383,-59.803967954250204,-229.6851368030911,-94.51216100781485,-22.104939360645528,-29.32477409038891,-23.57998953134275,-21.624380503741435,-20.807665142753628,-20.766987383121727
-20.384656024197874,-20.521280402918727,-20.378545439472507,-22.383665458801012,-30.14543498708955,-20.42145011735439,-22.288614105308962,-44.77585435454277,-60.40785785685622,-20.81757789899575,-20.436248668439557,-20.55952795225355,-20.571151140726325,-20.808566908348208,-31.184236783509654,-20.617773445544717,-20.49717480595613,-20.375546138724427,-21.411910990347913,-23.837891173556624,-29.337678491292834,-60.64964066189698,-234.63948298488765,-95.93658858410656,-21.788092308504798,-29.28829044569392,-23.318050998073687,-21.27912131140417,-20.426257470350357,-20.380664947554852
-20.60139491676303,-20.728062133760307,-20.60276885491563,-22.4607851531115,-30.167728136127174,-20.645194975579873,-22.41379702837443,-44.83689017259005,-60.463808453085605,-21.045209150554065,-20.644562835628758,-20.774084070772638,-20.770872390855256,-21.01036065049577,-31.32560547314872,-20.79995204245384,-20.697540835841092,-20.58880398091651,-21.602048309883415,-23.977910138272303,-29.166034462914517,-61.1649731573434,-229.74732712641418,-96.38461788531836,-21.9723912994012,-29.19039768733295,-23.39978757660072,-21.480914230795364,-20.645840011136432,-20.604823566266152
-20.38120564729888,-20.516583134568243,-20.375866623033946,-22.35983808549001,-30.125807233468667,-20.41911613787672,-22.27606058251755,-44.77146479260961,-60.53043450515063,-20.817940800688728,-20.43175081897668,-20.55671858917974,-20.56608667544468,-20.806050103660418,-31.213882633318512,-20.610829721190033,-20.491623051612095,-20.371402773347867,-21.408641907497536,-23.83435956473175,-29.291576349464385,-60.87486728484284,-234.1150207207325,-96.19970786622552,-21.786886754006733,-29.264133895080338,-23.30160987483627,-21.277441074868722,-20.423358580482663,-20.378029740492636
-20.085639984994504,-20.23021456389788,-20.073954311660277,-22.199472977542634,-30.12236192520602,-20.11820297589104,-22.076590458857666,-44.8819690834594,-60.82934740658847,-20.519716409023737,-20.144387003519018,-20.26475416617245,-20.286522873451784,-20.528687419194092,-31.099310064830213,-20.346273122649688,-20.21076744485638,-20.07830362238749,-21.14575732408487,-23.64937589063845,-29.394235637454116,-60.835331606275105,-240.37554348264453,-96.61858875897066,-21.533218820559227,-29.31452148255172,-23.14381525583592,-21.00430260181712,-20.126010588510145,-20.07627024080047
-20.199849816228543,-20.32985195533993,-20.19771160844257,-22.08749936563762,-30.03594083781978,-20.244241441539277,-22.073811846249768,-44.91403630773998,-61.75824017257558,-20.66823841454918,-20.246784318311057,-20.382164172509096,-20.37969581691557,-20.641929782800233,-31.405419975915883,-20.41662144853891,-20.30086635974056,-20.185618500627708,-21.245600473749683,-23.728775002099717,-28.97263233624436,-62.78217602614009,-234.0035770344006,-98.78111679109512,-21.644876655801255,-29.083827323355116,-23.08564250327796,-21.122396070396423,-20.245725436540425,-20.200322557880362
-20.450512857083183,-20.584281289701146,-20.44644027385351,-22.40770530796506,-30.14247658918517,-20.489250414789897,-22.327292091066052,-44.76808677493052,-60.41152346583064,-20.88628647318546,-20.499609973376113,-20.624821342217707,-20.632222762363998,-20.87033461035553,-31.226262918288064,-20.674031556378132,-20.558347788452625,-20.44042621864354,-21.470089087812116,-23.87899705357854,-29.288733804307135,-60.7868523664833,-233.02959746331857,-96.01648387956301,-21.844897921971974,-29.2623402985084,-23.344591416790948,-21.340606101003917,-20.49287996676519,-20.44854292482856
-19.973105883918077,-20.11686569790541,-19.96141259197946,-22.06518954965854,-30.034359271608977,-20.007251725852207,-21.96756774485287,-44.85420023624178,-61.329938770735225,-20.41835282965529,-20.03124584482887,-20.15582991230768,-20.17470078517192,-20.426491673822667,-31.161931592088212,-20.234196854637986,-20.0967963795123,-19.964426493165114,-21.04603362294945,-23.571559463844764,-29.28072760303624,-61.55505734747328,-240.49667374689753,-97.55241001100393,-21.444474691631555,-29.2598677235449,-23.038136575728803,-20.90601304719811,-20.014546499754843,-19.963929067258977
-20.81347803589989,-20.94259836548764,-20.81371295058166,-22.719373608300632,-30.283269763297916,-20.853274058655543,-22.62453484589194,-44.77320577304154,-59.4755786776568,-21.233548754699065,-20.858116798769903,-20.979883066615667,-20.98357489224036,-21.20504794731411,-31.210616598773413,-21.015682680895424,-20.914183423392505,-20.80394049922373,-21.79297361812159,-24.11627670676558,-29.409672182479873,-59.714427087371945,-229.05548993357897,-94.35949580937987,-22.144501014119072,-29.328036057381233,-23.611720893706888,-21.667594031333394,-20.85538176360328,-20.81536930141823
-20.501068823962747,-20.637689298973186,-20.49537084776111,-22.507255223388416,-30.2156441485213,-20.536909910481327,-22.39514282208825,-44.784851720253094,-59.982591464137826,-20.924973405369197,-20.55254270825741,-20.672778433641085,-20.685870350132312,-20.915384311003884,-31.14629942470114,-20.731728387228788,-20.61378443544246,-20.49290827797989,-21.51572934854571,-23.917057816628635,-29.426391821500097,-60.07019852792556,-234.0290276313435,-95.1326217716896,-21.882487049094266,-29.334095020726853,-23.419287292987136,-21.38243098035647,-20.54189861053633,-20.49730975715921
-20.25765722980949,-20.394432130626893,-20.25103237782948,-22.251262518050453,-30.079628005182986,-20.295398065629076,-22.173884755979568,-44.78290516265578,-60.875710672180105,-20.700332199838147,-20.309559121521605,-20.435925195627362,-20.446173169838875,-20.69208312140102,-31.225659293691344,-20.49380989345641,-20.37019780474085,-20.247577355051703,-21.298841530487135,-23.754043947558543,-29.246521376497338,-61.27941520459879,-235.48242016253567,-96.82261070942266,-21.685161930508553,-29.240830186102304,-23.209289734362937,-21.16643023804861,-20.300065782889405,-20.253344942565
-20.441420101407367,-20.58057205267686,-20.434029521145234,-22.485915161025186,-30.231453515117394,-20.475612694698693,-22.360116516159607,-44.819856203236625,-59.98954830054457,-20.863081820805085,-20.495180323318888,-20.61353901891687,-20.63033965081652,-20.859111305060505,-31.108213807784182,-20.68023923815999,-20.55821472325232,-20.434103264252876,-21.462728949822466,-23.882154351084566,-29.469811433161816,-59.95984742914088,-235.65852748831577,-95.10717629877813,-21.830360366565344,-29.354558652875454,-23.39437383256777,-21.326543968027362,-20.48161990137293,-20.43598230718534
-19.843617596769455,-19.983057878758043,-19.8340532153099,-21.8545143682287,-29.925397799168145,-19.882696905043375,-21.817881862339547,-44.873201235250846,-62.2883498258029,-20.313305875613953,-19.898517436735176,-20.032145881902576,-20.041560193819528,-20.31187957597721,-31.32923883637904,-20.09567617605791,-19.959879510395524,-19.831487193867456,-20.931626505414286,-23.49176290615116,-29.029238418418238,-63.069945133228316,-239.59615545571003,-99.45108527017038,-21.348475240742815,-29.129488139056733,-22.8794370442927,-20.79772381968589,-19.887851478676676,-19.8369263083134
-20.382458579615033,-20.521001729258224,-20.375191702439874,-22.412993108768386,-30.178839399922758,-20.4176301097764,-22.301319440555698,-44.797350305032694,-60.25165158153847,-20.81023114688299,-20.43571430196095,-20.55649185735822,-20.57147926472288,-20.80541008601286,-31.14098067979582,-20.620931391645566,-20.49816594944293,-20.37434660574134,-21.410133583861736,-23.839708678919553,-29.403431524505674,-60.34588547199563,-235.59284726649022,-95.60580897659743,-21.78355323119551,-29.321509481718188,-23.336706702538383,-21.274953790891338,-20.423283530088582,-20.377254576882166
-20.174401353144596,-20.31168266861372,-20.167193101314115,-22.171061739174064,-30.044899177494784,-20.212419482386363,-22.101887319369897,-44.794268012018875,-61.15287524691886,-20.622424741075488,-20.226864346660115,-20.354725314306243,-20.364778922267337,-20.615556607008486,-31.24491309153852,-20.413687427667575,-20.287640752530205,-20.163899354606123,-21.224861173860663,-23.70023095458165,-29.201322134426118,-61.632336370838004,-236.24993960282518,-97.3383717038919,-21.617281840600036,-29.217414881479392,-23.14248236491888,-21.092183777979642,-20.217175836619017,-20.169619453253578
-20.378078369953286,-20.514978878212133,-20.371775592747916,-22.38119061806581,-30.146092797114864,-20.414688581772847,-22.284702305501575,-44.77770820134257,-60.408307163675424,-20.810742390751134,-20.42991477495825,-20.553004241919382,-20.565032380784885,-20.802381155035327,-31.180147549334983,-20.612110199571205,-20.491047599441963,-20.369061223923566,-21.40608409265203,-23.8338408264438,-29.342339473034613,-60.637248186162594,-234.80416699357463,-95.93148593592996,-21.78239133322113,-29.290679165644157,-23.315301173758456,-21.272976541427006,-20.419608600572676,-20.373896764330635
-21.14179240200972,-21.271806750574413,-21.142612425376424,-23.080534529188466,-30.524493841987326,-21.17820370805219,-22.933967643599996,-44.864799175705954,-58.30737138417105,-21.53554076048697,-21.187037947465104,-21.29920501564747,-21.308406384934457,-21.507189616293452,-31.11085012094059,-21.339817835863478,-21.244723359023176,-21.13540298297938,-22.08795993913537,-24.35053072242964,-29.697000598620527,-58.07193164817042,-228.15321897502344,-92.10185185292534,-22.412841094626327,-29.482091205990123,-23.90943712653584,-21.959767639934128,-21.18123055435303,-21.143724245727014
-20.96232747844008,-21.09157333430196,-20.96298072548308,-22.878469860794233,-30.37669140285452,-21.000803100981422,-22.76217883461657,-44.79219322232598,-58.95033579775658,-21.370860865056798,-21.006912250268098,-21.124776367095876,-21.13048631192167,-21.342014806008425,-31.167984639106994,-21.161885738953615,-21.06356583102964,-20.954078551874815,-21.926469965652235,-24.219095307228866,-29.529714405470976,-58.989297569408784,-228.37639462912622,-93.34491138656506,-22.26626221253611,-29.39342111355205,-23.743601158331945,-21.800182030746495,-21.003203971772187,-20.964397657597196
-20.670258016169143,-20.798583676220392,-20.670610908640082,-22.55673597360587,-30.202117812183893,-20.711966277792282,-22.48792957593495,-44.78865376829246,-60.06060137070532,-21.10374493327388,-20.714510972987316,-20.8406766611136,-20.84121550975171,-21.07348311175556,-31.26960315423336,-20.87279995282697,-20.769323643602345,-20.659116090733985,-21.66443287594616,-24.020749205256493,-29.272899584153265,-60.54721917692529,-229.6727269252694,-95.52397794607973,-22.02793597458012,-29.25210572936379,-23.477795576438456,-21.540789424633207,-20.713480054865673,-20.67251452440094
-21.20018354943917,-21.318559139103485,-21.209698948828272,-22.973447942868923,-30.405422686917923,-21.246350641819735,-22.90157172996845,-44.91990424797484,-58.94120344518238,-21.618224950914986,-21.23536115207222,-21.359402335449094,-21.348829683990225,-21.559677312603974,-31.29997603132486,-21.359619567401833,-21.283628604238558,-21.188339524770512,-22.1334311236543,-24.36302845550693,-29.364958296864486,-59.40455436175051,-223.4620650640056,-93.7723120178522,-22.46319773920425,-29.30222892013346,-23.83735102422743,-22.01943381790535,-21.244166187107833,-21.210949929613133
-20.28105625360083,-20.415683681033393,-20.275894262446236,-22.241855740079238,-30.06984262521818,-20.32049970381789,-22.17934520492856,-44.788679639951646,-60.983945634206876,-20.7281674479768,-20.3311743150344,-20.45959266514922,-20.466332558000428,-20.714622406401126,-31.267238127605555,-20.510487296458766,-20.39001457675984,-20.27001524544069,-21.31930043148509,-23.76938720967064,-29.1896242631243,-61.526698942582286,-234.5062350986347,-97.0906597699101,-21.706691690032184,-29.20959939529822,-23.20636107069753,-21.189530146983817,-20.324235402742026,-20.278237286380204
-20.039871868397388,-20.180665446131098,-20.030085379472553,-22.08587549213947,-30.021577787150065,-20.07598186421145,-22.005778923492283,-44.818431041971095,-61.348634407327154,-20.488471528723593,-20.09543955516188,-20.222264956501608,-20.236773725999765,-20.49005544292768,-31.210861295360196,-20.29170900454496,-20.158765791242953,-20.03014742514165,-21.10551856409647,-23.613389255444797,-29.224319955603256,-61.72831857577741,-238.63951007966756,-97.6312585767147,-21.50357156312454,-29.231002095921156,-23.063933900654003,-20.968957394294325,-20.082084841483265,-20.032603226978633
-20.788361027843777,-20.92414255834344,-20.784263652431754,-22.7986514244777,-30.39977235517609,-20.822654707082087,-22.65287986431634,-44.84833596425699,-59.055645415235794,-21.193235631963134,-20.838981099106597,-20.95268839944542,-20.967834907870536,-21.17982362017413,-31.082144949244245,-21.010445399183006,-20.90016938206477,-20.782078367959638,-21.772444012057374,-24.11762785539564,-29.61839564817965,-58.84293400455373,-232.45756002110994,-93.40792582637926,-22.11738877715017,-29.433018136753013,-23.66076270219008,-21.63887691549001,-20.827704909382,-20.785780811087683
-20.85802783731285,-20.988829634736796,-20.85727436006311,-22.792350736007005,-30.335972856098756,-20.895989317443632,-22.678126489605134,-44.781839028208296,-59.18919887641451,-21.27033724492213,-20.904076991929863,-21.022641639489034,-21.02984903230598,-21.245716858187503,-31.164887521045202,-21.064428823964054,-20.96167176778825,-20.849732765363065,-21.833545110164827,-24.15037417437076,-29.501037734646687,-59.24946351145345,-229.54833907058918,-93.75880538929367,-22.179702542147364,-29.3768194772217,-23.668771602688434,-21.705839496502616,-20.89893097477426,-20.858817735226854
-21.259674204982137,-21.3879067807108,-21.262114197166667,-23.17747955108925,-30.573613033030203,-21.296694740429324,-23.029161533097238,-44.88613831170305,-58.052912626636896,-21.64935211108124,-21.303253338269077,-21.41467522628776,-21.422105099356603,-21.616110389691983,-31.118322356254566,-21.449860141449328,-21.359883809824,-21.25333673034876,-22.193252726437002,-24.429073853053563,-29.730389776218452,-57.79664475481563,-226.88523663584425,-91.66011742128286,-22.511043690615843,-29.502614385663826,-23.994332578328184,-22.066626879418276,-21.299100781647734,-21.263078196907326
-21.535294691067758,-21.64818016183195,-21.550368140780073,-23.252333158225674,-30.555426932272884,-21.58362396450507,-23.170697520528886,-45.05220139544585,-58.18659920686082,-21.941000181421103,-21.56535469083223,-21.686913492146886,-21.670549593262407,-21.865809765298177,-31.30569865948457,-21.668896433737785,-21.6103554916943,-21.52353849265653,-22.430485583989118,-24.579675621183338,-29.46323874963602,-58.55395741696999,-220.20653761774142,-92.559796241148,-22.736997418656404,-29.360605000978893,-24.076242877562784,-22.321236402208793,-21.57944924254653,-21.551131126677404
-20.77154113239179,-20.894052885399777,-20.776554823607253,-22.581866696462047,-30.23212068077686,-20.817612425686242,-22.53995946709637,-44.897188334282504,-60.172245672216725,-21.21298773734457,-20.81113846608978,-20.940810021948824,-20.932451665213424,-21.16635976109423,-31.349825347350055,-20.953203786212683,-20.861080456757925,-20.75821793494197,-21.751756371400756,-24.088661388233866,-29.16309305262557,-60.931811473586976,-227.50609898943821,-96.00946085202608,-22.111814468795828,-29.184791651779335,-23.504395953084526,-21.635035894912424,-20.816646027813213,-20.77842950588093
-20.064830982690136,-20.205599526703132,-20.055143574948904,-22.11206030670879,-30.034118742009,-20.10074781928692,-22.028307426466807,-44.815866583289356,-61.252917029083065,-20.51145446805293,-20.120340975975637,-20.246540610083496,-20.261337914961665,-20.51289945890085,-31.20167819673339,-20.31607709938765,-20.183723931857827,-20.0553004342022,-21.127668326198545,-23.629657458778194,-29.242185295554584,-61.59954916458604,-238.46800103353763,-97.45126372588393,-21.523673134876663,-29.240002055124698,-23.0852594371403,-20.991033443478187,-20.10688052736169,-20.057623612364992
-20.484062604968475,-20.612230883544765,-20.484005292768437,-22.359135444900513,-30.125805379661344,-20.52753880464931,-22.317821215186246,-44.83898602559013,-60.78461790127345,-20.933344888609728,-20.528701274239832,-20.659400961329126,-20.657354504431776,-20.902575190262752,-31.335618767706347,-20.689664150649516,-20.582509393441843,-20.47127479529685,-21.498010212731945,-23.90323299170499,-29.125991711109776,-61.53911613157227,-231.05691351613825,-96.94835495298284,-21.876276924801974,-29.168918289619867,-23.313427110558305,-21.37557734037801,-20.528673401128323,-20.48621004688624
-21.19034859495182,-21.303246001128745,-21.204374260630317,-22.89717104113018,-30.415514170481885,-21.241452067100987,-22.857605273813306,-45.11207998593083,-59.3824239255182,-21.623017401110822,-21.221765945828757,-21.35033876410454,-21.330399380508293,-21.54779211945756,-31.38609737961321,-21.33074599445607,-21.26498317207103,-21.175719374051848,-22.119632244015964,-24.359175859973707,-29.19506538714306,-60.18859089860118,-222.73179203564956,-94.97452010507334,-22.451164998381234,-29.1944288153348,-23.771932808882042,-22.012643750687197,-21.236822483195454,-21.2057176292766
-21.126656575739148,-21.241526945063754,-21.13883834330946,-22.85438243160866,-30.3825207814904,-21.17654547595543,-22.81217540734809,-45.0516446433699,-59.46530711636203,-21.55945682606162,-21.159635156934886,-21.288087409608487,-21.270761353544096,-21.490286433448052,-31.373756960137232,-21.275279021692086,-21.204328037619405,-21.112458967614682,-22.064242351179033,-24.317550736494045,-29.203305842022594,-60.23879493724117,-223.45671065264727,-95.02108794576847,-22.40029758490333,-29.201616669550724,-23.736171130622647,-21.955151565050368,-21.172693862520084,-21.140262604024194
-20.802092416525287,-20.930725941397437,-20.802630701331573,-22.700028096617597,-30.271195824422826,-20.84241338322819,-22.61050672418694,-44.775162232131564,-59.55494905420618,-21.224337364438032,-20.84633870408635,-20.968961506654704,-20.971654972818747,-21.19463992151212,-31.223513780024412,-21.003015170409416,-20.90194911802583,-20.792206499779756,-21.782564376125908,-24.10791783282083,-29.384579336010262,-59.84375055907798,-228.93582186132403,-94.5295957052112,-22.135481693658857,-29.314305016660143,-23.59652150515623,-21.657854330643353,-20.844280993528425,-20.80431714674433
-20.124474455267094,-20.260777819637422,-20.11774474880269,-22.10243259962936,-30.015062264272608,-20.16380957143489,-22.04940264283125,-44.81212982965151,-61.44590320753373,-20.57968233122395,-20.17626399030321,-20.306589639910534,-20.31424016861997,-20.570446198520738,-31.288237125345546,-20.36192703078463,-20.235966533891645,-20.113020591168155,-21.180374033332054,-23.669305835958813,-29.129539497224474,-62.07665531924565,-236.2624014915125,-97.9274872685714,-21.578327943429958,-29.17879392571326,-23.08852281771699,-21.04919740978989,-20.1680375008486,-20.120281295562872
-20.560808029949627,-20.69648689712415,-20.555896350121152,-22.555283633916677,-30.235326207305924,-20.596968574231852,-22.44265712469629,-44.781039416565946,-59.845800023299745,-20.9826918658348,-20.61140579155223,-20.73132862682688,-20.743505278370606,-20.970722101226055,-31.148525643715104,-20.787567761721128,-20.67206005698549,-20.55263856936829,-21.568921152770493,-23.95611848270596,-29.439293199368596,-59.92746317927411,-233.26954482567487,-94.89251211843472,-21.932249692138978,-29.34123580246184,-23.46124533636814,-21.43653069670852,-20.601632259915235,-20.557770649735016
-21.380529134320057,-21.508179036414237,-21.3838387199669,-23.296564899422748,-30.65966159817262,-21.417123890679168,-23.136892933111653,-44.9420739919337,-57.7178298690238,-21.763217687162438,-21.423606249425013,-21.532563293517086,-21.540366903247982,-21.727604621618664,-31.104797157876405,-21.566308556056683,-21.480057984329985,-21.374886075952208,-22.301837034461602,-24.51600157336917,-29.80763308130753,-57.35725071216848,-226.32857106352884,-91.03928735341336,-22.610870341148534,-29.54486206815612,-24.094785413274593,-22.1752213682944,-21.419455231221633,-21.38461897152885
-20.992597741188167,-21.11080774512854,-21.00164892493802,-22.75624144356686,-30.32151459915089,-21.040639386555632,-22.712004543535034,-44.96847509216656,-59.697429805007786,-21.427574919352036,-21.02837125004365,-21.157001087772908,-21.143834226659038,-21.36843642841706,-31.35812054681289,-21.15544105620002,-21.07544666278406,-20.97893902791707,-21.94673211789985,-24.23077938334763,-29.1997199745758,-60.442318797158634,-224.98549468965092,-95.29344986953383,-22.291980802752832,-29.202644336571446,-23.65302208617071,-21.83421559624312,-21.038077142867213,-21.003243833638756
-20.672108320442042,-20.79875344547539,-20.673695179423518,-22.534473732804678,-30.1954299575128,-20.715312118415294,-22.47778255184122,-44.81801011257531,-60.19691583120081,-21.110155775033085,-20.715052330316862,-20.842968435166362,-20.84058330964279,-21.075300971501374,-31.30266536143466,-20.869250484906104,-20.768347342290483,-20.660099328271308,-21.665259721459208,-24.022381406203486,-29.219162482589823,-60.802715656760114,-229.18822951312188,-95.86063283899104,-22.030115176148865,-29.22081822260924,-23.46138216578826,-21.543761170876927,-20.716062389001767,-20.675637119544895
-21.037394080584946,-21.16641007316572,-21.038470671301926,-22.954293888925438,-30.423450254359867,-21.07547182195041,-22.829592423692038,-44.80919583645141,-58.71547229867728,-21.441000396397744,-21.081725212848674,-21.19795316743456,-21.204152094839575,-21.411176672528384,-31.1536861075812,-21.23469204928088,-21.138409848795387,-21.02964078963205,-21.993753651101255,-24.27135689048199,-29.580809297733513,-58.67652596816146,-227.9649233297906,-92.90179591417095,-22.32795784047947,-29.421245728102583,-23.80706726054546,-21.867365088143032,-21.077886137716753,-21.039773564741548
-20.46646424820127,-20.601114725564397,-20.461869960706313,-22.438588253201793,-30.161989170939457,-20.504290963358354,-22.348443569538897,-44.76698041202019,-60.275068968873,-20.898474339501107,-20.51627433135646,-20.63998046263944,-20.64914853515136,-20.884595715561783,-31.20129590389285,-20.692245411844002,-20.575818261626935,-20.45697893731609,-21.484517737616162,-23.890286611437503,-29.331348768252965,-60.56052158813877,-233.29250163325145,-95.73113233927016,-21.856875493973977,-29.285072888440382,-23.368005188608706,-21.353844229580034,-20.508344913914158,-20.463921692818968
-20.740467387375784,-20.86891084475274,-20.74094741409945,-22.6323030542637,-30.23692570722568,-20.781473538470173,-22.55279279471581,-44.77905230960502,-59.792560424541435,-21.168040783183333,-20.78466661349407,-20.90901203077124,-20.910619069442475,-21.137995675915526,-31.245501051426302,-20.942012110897007,-20.839874218428747,-20.72997145548455,-21.7273029589587,-24.066707913292856,-29.3307136430798,-60.17650249759487,-229.24383494028834,-94.99753505375797,-22.08521166199408,-29.28443146072666,-23.54050549521692,-21.60314681784079,-20.783155137281902,-20.74273644933887
-21.063695236340738,-21.177905766959142,-21.07625506692654,-22.782128498514226,-30.367550018314176,-21.114691912806837,-22.75137471991828,-45.1015832311176,-59.747024659266266,-21.503372405953897,-21.096543864344284,-21.226700735843014,-21.207602625214186,-21.431984261520416,-31.401375693363292,-21.211200049749156,-21.140274980178045,-21.048649064305334,-22.007034670988883,-24.28018850420115,-29.136020772051033,-60.64280650304411,-223.94373645373395,-95.6314183156201,-22.347783217158977,-29.158932249544385,-23.674066444395343,-21.8992257132355,-21.11046598984198,-21.07779331543583
-20.9635783236867,-21.08794668689273,-20.96771868085622,-22.80754884017296,-30.31795690160257,-21.006351891203614,-22.727245749420106,-44.81551444437417,-59.318152162706006,-21.384593311424208,-21.004022848193188,-21.127528676503562,-21.124653542690226,-21.343267114155037,-31.259150831384122,-21.147718985606755,-21.056562390099952,-20.952815433455193,-21.925100102039234,-24.211181872124758,-29.36958485073616,-59.69514643946451,-226.53789948088348,-94.23364875692667,-22.269313708858444,-29.30598293038301,-23.692567365634766,-21.804914681683382,-21.00652937827897,-20.969244306459462
-20.736799022441502,-20.86473558193104,-20.737630637814625,-22.620965027742738,-30.23103511168688,-20.778288756181933,-22.545782814212316,-44.78510846638554,-59.84786230597402,-21.16604877541543,-20.780595304817588,-20.905599659064965,-20.9062691455804,-21.134674280968966,-31.25671208088358,-20.936819180693213,-20.83534103711129,-20.726006918705398,-21.723785146372094,-24.06400802286272,-29.311086992155744,-60.273353710823685,-229.10105981621376,-95.12436195417531,-22.082466725869544,-29.27338595305978,-23.531850982762688,-21.60029074259927,-20.77973309907053,-20.739437986176053
-20.82839327408479,-20.953814581370526,-20.831341165369253,-22.680826514541913,-30.258887962367695,-20.87135943938877,-22.611375835919702,-44.81178287729041,-59.720087156485576,-21.257225868661447,-20.869984597658966,-20.995542278009662,-20.992905318748893,-21.218949921407894,-31.27802702222779,-21.01857976184471,-20.922877054478366,-20.8170509823262,-21.80449988892375,-24.122988279636505,-29.299206079438136,-60.20230848403758,-227.73141467576613,-94.97736339760405,-22.158262093506742,-29.26595528103059,-23.58516342034271,-21.683715559353068,-20.871803279327334,-20.83306113382447
-20.692516438036655,-20.823057801047455,-20.691381358955056,-22.61339305201424,-30.233141226942262,-20.732062535512156,-22.524374208659268,-44.76673850926383,-59.79362944895583,-21.118134037701417,-20.738534318616594,-20.861605271565193,-20.86632788249637,-21.09356638962528,-31.217484777791423,-20.901501081588783,-20.79537656004911,-20.682725055315906,-21.68526007826282,-24.036768611987917,-29.364108391788168,-60.087799251964505,-230.29463546254647,-94.92687832378886,-22.04472009503472,-29.30287465798936,-23.521092041331755,-21.55869359687429,-20.734622415027005,-20.69319284807724
-20.52796456112685,-20.655656906487277,-20.528376989788008,-22.398365953334313,-30.141348241888046,-20.571482976493837,-22.354301690063448,-44.83556809995734,-60.65637821366539,-20.974945900664938,-20.572116096652298,-20.702288053461196,-20.699957733671965,-20.942899878399132,-31.329982227657766,-20.731212384637644,-20.625693505115585,-20.51529543397959,-21.536972507128965,-23.93102191577455,-29.143671738804784,-61.38464349756484,-230.58277115224243,-96.71741936152488,-21.912201956055195,-29.17853513039646,-23.34663513306606,-21.414915344309417,-20.57247381330008,-20.530523731446024
-21.13162482107124,-21.25859466842029,-21.134436713182136,-23.02250705041524,-30.45007279335167,-21.170732492966177,-22.900783083572993,-44.81982566076351,-58.549519093891156,-21.533410338920262,-21.174052709320524,-21.29044551841563,-21.294136196328083,-21.49816447558361,-31.169244651857312,-21.320693628026103,-21.229391055608254,-21.123590897386375,-22.077466191368412,-24.33164077686747,-29.586424787048117,-58.534468643282004,-226.65180632602366,-92.64330120467307,-22.406536678732753,-29.426269903714527,-23.868118586918428,-21.953127715294677,-21.172363897373774,-21.135635889792155
-21.541052533818384,-21.662231664122086,-21.549513401596723,-23.368684998761534,-30.638049554882723,-21.582001035035034,-23.235229538342313,-44.93526272620803,-57.627946409516575,-21.92723222523712,-21.57800468968038,-21.691058237323915,-21.689210988963012,-21.87511808230302,-31.1825532003961,-21.703125674122827,-21.63001519102838,-21.533463095434914,-22.442777920921827,-24.604527942418663,-29.723504467807924,-57.49118740330077,-222.70202765782636,-91.0591993100833,-22.745554998546048,-29.508856710030358,-24.168294388489826,-22.323267733905617,-21.58162070951642,-21.55015550418765
-21.257732611962496,-21.379052467898656,-21.26511004218068,-23.072947418276755,-30.452372699480257,-21.300809416228265,-22.974792005703456,-44.86262341347993,-58.53126017320255,-21.6640828486304,-21.295110369263956,-21.414931425651158,-21.410120843677028,-21.613732843552196,-31.23839670369512,-21.426034702250533,-21.34621365276059,-21.247853339059454,-22.18747116180178,-24.405133810303145,-29.501896798004477,-58.734044844848405,-223.90645445532263,-92.81966052437747,-22.51149610825584,-29.3824322134113,-23.919157155379978,-22.06946521753333,-21.300051102575196,-21.266217509312703
-20.94513265884074,-21.064087589486668,-20.953448691734923,-22.716395974783776,-30.302397070589144,-20.9929101861293,-22.673848383448046,-44.9573460952689,-59.81361665844261,-21.382001464214543,-20.981603002694843,-21.110619107556488,-21.098183816531687,-21.3250401669388,-31.359473081854958,-21.11144396333753,-21.02912200009018,-20.931451757925487,-21.904735675568297,-24.200511543509947,-29.185946199505395,-60.574243980276115,-225.48592808101478,-95.48460469563607,-22.25328385858841,-29.195001776874015,-23.619142818038593,-21.79155749137555,-20.990610712713167,-20.955108729706957
-21.24729179662288,-21.376840947157824,-21.24883371719849,-23.18509601942236,-30.59904612556494,-21.28329297493596,-23.02818485819221,-44.90988969173875,-58.00716892326186,-21.634799849031552,-21.292134165801986,-21.402095365105577,-21.41171139407906,-21.60450780220893,-31.09709912257137,-21.441625868922188,-21.34968386561959,-21.24152357103738,-22.182674359366676,-24.426255576030748,-29.76507722130373,-57.67761022729101,-227.65916406321938,-91.5452725359285,-22.499860887650204,-29.518830199715858,-23.997349162418686,-22.054467724062032,-21.28627312020772,-21.24978689378984
-21.25615101179545,-21.380292095929512,-21.261412692701487,-23.111622378114426,-30.486796936803415,-21.296745611495616,-22.99416541949571,-44.844627985095656,-58.33859927729283,-21.655757204296844,-21.295956556275822,-21.412643839131928,-21.412782500598432,-21.612828139798875,-31.191098557799542,-21.433726360183602,-21.349410892831813,-21.247694965064245,-22.18790927648821,-24.410997320914714,-29.59158685482931,-58.35903200993138,-224.9411656302512,-92.33071426039388,-22.51002097874561,-29.431657847452207,-23.947731927029487,-22.066406208055277,-21.297278514743038,-21.262469904040078
-21.373626052577986,-21.49354673937064,-21.382463449519054,-23.174971560273598,-30.507179588130164,-21.41701228911804,-23.071191898640475,-44.89371920376481,-58.24434868083218,-21.774770746997348,-21.40963923278563,-21.528205128251724,-21.522252604219997,-21.72020638210591,-31.235498927528404,-21.534928928664243,-21.46001549887072,-21.3640040394675,-22.29082932655958,-24.48191730867685,-29.549278856154668,-58.3913263267996,-222.87660709686185,-92.31679343032896,-22.60698781633832,-29.41042627328045,-24.006721092399324,-22.17388784581843,-21.41579126267236,-21.38340412184965
-20.773415952201386,-20.904827264038033,-20.77196500579187,-22.712370048079983,-30.29260837547077,-20.81153202323689,-22.605039324430706,-44.772207123115365,-59.43559184348602,-21.19049417029488,-20.820076994601965,-20.940035436981493,-20.94729169412496,-21.16773043399997,-31.175968193378885,-20.98338268300789,-20.87791329692707,-20.764746196777295,-21.757964344639987,-24.09318566337551,-29.456104706860927,-59.560081946776506,-230.2218054366088,-94.21333093004402,-22.110042641868315,-29.352355217244153,-23.601209483929033,-21.629911349619327,-20.814615792693534,-20.773626023754
-20.52808689887843,-20.66447565086506,-20.522626539794903,-22.53215094400801,-30.22836521560397,-20.563906951882036,-22.418128176901874,-44.78565402477676,-59.90480465634481,-20.950557185481287,-20.579336135120258,-20.699170294788942,-20.712191689692023,-20.940313288903383,-31.143011987759614,-20.757526847614468,-20.64046354333631,-20.520024118130014,-21.53981399974705,-23.935172949289164,-29.438975087831615,-59.97493721083366,-233.78308007392104,-94.99028025732387,-21.904736406692773,-29.34068618174649,-23.440331006040815,-21.40668486356975,-20.568834792603752,-20.52453051982347
-21.327757990241928,-21.450480122975048,-21.33431077627728,-23.16634313483323,-30.51296912624993,-21.36903194784016,-23.049565867318595,-44.864420555279466,-58.202775034097655,-21.725568310268464,-21.366242886677984,-21.482814592562022,-21.481270579792323,-21.67864570525048,-31.199636292109286,-21.499280128337478,-21.418782939500733,-21.319172555644677,-22.25148976034677,-24.457279089190095,-29.602318538386506,-58.22755189003418,-224.0817354563244,-92.11935761825646,-22.569281597260524,-29.43888527452382,-23.995869699219817,-22.131342196936668,-21.36902582510748,-21.3352782645041
-19.63840236377013,-19.785807868001626,-19.62355779985256,-21.770618395502133,-29.918035734647166,-19.672330673329395,-21.691104972732806,-44.929322871424326,-62.315308355510695,-20.100296030379702,-19.70001226657829,-19.82863737958401,-19.84940397097886,-20.11730932120439,-31.20599598542602,-19.916026222763787,-19.767617550362043,-19.628920741303634,-20.749172933865744,-23.35483749755992,-29.164368333696995,-62.70309007558224,-244.44360572134846,-99.34861483701036,-21.169320066981953,-29.20567332871121,-22.78914914407606,-20.605865581015095,-19.68067039015472,-19.62645296115722
-21.07127250639261,-21.198640130877656,-21.073594893777315,-22.96481421036052,-30.41627493264064,-21.110513692792985,-22.848175396376448,-44.80662830009368,-58.72139132986801,-21.476485826863485,-21.11409978687725,-21.231532652757814,-21.235215313504895,-21.44253949049989,-31.176291429394986,-21.26282171739818,-21.169573414917277,-21.062947219695676,-22.02342955464561,-24.29025557215461,-29.55214999940776,-58.75433495805913,-227.07352319480165,-92.96164124408996,-22.356759347087248,-29.407133927914167,-23.819260301843407,-21.898917580689012,-21.1122315306843,-21.074882049031917
-21.145213981465115,-21.265069803587288,-21.153382923237384,-22.935587425231162,-30.383786248162473,-21.19051319573779,-22.861520048510037,-44.88884615254496,-59.02327367803062,-21.563779152213225,-21.18167208925241,-21.305555404655934,-21.29692086209585,-21.509566881135598,-31.289708435535523,-21.31078099998856,-21.231006942679983,-21.13365719722562,-22.085160259991795,-24.327800829692112,-29.36780617470948,-59.46360586317985,-224.1623309854852,-93.86036124426857,-22.418393041245736,-29.304290992575048,-23.80448842497385,-21.969629282846086,-21.188916590832044,-21.15469982639074
-21.379035172202254,-21.494901163004975,-21.391136478536378,-23.127188855197346,-30.48464687452625,-21.425978508064937,-23.04783467158069,-44.97275602079863,-58.506947083170644,-21.78951331078014,-21.411797453374557,-21.534175649286677,-21.52124914202624,-21.723415876596196,-31.29656310143738,-21.526270829982,-21.4586778766773,-21.36743314434586,-22.292342209028618,-24.478996480213883,-29.428656544087943,-58.89629382647402,-221.76690346395046,-93.03780094701813,-22.609716956441577,-29.339926358370775,-23.96893360066828,-22.180392254136333,-21.422922057836196,-21.392127421183634
-21.18934938993127,-21.319654405762616,-21.190177755487504,-23.135615820830864,-30.57147083631831,-21.225154208011517,-22.98041591228308,-44.89651778618028,-58.1387027638563,-21.579113640660943,-21.234891545288885,-21.34537919369179,-21.355652986903934,-21.550954121166267,-31.09524410463531,-21.387164951127925,-21.29287286855463,-21.18349461127634,-22.13083670125507,-24.386956396097283,-29.744635796135327,-57.8268168053051,-228.21364669968315,-91.77813392882565,-22.451622964410735,-29.5067452057984,-23.95433290048256,-22.002014260075043,-21.228384106062204,-21.19120608286675
-21.058602968002084,-21.19113472178164,-21.057526896135492,-23.032581673781312,-30.525921712614014,-21.093538006371407,-22.876954402120575,-44.88603013813355,-58.4041382492561,-21.452247183243497,-21.10622496683604,-21.217159530267914,-21.229820749893417,-21.429890422444892,-31.081691896388993,-21.265672241924147,-21.16555086651004,-21.05282538676042,-22.014064024210537,-24.30096674245145,-29.717321677253466,-58.09539297735496,-229.8132399667174,-92.23756570603821,-22.342208282216994,-29.48871095626533,-23.862969859793417,-21.883174371014555,-21.097560273764632,-21.058707816660135
-20.275980850695355,-20.40268795970609,-20.276495779035216,-22.122038956108923,-30.074824952050882,-20.322689885394247,-22.120889995849844,-44.986032817911145,-61.763498942065034,-20.74790890618175,-20.320418289556482,-20.45713190829911,-20.449941272062503,-20.712120745078305,-31.44648805327322,-20.480749971318996,-20.3716794597575,-20.260642276858412,-21.311777302327123,-23.784242568877605,-28.922788126601972,-62.924900489279196,-232.76681472683742,-98.95615081052466,-21.707767173680704,-29.04886643915271,-23.11650515056343,-21.19259475465806,-20.32281029127865,-20.279075354528796
-20.678541052566757,-20.81137706000742,-20.67583180058297,-22.634394371196144,-30.257665627287416,-20.716192214899504,-22.52883648307659,-44.76907759048507,-59.6568327718758,-21.099055161254725,-20.726540338139095,-20.84711812995645,-20.855729479472163,-21.0800724730198,-31.173976007053838,-20.89467435189102,-20.785249412851584,-20.66984028560389,-21.673504318479527,-24.03096521736884,-29.431518509671225,-59.79919854377468,-231.33508998764484,-94.59825018300106,-22.031309598999243,-29.33855345636946,-23.533523956877982,-21.54412307586862,-20.71976860522344,-20.67760350905945
-20.116361269563946,-20.259038068814668,-20.10578719872641,-22.19947435396828,-30.09816044755705,-20.150231052697617,-22.08991894931209,-44.841622981983,-60.88022633330083,-20.553326428569754,-20.17343398368273,-20.295648672258558,-20.3144949709664,-20.558495813163237,-31.13490628320959,-20.371532072605305,-20.238468474180902,-20.10827376031101,-21.17329297220011,-23.6662648395194,-29.349194597911552,-60.99901461144426,-239.13826558415732,-96.72679667938039,-21.561672760981416,-29.293284602499064,-23.150261093428757,-21.034062005913928,-20.15727692836737,-20.108122190644483
-20.077029202723224,-20.213769179220147,-20.06987584117423,-22.059061607983338,-29.99869545835135,-20.116400079931974,-22.009564128723387,-44.821643913686344,-61.59508543335419,-20.53494254868075,-20.12927098930268,-20.260262808890005,-20.268054504234936,-20.526811481678497,-31.296875464724092,-20.31669203154803,-20.189168924411046,-20.06541079580314,-21.1383030164735,-23.63925228785949,-29.10907936935388,-62.25869872425456,-236.78211256392194,-98.2009153153467,-21.539570144723143,-29.168332604727542,-23.052108693597255,-21.006790629790917,-20.120743578360894,-20.072472879882397
-20.53319969666118,-20.66979209702298,-20.527636209206882,-22.540929270095923,-30.235873578645343,-20.568805997267408,-22.424396421191197,-44.78957867339261,-59.87005276261772,-20.954738832368868,-20.58462586676011,-20.704050336819197,-20.717494990946275,-20.944899632069742,-31.13694633943194,-20.763095247395324,-20.645923182203287,-20.525285184500177,-21.54440668100579,-23.93921223987073,-29.450011744578966,-59.91800926126628,-233.86466721539094,-94.92115775644332,-21.90861294329693,-29.346238125619337,-23.4469558351883,-21.411001318050875,-20.57383168790014,-20.529526136106856
-20.340133875400596,-20.473945151718517,-20.335692963392443,-22.291607566235033,-30.089907738953734,-20.37978820512997,-22.227098579672973,-44.78359440473228,-60.829325781258866,-20.78477014367269,-20.38947576238725,-20.51739663259117,-20.52345661702569,-20.769107246937867,-31.264175573845186,-20.56597272665253,-20.447825951333193,-20.3291494033551,-21.371715706613685,-23.80743442787864,-29.206289989677817,-61.353720112971665,-233.7945107085502,-96.81867940693905,-21.755368924567108,-29.218065809860818,-23.248918899927222,-21.24270823867241,-20.383253088324725,-20.337967769684468
-20.83421257713515,-20.96141590622312,-20.83587024315447,-22.712608538916616,-30.27407392802249,-20.875536524315596,-22.629420930102267,-44.78603518888927,-59.554866601010715,-21.25778659534567,-20.877218789185903,-21.0007012620933,-21.001261982069394,-21.22430269102731,-31.242206999099025,-21.030006520042388,-20.93171509405745,-20.823846117769993,-21.8106650859972,-24.127812241489533,-29.361950351734937,-59.90373138202979,-228.2405886338871,-94.58171613446405,-22.162467403875645,-29.3017871270461,-23.60933668596325,-21.68759275498808,-20.876803026348917,-20.837539964338077
-20.894035073681067,-21.02149900970082,-20.895694822204366,-22.779397654190987,-30.309062250893106,-20.934630570971276,-22.686064637271237,-44.7835896892243,-59.3218453159309,-21.312294582633072,-20.93715444076423,-21.058884990106066,-21.060625144949693,-21.2793326782814,-31.220335011154546,-21.089470262903475,-20.992105572518028,-20.884299439654818,-21.864412785002713,-24.16825371943323,-29.41690346406115,-59.57407583660836,-227.981632883503,-94.11908504248791,-22.211343374390083,-29.332422998124553,-23.66459842581147,-21.740702770189987,-20.93611166220176,-20.89726301890053
-21.13116729554017,-21.26121271585096,-21.131925422317906,-23.069758538175527,-30.51681788665571,-21.167633717100955,-22.924366761154847,-44.860415603933234,-58.33909414299136,-21.525587615873533,-21.176440036113913,-21.288848981958576,-21.297980123231888,-21.49739316439674,-31.11261364480123,-21.32951629088704,-21.234126662395447,-21.12470737291217,-22.07842046338329,-24.342887928878547,-29.689642633064835,-58.11431027184619,-228.19749717184692,-92.16113441635916,-22.404095702000504,-29.478149653867842,-23.900424868696568,-21.95024760797778,-21.170658192901325,-21.133053514039545
-20.498329518669955,-20.628843604952966,-20.496620987607216,-22.40826362317223,-30.137975835921253,-20.539558570991545,-22.34713851887974,-44.789198413004925,-60.51846023755766,-20.93957038969925,-20.54470793345244,-20.67256471366554,-20.674815918805233,-20.915244063353747,-31.280919703500462,-20.711046261735657,-20.600753147052895,-20.48690804345404,-21.511740313122804,-23.909814492977304,-29.214561015400566,-61.07733419015303,-231.56967033613498,-96.33168017245632,-21.886573747037268,-29.22064974420537,-23.35114520417256,-21.38618256176503,-20.541787162411048,-20.498740335892816
-20.91870639241162,-21.041050180060285,-20.92426023940842,-22.732773642654436,-30.28865480608988,-20.963669802437817,-22.67226767445825,-44.86226357718232,-59.63949941740685,-21.348627849413198,-20.957696272812434,-21.084274962433533,-21.077348758688434,-21.301658418128014,-31.30828835206787,-21.09701678556493,-21.008214454263108,-20.906528364753935,-21.883540432236718,-24.181348900789295,-29.270393127517387,-60.21279116418309,-226.31540342711173,-94.96010462608928,-22.232503445439686,-29.247905525391975,-23.631638897624985,-21.76617111522575,-20.962855832732814,-20.925899806306806
-20.998016913636988,-21.128627808247682,-20.99789827390396,-22.93756795983834,-30.42883534886961,-21.03503315858257,-22.805651912309454,-44.816743954533976,-58.731785096478504,-21.400547365240403,-21.043821363393516,-21.158999014768252,-21.16755147035627,-21.374622799273332,-31.132799469511472,-21.20090386593315,-21.101635397994524,-20.99076452158922,-21.95903070080763,-24.248736776599063,-29.60393146654298,-58.63014187095834,-228.90089383276842,-92.89235626790102,-22.294443248889063,-29.431934706147636,-23.789480604737246,-21.83085828156552,-21.038106761931843,-20.999224745901174
-21.061711226007862,-21.193426929757983,-21.061143986734844,-23.022718901681444,-30.505330866164734,-21.097301964008654,-22.873301859194342,-44.86551035738022,-58.44858239759837,-21.45705588136523,-21.10855344448718,-21.22054153401092,-21.231802195023377,-21.433003297683797,-31.096622736779693,-21.266409087692267,-21.167311982914274,-21.055542307032063,-22.016602939647548,-24.299432092826514,-29.691774037739762,-58.19243766367718,-229.32053883825785,-92.33451289421987,-22.345603819842626,-29.476740042045915,-23.85709082796654,-21.8867176445003,-21.10096726514736,-21.062341133995396
-20.632712602094067,-20.753521093078504,-20.638715556610403,-22.416545133841318,-30.201639085717396,-20.681537800956875,-22.404067201204306,-45.019783917870726,-60.856233912673844,-21.090788698124502,-20.671757672709788,-20.805772973025285,-20.79288921317843,-21.038547883228983,-31.427734646035145,-20.811234440715083,-20.719312885295203,-20.617345759264882,-21.626305471454078,-24.009230645451467,-29.005750909359172,-61.9221886999801,-228.55164505413782,-97.47059625835317,-21.99780979906695,-29.08802351757691,-23.365056919296162,-21.51273216510596,-20.67959410710191,-20.640852255713227
-21.497482735788928,-21.621664708456112,-21.50360606770535,-23.367117374220957,-30.66747596172693,-21.536151412088063,-23.218111923693847,-44.94137968287476,-57.57527684422951,-21.879928955073414,-21.53725645487028,-21.647703148720808,-21.650694889891398,-21.8354652076614,-31.142046972874777,-21.670111944853176,-21.59144789171931,-21.491048112099524,-22.4054327690795,-24.58574061131157,-29.786318544990635,-57.30087067061733,-224.22608816947997,-90.85739333431442,-22.7090380446881,-29.53942659238885,-24.161512668465996,-22.28244843840481,-21.537085976577874,-21.50426611540779
-20.778268655346043,-20.90924711283774,-20.77712157453212,-22.71074290998756,-30.288639780639876,-20.816722424126414,-22.606205669857868,-44.77090953460282,-59.452640970473716,-21.196117021749686,-20.824547220151402,-20.944926331674118,-20.95147579660548,-21.1723034152789,-31.183385352475803,-20.986841880033126,-20.8820449924214,-20.769412479863146,-21.76216095100147,-24.09560793487262,-29.445133715057956,-59.60246782050437,-230.0066316683227,-94.25804374982685,-22.114373684505566,-29.346669564237956,-23.60081693824102,-21.634625919347332,-20.81961804670467,-20.778786298406047
-21.127587308012654,-21.254414641016105,-21.13048404265375,-23.01608425304961,-30.444770817686553,-21.16685135737612,-22.89596787978774,-44.818001981972245,-58.57293364716172,-21.530015557265763,-21.169889813271954,-21.286561739893173,-21.289952580326545,-21.49444734359064,-31.172780266051532,-21.316297030104508,-21.225102218745324,-21.119446945481478,-22.07376496204495,-24.32834054648155,-29.578495117596674,-58.57261527452705,-226.60406209726685,-92.69282318996905,-22.403288307442786,-29.422050762521348,-23.86304498090908,-21.94962576561775,-21.168411370227712,-21.13169287926261
-19.187652172468205,-19.3351964598708,-19.171292690777097,-21.288682360182364,-29.753217839125846,-19.22571750192516,-21.28557350665834,-45.09997723264992,-64.29934737605737,-19.69028015038673,-19.250412154446952,-19.3910600931053,-19.405468271883656,-19.707870932145457,-31.435621984018518,-19.47519636727941,-19.316355084649185,-19.174319500816907,-20.35270914167714,-23.084612736246612,-28.837128487739392,-65.38180129372195,-248.27228835769307,-103.07286059246769,-20.813085427832032,-29.04748387477887,-22.403892783621238,-20.211275389327067,-19.23330528284244,-19.174895657040167
-20.718893544561492,-20.855250855485714,-20.714183970577867,-22.734350864957577,-30.361851363402856,-20.753242504268666,-22.593357250170794,-44.83611923838196,-59.24578839919499,-21.127327185757515,-20.77004516578521,-20.884824960632674,-20.900141216447622,-21.115650539811398,-31.088506970480452,-20.944088389577082,-20.831533003205895,-20.712351476580096,-21.710350115486452,-24.069742224945305,-29.5846733493804,-59.076481397327136,-233.01345505815624,-93.75503619260158,-22.059984054991027,-29.415152152246037,-23.60623610247304,-21.576396650505863,-20.758442330895793,-20.715792653912292
-21.20996573769568,-21.334449391691418,-21.214818713942726,-23.06800812142639,-30.461539635870043,-21.250627492123918,-22.954158373829564,-44.83357636307178,-58.46640991055603,-21.61210969405886,-21.250117106877088,-21.36754824052582,-21.367756916925824,-21.57028198225939,-31.195510701194372,-21.389582440829326,-21.30369569241918,-21.20130275621572,-22.146553103901,-24.3794963235744,-29.566217983692678,-58.52148514683568,-225.27306414415017,-92.5663789590738,-22.471899473993943,-29.417186855982777,-23.91064141197723,-22.024881734030362,-21.25124485579121,-21.215944115473988
-20.80756722980544,-20.938654801168802,-20.806448352097874,-22.743433729020456,-30.30859096337997,-20.84568774067371,-22.633933208096508,-44.775193726485,-59.34168419876373,-21.22291572856352,-20.853911918203263,-20.973406840436162,-20.980506990164024,-21.19922435073147,-31.172953384706375,-21.015865026597734,-20.911588461670537,-20.799008147970177,-21.7884365553476,-24.11603478939578,-29.471553234725068,-59.44579826010303,-229.91177161907797,-94.04256705938836,-22.13821639830856,-29.360818614463042,-23.627634887769506,-21.660621991812043,-20.84867912412709,-20.808064011587163
-21.459255136323655,-21.583397792111,-21.465257939813373,-23.326058709244506,-30.635543521182292,-21.498253478019834,-23.182245119651633,-44.92064407137056,-57.694489314871845,-21.844432825154904,-21.49898301464002,-21.61048546031892,-21.612968047301298,-21.80018600063319,-31.149729504338648,-21.632584979986916,-21.553046577463473,-21.452482806575297,-22.37092057045596,-24.557338605743517,-29.754110936769756,-57.468011648317024,-224.28888313695862,-91.08717426751736,-22.67750282359168,-29.521809667853994,-24.127245829210715,-22.248224431773522,-21.49910872922802,-21.4659821097345
-20.90131732804129,-21.030877853194813,-20.901544953355373,-22.81884259928091,-30.342510931916507,-20.940009455294877,-22.708453058382624,-44.782309035467506,-59.13484543762465,-21.31358329770499,-20.946232316312464,-21.06525623185668,-21.070789983415068,-21.28580225463287,-31.177784329109482,-21.103088541469,-21.002955613249657,-20.892731559617783,-21.871877147310563,-24.177367343740688,-29.492703297746207,-59.228870047402985,-228.79048167648844,-93.68963701131241,-22.216076008472843,-29.373145104797953,-23.693438283260267,-21.745505523412287,-20.942457013143017,-20.903051076443692
-20.994125420571727,-21.122962220059577,-20.995167752307296,-22.905773376677082,-30.39052850760055,-21.032702442520055,-22.78832803586362,-44.796631080791585,-58.87314170907824,-21.40134318456899,-21.038321617612706,-21.155887950795268,-21.161254089675992,-21.37135092469627,-31.167759017194065,-21.191781875614193,-21.094741676052603,-20.98592537734771,-21.954831774634822,-24.240252588686822,-29.540825155404356,-58.90081168616943,-228.0548394988357,-93.20874376626416,-22.29259939302102,-29.39976834026524,-23.767148473764397,-21.82889092257906,-21.034967574346883,-20.996543935291413
-20.870786199351002,-21.001269112695,-20.870288856641906,-22.800867189931868,-30.33860267585677,-20.908921701185538,-22.687417320421552,-44.78197267023542,-59.16963146930943,-21.28296354012076,-20.916542298281254,-21.035185177940797,-21.041982660079146,-21.25752830536793,-31.167792680481973,-21.075969353897207,-20.973918643230206,-20.862429680654174,-21.844863953519628,-24.158441347618716,-29.50013559854152,-59.23657737260945,-229.3442313170108,-93.730048115607,-22.19039726043901,-29.376555342617856,-23.67654043921185,-21.717493180770234,-20.911739203460087,-20.871820207792126
-21.175418881846923,-21.300917974092208,-21.179420936460282,-23.04661650776996,-30.454545531018113,-21.215464256834764,-22.9299726345267,-44.82580525917031,-58.5089207400685,-21.57761000188937,-21.216499208184104,-21.333583658908047,-21.335184955669742,-21.538512716823313,-31.185547378718702,-21.35897606948988,-21.270791431642934,-21.166990633296983,-22.11606317880606,-24.358110330278073,-29.57226217766393,-58.539049917741046,-225.83577230734716,-92.61297559680129,-22.443166137537325,-29.41975301819175,-23.89100923624487,-21.993318420229894,-21.216492408912604,-21.18058133722563
-20.50083753394642,-20.630604247389165,-20.49966641696005,-22.399826890108024,-30.135506058193606,-20.542718058458348,-22.34411629066669,-44.8004813211616,-60.575534877947426,-20.944038138634365,-20.546629392596838,-20.67525232276732,-20.676218760215715,-20.91770729820856,-31.295991008237454,-20.711177433909484,-20.60200377363237,-20.489039694719594,-21.513685791843432,-23.911856903329824,-29.191491300498576,-61.18727400546648,-231.33105855005573,-96.47169249796934,-21.88909937013393,-29.207314367851588,-23.345272836626457,-21.389079622891614,-20.544609801130317,-20.50180203727036
-20.915244446209115,-21.04248718043782,-20.917130095729956,-22.79844161621746,-30.318502882728726,-20.95586101121998,-22.70386601202167,-44.785700842594494,-59.2646568127727,-21.33246017895754,-20.95814481497042,-21.079612659615105,-21.0812169686282,-21.298864074038,-31.218754562253345,-21.109561159869873,-21.01298580266845,-20.90556912391815,-21.883322632518958,-24.18227207747507,-29.42604934046075,-59.504990953414236,-227.78253860030173,-94.01606391911346,-22.22882338080267,-29.337562130983883,-23.680842182853034,-21.75978052025305,-20.957274896565345,-20.91866960850803
-21.25009032233539,-21.364574786269383,-21.262950003087543,-22.97694299930275,-30.428568076511773,-21.29930417218194,-22.921467628394783,-45.03308944506984,-59.051636794208534,-21.673970582311348,-21.282296586689505,-21.408536391741947,-21.391879931430854,-21.603765236787062,-31.347422808004325,-21.394966706682133,-21.327291801659122,-21.236732510564526,-22.17492489498057,-24.3950202174299,-29.287097900786733,-59.68759092692484,-222.42268058360708,-94.20941033639342,-22.501988182636865,-29.2530904103097,-23.84083302606973,-22.065516216011012,-21.29545106944531,-21.264173754270676
-20.639435490754682,-20.760881374809415,-20.644945825639773,-22.431347072342216,-30.198050012816655,-20.687625915351298,-22.41404109778598,-44.99031500777014,-60.77385244081486,-21.095083984306065,-20.678853179807657,-20.812234036525656,-20.800505252835183,-21.04484813470141,-31.413571006242638,-20.81998924356973,-20.727063263539915,-20.624451803980936,-21.632785198461253,-24.011297492256016,-29.030228397641853,-61.78757416947318,-228.54720117271762,-97.26867721799574,-22.003494032638272,-29.103901553845404,-23.37761342359554,-21.51830930475791,-20.685976246475533,-20.647058128970052
-20.423628782435827,-20.551147798117434,-20.423894515040292,-22.28684040395093,-30.106922202495724,-20.46823806815853,-22.258857355053777,-44.88041290560888,-61.08318016109078,-20.88000733102141,-20.46800640759221,-20.60072486738306,-20.596791180985,-20.847239770415026,-31.371339052953957,-20.62828237088077,-20.520887273800525,-20.40998446829118,-21.443776265978265,-23.867774809196394,-29.059261847157867,-61.97115861991953,-231.4491238195851,-97.56646234719908,-21.827380195315133,-29.129846743989212,-23.253749154625357,-21.32255212870978,-20.468975934473832,-20.426213295138325
-20.62183704227958,-20.76028955188248,-20.61555810528725,-22.66607306286477,-30.345387740685997,-20.65521215579888,-22.520518837685042,-44.85835086143692,-59.41869205766251,-21.032045266449522,-20.674927177795148,-20.78937856839589,-20.807179382705723,-21.02524825092951,-31.070484783806645,-20.85477968506874,-20.737742318273053,-20.61559865033198,-21.62378030818818,-24.008055738444433,-29.583201732930817,-59.214958508030875,-234.58890874259663,-94.05362942795641,-21.977923024282724,-29.411852349563162,-23.543761558370853,-21.487675337868907,-20.661177698525805,-20.61725462804464
-20.365443506545187,-20.49974370845492,-20.36075436162599,-22.326031025523186,-30.1058837294436,-20.40444121166064,-22.25370052864526,-44.77572870365954,-60.687056592333434,-20.80656638331213,-20.415128367053484,-20.541829704441476,-20.54908364723675,-20.79209735709129,-31.243933041668413,-20.592233829434523,-20.474011965292462,-20.354933143378606,-21.39437829943954,-23.823647426450204,-29.24231166591686,-61.137801268218524,-233.7931680985567,-96.52975868000144,-21.775353072959867,-29.237664075040115,-23.27624508360921,-21.264621712287532,-20.408170617692598,-20.362974714169827
-20.350183973520704,-20.484697206257763,-20.345307383792747,-22.31323146774275,-30.100630372868,-20.389124645813165,-22.2413761660468,-44.776850649794596,-60.72629240020153,-20.791931212167317,-20.400070754030626,-20.526896159745068,-20.53433105059394,-20.778015276308672,-31.244538468836517,-20.577907074294973,-20.459083052362832,-20.339660479712936,-21.38083048605407,-23.81377791772014,-29.238072529274604,-61.18143331135799,-233.97664012572005,-96.59877209540764,-21.76275983602425,-29.235485382394263,-23.265267971271264,-21.25087426844931,-20.392925110558465,-20.347545268095548
-20.686877002065657,-20.818591169496198,-20.684932029908037,-22.625567765048814,-30.245258430280998,-20.725437854159757,-22.5279778326646,-44.76538687887367,-59.717884132147084,-21.109757509616472,-20.733897121567317,-20.855677070190577,-20.862405439249287,-21.088085515039808,-31.194927090943153,-20.89951744882848,-20.791709524054372,-20.67765564839263,-21.68062213124028,-24.034601622959222,-29.399565135466112,-59.93271664271628,-230.79954223736496,-94.74544971202435,-22.03916256195915,-29.321873056791468,-23.52876717111794,-21.552607426371875,-20.728520902331887,-20.686721225604376
-21.016775395253493,-21.145468398333712,-21.017995590204887,-22.92750002032035,-30.40313387907421,-21.055296712610726,-22.80809283977975,-44.80100665884503,-58.80756913731622,-21.422688601117923,-21.060827023529495,-21.17799529244414,-21.183376981878364,-21.39222789671986,-31.1648432578111,-21.21352411854418,-21.11719869274047,-21.00868664887505,-21.97510138792631,-24.25576759048354,-29.55374306224917,-58.81686875405128,-227.89486455070633,-93.0871874124317,-22.311265134519957,-29.406897924155647,-23.785507196635674,-21.84922270896658,-21.05753211163543,-21.01933909001052
-20.613636588671724,-20.740917905906212,-20.614588427159692,-22.48225637904857,-30.17337201187696,-20.656774354284423,-22.429118383595153,-44.81933767093038,-60.36334437955703,-21.05467897378484,-20.657226804316526,-20.78584068024375,-20.783851345174522,-21.02156847917429,-31.309121109385778,-20.8139397964692,-20.710833820434228,-20.601471453123892,-21.613306030061505,-23.984968869915885,-29.19532469738155,-61.0031406429254,-229.79805560654137,-96.15973463343971,-21.982179320077407,-29.207661427666174,-23.417068894082327,-21.49130727087453,-20.657719138853636,-20.61660839738813
-20.956057963282653,-21.079676772926895,-20.960741264352844,-22.789174963990625,-30.30973957678251,-20.999564382775944,-22.715082844005195,-44.82874894125561,-59.40357524587999,-21.37963109324256,-20.995924414935295,-21.120388943752573,-21.116115196922923,-21.336251624577105,-31.274819381890346,-21.137885296529674,-21.047766309790408,-20.94484634654142,-21.917887918256444,-24.205715107363293,-29.33967338954458,-59.84148534485006,-226.37155929190874,-94.43435704628713,-22.263209126814225,-29.288692594155755,-23.677977257830626,-21.79868953147388,-20.999388179728644,-20.96229461513611
-20.932120108108403,-21.057240285436922,-20.935603583877604,-22.785254569734068,-30.307401204776035,-20.97448440592415,-22.703872937151957,-44.80637381573089,-59.37092797185201,-21.35360364326738,-20.973236934158937,-21.09667859692107,-21.0947493290827,-21.31437309869312,-31.25398747951015,-21.11931939002949,-21.026306595867805,-20.921484285099154,-21.897320479134518,-24.190965212768283,-29.36953623498281,-59.737325718561934,-226.96325054478436,-94.3054706117371,-22.243362185631387,-29.305999941123364,-23.672959231992508,-21.776357735763817,-20.97495551944779,-20.937163722740273
-20.593887058731006,-20.72579634322284,-20.591508129346465,-22.5302987061089,-30.1960262184023,-20.633051979913233,-22.444372159979174,-44.764649511299424,-60.03902191284822,-21.02348415902788,-20.6412047560224,-20.765085609786365,-20.771003394332876,-21.002593058714638,-31.219509584592217,-20.80898810402203,-20.69886203118915,-20.584001519711887,-21.59755621638733,-23.972400617110505,-29.33472274112401,-60.36257352334801,-231.41272662904362,-95.35647056860614,-21.963226684405182,-29.286875623531735,-23.449615564775126,-21.469743539069924,-20.636073384496818,-20.593438332217982
-20.717644700797386,-20.846765718237375,-20.71757473129983,-22.618374786059245,-30.231410732639546,-20.758239725754134,-22.536885705735166,-44.774360545736386,-59.81968135365317,-21.145165997119445,-20.762441270116135,-20.886565437204766,-20.889087902943874,-21.11692710293174,-31.238811246301623,-20.92175493959493,-20.818151493355707,-20.707314904191396,-21.7071759652705,-24.052117273733572,-29.335727478846906,-60.184728565000086,-229.62049389515812,-95.02552653100946,-22.066188132293295,-29.287283470184928,-23.527806675221655,-21.582278261048085,-20.76019342752099,-20.719383047337374
-20.717644700797386,-20.846765718237375,-20.71757473129983,-22.618374786059245,-30.231410732639546,-20.758239725754134,-22.536885705735166,-44.774360545736386,-59.81968135365317,-21.145165997119445,-20.762441270116135,-20.886565437204766,-20.889087902943874,-21.11692710293174,-31.238811246301623,-20.92175493959493,-20.818151493355707,-20.707314904191396,-21.7071759652705,-24.052117273733572,-29.335727478846906,-60.184728565000086,-229.62049389515812,-95.02552653100946,-22.066188132293295,-29.287283470184928,-23.527806675221655,-21.582278261048085,-20.76019342752099,-20.719383047337374
-20.717644700797386,-20.846765718237375,-20.71757473129983,-22.618374786059245,-30.231410732639546,-20.758239725754134,-22.536885705735166,-44.774360545736386,-59.81968135365317,-21.145165997119445,-20.762441270116135,-20.886565437204766,-20.889087902943874,-21.11692710293174,-31.238811246301623,-20.92175493959493,-20.818151493355707,-20.707314904191396,-21.7071759652705,-24.052117273733572,-29.335727478846906,-60.184728565000086,-229.62049389515812,-95.02552653100946,-22.066188132293295,-29.287283470184928,-23.527806675221655,-21.582278261048085,-20.76019342752099,-20.719383047337374
-20.87410263691726,-20.997265077732855,-20.87889584167467,-22.697316342940947,-30.27132050703476,-20.918709010932734,-22.637307327320947,-44.85129092488501,-59.7365892083306,-21.30539763245563,-20.91383825980801,-21.04062950783647,-21.0345999282691,-21.260767423763546,-31.306521345142784,-21.055992549980182,-20.964891933104738,-20.861972986659286,-21.844088231076856,-24.152586705956686,-29.26197153739755,-60.313844399546916,-226.83036419860548,-95.11276368096767,-22.195944357646518,-29.24343040347829,-23.6011852464762,-21.725929089348423,-20.918197070141826,-20.88059094186779
-20.392697207942422,-20.531324225690597,-20.385419672733246,-22.425284494180353,-30.187119977196822,-20.42771542016164,-22.311347732345745,-44.80014406587936,-60.20740561856413,-20.81945577799051,-20.446018982021286,-20.566409353350807,-20.581674324317746,-20.814748065613355,-31.135703896068257,-20.631176232360648,-20.50855882256634,-20.384712418486174,-21.41926344488744,-23.846936573946866,-29.414181438707715,-60.281625305723445,-235.58769436910083,-95.52152976468452,-21.791714195138482,-29.32690892045719,-23.34649204282596,-21.283935877117468,-20.433421209919246,-20.387464096376757
-20.434439797573006,-20.57268116644171,-20.42754072865368,-22.463253386962045,-30.20603188371649,-20.469446917217663,-22.346612343667715,-44.80003565550064,-60.08863398698881,-20.859055513571263,-20.487392472307533,-20.607197464203296,-20.6223100968527,-20.853289655941335,-31.131020181649518,-20.670974047745133,-20.549730204809933,-20.426590347328695,-21.456453820507242,-23.87485063442469,-29.432390552798633,-60.13822920214001,-235.18699694184167,-95.30471480661726,-21.8261183547336,-29.336311816201544,-23.37864040278781,-21.321427742617463,-20.47504721228856,-20.429532864580004
-20.378816093281447,-20.504221886042142,-20.380576510874466,-22.211812698221685,-30.106800861955097,-20.425763786046552,-22.20487259206834,-44.97534301824409,-61.46226623125595,-20.84554578768448,-20.421954775336694,-20.557572206128466,-20.549437787264132,-20.806307961280634,-31.43253439874028,-20.577420600695046,-20.472530139333433,-20.363672857589147,-21.402666043974087,-23.847652575272885,-28.958148529436748,-62.569130572915,-231.56198548656985,-98.42571242317099,-21.791415756801165,-29.06734362022868,-23.192144833819217,-21.284576199807418,-20.425470387481095,-20.383022316228416
-21.304629837520313,-21.427128559154806,-21.311269660153,-23.138804690998693,-30.494656106069403,-21.346285326018396,-23.02656954559414,-44.85982881326015,-58.29343400977001,-21.70465742350427,-21.342943530831615,-21.460339522800183,-21.45813644035539,-21.65726686097834,-31.208336846415172,-21.475891483612262,-21.39521791754315,-21.295738847341998,-22.230509970143732,-24.440378964551133,-29.576725151433898,-58.36131503884184,-224.0931818659168,-92.30478283212585,-22.550216077917955,-29.424575701434893,-23.973066941003886,-22.110772411101927,-21.346140367360295,-21.31227914477646
-21.469481951507056,-21.588334988297827,-21.47947272835611,-23.26071150157924,-30.554978066995062,-21.513049562244223,-23.15170395867822,-44.92280030719417,-58.004338203052754,-21.866130951321832,-21.504444692259728,-21.621868586342806,-21.615115551223536,-21.80827226228488,-31.23240673359783,-21.625249533844887,-21.55430140534874,-21.460123596061344,-22.376432002519937,-24.545898219713987,-29.592022420370636,-58.09921800489124,-222.08462777250693,-91.89172155353542,-22.686005966564164,-29.435823006772626,-24.080269157855113,-22.26023906584387,-21.511485720775156,-21.480271172539517
-21.559234213966455,-21.678861735558765,-21.56893463667636,-23.365662689641326,-30.62507075107677,-21.60140621508463,-23.240322190028365,-44.942005101616644,-57.669246652139606,-21.94764919867938,-21.594770140181524,-21.709173394574456,-21.704784232102565,-21.891419428572185,-31.20333498369408,-21.715788084200433,-21.64560187916757,-21.551016154117292,-22.458043356653473,-24.61179639566449,-29.688504665404018,-57.60680493390588,-222.00930614393022,-91.20030402599802,-22.760479109127726,-29.490769174215075,-24.167999091270563,-22.34034301936222,-21.60033800610289,-21.569571424764593
-21.774056273605645,-21.88877289910427,-21.788405988694464,-23.524008742997367,-30.707901511419823,-21.818882906309053,-23.402949868218766,-45.05131086856547,-57.30810242195021,-22.158194829809805,-21.805062374316254,-21.919560315955284,-21.908886458747045,-22.087486537847443,-31.23729654674031,-21.90935067355643,-21.852695260804175,-21.765209525279317,-22.648038666706597,-24.748407900978343,-29.709543341646935,-57.27866528212496,-219.51887433425017,-90.70806528303912,-22.93676185408974,-29.507724908581224,-24.307268720713886,-22.53499274705093,-21.81588292753709,-21.788742878454215
-20.828936742508077,-20.954230699700897,-20.831981337351596,-22.679597459362117,-30.258518754444236,-20.872012524719704,-22.610975861407415,-44.814009599004706,-59.7284840230034,-21.25807132700667,-20.870427186784692,-20.996105381269974,-20.99325223251624,-21.219443752185562,-31.280277220052593,-21.01869896933702,-20.923207492676845,-20.81753283224302,-21.804914155871593,-24.123319996556887,-29.29550205567121,-60.21888695653095,-227.69238013748793,-94.9993739128442,-22.158733444030624,-29.263791655220857,-23.584279503400953,-21.68428884957379,-20.872399166261445,-20.833703283609513
-20.648398480481955,-20.778901802433335,-20.647149728497304,-22.56625602883186,-30.209263633913707,-20.68834890571214,-22.48377562326233,-44.76848546609448,-59.957459844871835,-21.077582971962823,-20.694457621010752,-20.818667185118784,-20.82277664259673,-21.053034166488306,-31.231854672033183,-20.85814477030327,-20.751104041807846,-20.638221954350886,-21.645791829013334,-24.00735671415443,-29.328902935890632,-60.313155260053506,-230.54714110089108,-95.24440830802538,-22.00876865597128,-29.283638716996926,-23.4821053299488,-21.519491164431766,-20.69081993103621,-20.649031906530038
-20.255437999432576,-20.390937312446937,-20.249624776592768,-22.228471397838284,-30.065470241849027,-20.29432815840973,-22.16243165675298,-44.78741068175229,-61.0027000568769,-20.702073845079845,-20.306306166974124,-20.43431374049085,-20.44226666759566,-20.69073666308777,-31.25650032945016,-20.487944355275335,-20.36582164694549,-20.24465227898775,-21.29667321156276,-23.75266333549595,-29.200399143599192,-61.5118985079965,-235.00264782100305,-97.10028520126886,-21.684981362941507,-29.21589743158389,-23.193541948585807,-21.165903818805564,-20.298416030767875,-20.25198102945764
-20.429994029392237,-20.56304594532586,-20.426334553425882,-22.3748075892426,-30.12514493973375,-20.469543881958685,-22.303313999251642,-44.77410453475892,-60.5527349545287,-20.869481513240842,-20.478542245500186,-20.605134859775116,-20.611004588580744,-20.851789326003384,-31.249233506950493,-20.651787487679687,-20.53657699804153,-20.41935430053249,-21.451603921661594,-23.865385027317103,-29.248525503780265,-61.01165398545263,-232.89656632137704,-96.30986801279838,-21.828966882642455,-29.24050623717504,-23.318967680824745,-21.323132043786252,-20.47281438419959,-20.428490321682407
-20.68715819608101,-20.816454474272195,-20.686870793504475,-22.588889819976725,-30.21752841246603,-20.727854656439916,-22.510331408068595,-44.7750773642921,-59.916486434152986,-21.116605962919767,-20.73215566165237,-20.85682121120371,-20.859278052879827,-21.08888053039707,-31.244611522657667,-20.892413257163945,-20.787899256578516,-20.676667505728158,-21.6799754604879,-24.03211084787257,-29.31814531531692,-60.309388543723834,-229.87444463097452,-95.20704685767137,-22.04119475296567,-29.277573734443664,-23.503014645708085,-21.555010127288398,-20.72983878667315,-20.688723002268492
-21.126452777386383,-21.237715164248044,-21.141695404675097,-22.81390120114575,-30.41183723430133,-21.179516952580286,-22.79046219837386,-45.21127001759854,-59.739710080187535,-21.56857296652833,-21.157203783883382,-21.288010831127544,-21.264719569241475,-21.48794813055949,-31.427258318934157,-21.262253956013623,-21.198541515946673,-21.110504005329968,-22.060511729948846,-24.323678775605725,-29.099947309549293,-60.72312745347966,-223.2105392351999,-95.806165041527,-22.396643296972833,-29.132092736652446,-23.699136444398935,-21.956102813548632,-21.17409923802805,-21.143165493403625
-20.606840859704736,-20.743074431061707,-20.60176592585334,-22.61325885531295,-30.27759997893991,-20.642163873182312,-22.489232190519076,-44.798756102780246,-59.63916353982257,-21.02379890259265,-20.65790521875945,-20.775862562873442,-20.789589538041923,-21.012727166109855,-31.12267445648982,-20.834159334829746,-20.71909374261233,-20.599334462080297,-21.610132625213133,-23.98964351201902,-29.493993849906573,-59.619623151272094,-233.3546522597366,-94.49317156639013,-21.968946537394665,-29.369036622704364,-23.50726779542843,-21.476844956569416,-20.64714331323912,-20.603552301995272
-21.02055627912527,-21.146572716122346,-21.02366392548198,-22.891158775353453,-30.36482080363772,-21.061395010912893,-22.79138807672519,-44.799501741057796,-58.992994673507134,-21.43294542577766,-21.062262629167552,-21.182572434385516,-21.183267166849028,-21.395840023691093,-31.2138739233581,-21.208888958445215,-21.116449965297665,-21.01111601217593,-21.9771874124252,-24.251854446994678,-29.467642396081956,-59.18324295259629,-226.76461404521993,-93.53313865211638,-22.315700549430755,-29.361160739636446,-23.760233846937652,-21.854629438259174,-21.062415631813938,-21.02506256610719
-20.77184999036311,-20.895672138171435,-20.77584822341372,-22.599630679305278,-30.23091339325572,-20.816737477945583,-22.548968498781573,-44.859344681802554,-60.06122053414282,-21.209629590267184,-20.8123887817554,-20.940839693379974,-20.93474510477941,-21.166832395944862,-31.32538346239818,-20.9578709215804,-20.86355527114964,-20.759205830143344,-21.752891645238474,-24.087402838667316,-29.204592898354655,-60.73055014530621,-227.75767427097298,-95.72342675808738,-22.112136065131427,-29.21036699305843,-23.518565072071283,-21.634471629829857,-20.816364184792647,-20.777694466333042
-20.844975467733523,-20.972765707381637,-20.8462463870653,-22.732598033053417,-30.285496940639106,-20.885687841400074,-22.64354629363171,-44.780650226388474,-59.469554396280024,-21.26614920363575,-20.888447288480936,-21.010999728334205,-21.012724638155028,-21.234169038480136,-31.22775479616473,-21.042410176773686,-20.943494176890425,-20.835004069322352,-21.820595193439843,-24.135646671046246,-29.389691940356414,-59.76256050134128,-228.37988981369847,-94.393993147341,-22.171012760796376,-29.31723999077736,-23.625064018601304,-21.696727670220916,-20.887239508020546,-20.847885052093975
-20.557785546450507,-20.69127602876585,-20.55424285003232,-22.516884162744645,-30.19664025021563,-20.59586268380037,-22.42319442830339,-44.76437906883206,-60.03781696982725,-20.98584587940933,-20.606488575254172,-20.729326687518284,-20.73759251041772,-20.968901697925865,-31.19707495666649,-20.77831696570969,-20.665360236170685,-20.548438128238544,-21.565759694034746,-23.950056660659314,-29.361176256604875,-60.28993337621477,-232.26955457306093,-95.3085522839823,-21.93233436098666,-29.300975206321223,-23.435129146974997,-21.436124130553946,-20.59954129511591,-20.556185428151764
-21.273617948447043,-21.39877170229548,-21.278214037955028,-23.14505962788218,-30.516197976722104,-21.313186870432062,-23.018006307159283,-44.852521121315036,-58.21265118721038,-21.669539055835603,-21.31432117039018,-21.42934557661653,-21.43147911189727,-21.629029983828318,-31.169787270795148,-21.45405573298101,-21.368643373357063,-21.265823368438944,-22.204228954797703,-24.426702987560464,-29.63872010859155,-58.14458056839615,-225.3095227596519,-92.05229281773062,-22.524121866326787,-29.456887273396667,-23.973921177264025,-22.0813676737366,-21.31421161755255,-21.279222389932276
-20.621158293288875,-20.752795172568923,-20.619050173172212,-22.554897245606753,-30.207433444830066,-20.660334456653455,-22.46726887045251,-44.76456659675662,-59.96204461515673,-21.049362230118454,-20.668205303963166,-20.791734352047264,-20.79751033759535,-21.02772152735044,-31.216668808151546,-20.834892689723738,-20.725727286600016,-20.61135436637445,-21.621838311034487,-23.990293680163475,-29.346378188461106,-60.26960422695002,-231.1424229668768,-95.21675696971334,-21.98567029107353,-29.29318279034502,-23.470502733164913,-21.494237898330855,-20.66327652707666,-20.620944900314218
-20.996465819086016,-21.11651762408811,-21.004044682036756,-22.783489507017997,-30.319185284250537,-21.042827975833216,-22.72750218434178,-44.90779530820018,-59.53834123707297,-21.426254084392454,-21.033522080662635,-21.16050318273752,-21.150521812258173,-21.37263748897788,-31.326122870327353,-21.16555525181754,-21.082320193877226,-20.983768265254472,-21.951665242422557,-24.23174617438689,-29.25881092543549,-60.16007548706581,-225.25984352132602,-94.87510261016294,-22.295934253359228,-29.23968069800391,-23.675718748021296,-21.83676375562052,-21.04109674651054,-21.00560123394392
-20.491285154819217,-20.617385189285635,-20.492794463722127,-22.338019308158817,-30.131669922199094,-20.536577495577514,-22.31048103932418,-44.89396664155218,-60.94415505495607,-20.94607081011709,-20.53442376265767,-20.66697280012682,-20.661421909489892,-20.909351874841807,-31.375748522042926,-20.690070007677132,-20.586301192361848,-20.477465756337423,-21.50339377994182,-23.91160059994566,-29.064487997103495,-61.84011430824165,-230.57947662026825,-97.36036669990257,-21.882792436873633,-29.13097965314758,-23.297572792713876,-21.38364974031553,-20.536783958133427,-20.49504037210584
-21.071649216049355,-21.200489629646327,-21.072968591687026,-22.987811416477424,-30.444128675910147,-21.10960839309744,-22.859849104005356,-44.81774561025098,-58.61479051018562,-21.473204735349952,-21.115805325456808,-21.23137252527672,-21.23766728762427,-21.442754623230375,-31.148783670133724,-21.267696497196926,-21.172445284104132,-21.064085627913265,-22.0244445964317,-24.29515773750595,-29.60183716657147,-58.54555919781681,-227.75346432824847,-92.7141807815483,-22.356180008038237,-29.432770290383896,-23.83529914377807,-21.898095041253224,-21.111996651900913,-21.074220949796565
-20.529452457775896,-20.666022374890858,-20.523888572530584,-22.536578298950683,-30.232952404561736,-20.56510784980768,-22.420783828856884,-44.78857507284946,-59.885210827691445,-20.951335115908787,-20.580861166278012,-20.700415181948063,-20.713773363052958,-20.941470864894463,-31.13859434832207,-20.759366017358317,-20.642132311284612,-20.521495783722607,-21.54105816593266,-23.936557315263514,-29.446354495850564,-59.93973959779373,-233.87009678733378,-94.95008904900442,-21.905600364239064,-29.34437508733511,-23.44345381376354,-21.40769737301579,-20.57011787403269,-20.525784987375847
-20.274981916843927,-20.416453615735914,-20.26566830407384,-22.3479673485493,-30.173540583256507,-20.308574989569983,-22.225644433879857,-44.83811871507549,-60.39708821156622,-20.703018661263332,-20.33088993194201,-20.450496475611253,-20.46926563603739,-20.704780653069253,-31.10849016089469,-20.523543410559174,-20.395329209601787,-20.267540294090576,-21.31442371955344,-23.772502974048624,-29.42570115291017,-60.402179900161435,-237.70187492304802,-95.8407387887936,-21.691775801659908,-29.33121504186812,-23.274646824300486,-21.17605663852457,-20.315337745009245,-20.26780136528921
-20.852625662460337,-20.978482779490225,-20.855322191322244,-22.71242522634308,-30.27291732346531,-20.894996963498226,-22.63655397403354,-44.801724920733946,-59.5969026893397,-21.278365977824247,-20.894505091072773,-21.019030907220184,-21.017447226559316,-21.241255142096136,-31.262673829912586,-21.04375399934609,-20.947891899652767,-20.841711469830603,-21.82645891952453,-24.13898618000744,-29.332036258201462,-60.016477497216954,-227.69526412949634,-94.71740212276873,-22.178008617965578,-29.284775926211207,-23.611071578080647,-21.70499115638921,-20.89567826732018,-20.856993511832822
-20.233385600122656,-20.36483528004509,-20.230283768598948,-22.143422111609325,-30.041360259643636,-20.27613820642168,-22.113739755010855,-44.8573623510685,-61.47808749010372,-20.694264809890225,-20.28121784559728,-20.41436071505395,-20.41486190869385,-20.67220377385462,-31.358870379373,-20.454072778565205,-20.336883751818686,-20.220223503591058,-21.275984237082465,-23.744508773407283,-29.045715672943608,-62.340302703545305,-233.98007239717256,-98.16665805308757,-21.67105757128664,-29.127434323009254,-23.130439348475207,-21.150630483511485,-20.27834168993941,-20.2327983028844
-20.419163304552733,-20.55293014036488,-20.41499327764124,-22.374504729367256,-30.12671989348873,-20.458170872718902,-22.298700651948987,-44.77129365710154,-60.53008316821153,-20.857466775890465,-20.468313835822645,-20.594315517687104,-20.601313735501652,-20.84157915540265,-31.237065393836595,-20.643304134432093,-20.52693441322629,-20.40881524493168,-21.442132683868802,-23.858470123091255,-29.26479668685753,-60.94842806229585,-233.23263902190283,-96.24416056425137,-21.819465081474924,-29.249519365200612,-23.317259146901996,-21.31280057631181,-20.461747890585794,-20.417145164790185
-20.69902756216989,-20.83003098337694,-20.697599336235776,-22.627376086899098,-30.24248918653781,-20.738111878425087,-22.533771948039483,-44.76570094886422,-59.7322431403384,-21.122886210893448,-20.745425592062844,-20.867774581702975,-20.87339499428348,-21.099442139118345,-31.20600388371588,-20.90928475529244,-20.802683052025962,-20.689532806199583,-21.69125113428118,-24.04173963454437,-29.384764914809395,-59.983702787444464,-230.4393144091738,-94.79413617337676,-22.049672006414298,-29.314042931514713,-23.531754051287948,-21.564070868402123,-20.740892188708642,-20.699388371909947
-20.79849831325304,-20.92673572992165,-20.799304923560133,-22.69032101525331,-30.265088242550554,-20.839200741918148,-22.604310041502586,-44.7779241629361,-59.599691479137206,-21.222083333470273,-20.84242112702197,-20.96559188622794,-20.967542649754584,-21.19137779141101,-31.232370734130534,-20.998255167524025,-20.89767659298338,-20.78837563963595,-21.779166631470975,-24.105051249582655,-29.368606525717578,-59.921699184686474,-228.81400719826996,-94.63043105177063,-22.132758627459655,-29.305489066006047,-23.58912198766931,-21.654973953646042,-20.840881910018965,-20.80100676979844
-20.79849831325304,-20.92673572992165,-20.799304923560133,-22.69032101525331,-30.265088242550554,-20.839200741918148,-22.604310041502586,-44.7779241629361,-59.599691479137206,-21.222083333470273,-20.84242112702197,-20.96559188622794,-20.967542649754584,-21.19137779141101,-31.232370734130534,-20.998255167524025,-20.89767659298338,-20.78837563963595,-21.779166631470975,-24.105051249582655,-29.368606525717578,-59.921699184686474,-228.81400719826996,-94.63043105177063,-22.132758627459655,-29.305489066006047,-23.58912198766931,-21.654973953646042,-20.840881910018965,-20.80100676979844
-19.850361662153478,-19.991280288425656,-19.83989430065952,-21.885938264581608,-29.93655288912968,-19.888046648721748,-21.834706276407083,-44.857855830655666,-62.105111234310215,-20.314647111524856,-19.90638365957888,-20.038005222451048,-20.05015638925884,-20.31686957029716,-31.287199171485142,-20.106443498014066,-19.96913475901202,-19.839107854540835,-20.93758295408451,-23.493148079736585,-29.086838936694537,-62.74890530428698,-240.0548156114189,-99.06171061984121,-21.351451734059445,-29.16119564448555,-22.90142523668783,-20.80170139352429,-19.89388259145504,-19.84270348577138
-19.976417220300387,-20.115605917577614,-19.96740102070356,-21.991670848538728,-29.97458157089034,-20.014501523579852,-21.936209144218918,-44.830687835223024,-61.761041819069575,-20.435295688267377,-20.03080410222127,-20.161350154471265,-20.17214385517386,-20.433270366818697,-31.277494895190273,-20.225111703364096,-20.092505803198776,-19.96528474390687,-21.049245595819063,-23.573629336727908,-29.119621153678658,-62.36682096782502,-238.428959986248,-98.44948570103912,-21.455245365230184,-29.176293295016478,-22.99159587282269,-20.915026444403388,-20.01977857601092,-19.970073464843516
-20.572473491997123,-20.701920495082412,-20.571736412390564,-22.470435071723752,-30.164525975051976,-20.61401734425799,-22.406938465492825,-44.78950550811658,-60.330619049140424,-21.010711819468963,-20.617838565983824,-20.745103185711145,-20.746404205066945,-20.983513658998724,-31.278352945736145,-20.780432640606552,-20.673239592004364,-20.5611065767465,-21.57752113922475,-23.957612355435664,-29.235383983297943,-60.867574683013764,-230.70547673110133,-96.00668947515764,-21.94759878136835,-29.231631765003968,-23.404378213936738,-21.452951505905993,-20.615882222260883,-20.573766692785156
-21.291189349203638,-21.413274725675475,-21.298094267543295,-23.118788076246034,-30.48081615321757,-21.333317936968797,-23.011131951655276,-44.85968825052993,-58.36621096078481,-21.693198032807015,-21.329162612723927,-21.447350279689164,-21.44426538547672,-21.64477940475645,-31.218170996442,-21.461363271647105,-21.381043568303866,-21.28197669859512,-22.218127083000144,-24.42991951304266,-29.55277358368876,-58.47760127825151,-224.00190740419902,-92.46358775894981,-22.53913845727029,-29.411229134857756,-23.956809384175532,-22.09897941861345,-21.33296228054917,-21.299133298013786
-20.447240260239056,-20.578280163245196,-20.44501466182369,-22.362328989378888,-30.11892199227023,-20.48844330127502,-22.304472492351085,-44.79315761655894,-60.66758049158699,-20.891165425593396,-20.494152951509967,-20.62265192044866,-20.62518372385909,-20.868245720050048,-31.287406649929665,-20.662571628937343,-20.550452786237116,-20.435670290669396,-21.46634916443216,-23.877046717755,-29.193387698203683,-61.257343261409915,-232.10917017802322,-96.60192850136723,-21.844678677528073,-29.209260947189144,-23.31225400241211,-21.340376845884624,-20.490826202491945,-20.447200487374698
-21.01020201608476,-21.135015586311788,-21.01415540123434,-22.86278377066487,-30.346040015869477,-21.052192703015827,-22.773086571536926,-44.808666812245946,-59.11996321332178,-21.42646448927512,-21.050916278687072,-21.1728352579056,-21.171290038721345,-21.38623920065077,-31.2385602397717,-21.194878181180187,-21.10403602458278,-21.000055508487222,-21.967213153436255,-24.242835945732132,-29.420234527829066,-59.40604021238728,-226.3980415063681,-93.82699234841603,-22.307527488951976,-29.33480543984853,-23.738288229831188,-21.84621620614019,-21.052646983633068,-21.015596589744117
-20.469783125102435,-20.601735711714753,-20.466990615874373,-22.399903562739123,-30.134677740663925,-20.5099699808638,-22.331525635178387,-44.77721623710706,-60.49930738362714,-20.909205128403457,-20.517365267872922,-20.644271760860278,-20.648702322439853,-20.888660851619175,-31.25965617407921,-20.68747314213313,-20.574584008509092,-20.45888890408839,-21.486767407742377,-23.89111789546535,-29.24136260134569,-60.98807681058,-232.2379473788198,-96.24299023686822,-21.86226536476677,-29.23614990985949,-23.34177459662736,-21.35950662178754,-20.51280669364296,-20.46911516243635
-20.804715085928088,-20.93191802157456,-20.806282307859426,-22.68159915783922,-30.258995593473287,-20.846286764032214,-22.602473776587093,-44.78781377206887,-59.661067102060976,-21.230599025720196,-20.847778783771965,-20.97197100718784,-20.972174764571893,-21.197170834057346,-31.25079993144835,-21.00108530676686,-20.90215580420626,-20.794103666329377,-21.784238976871006,-24.108265496207594,-29.339166295145354,-60.04888374152141,-228.42495151434048,-94.78868702995481,-22.138325219286127,-29.289008010238973,-23.583475342200508,-21.661320856918987,-20.84750575917175,-20.807999090697926
-20.92556261453629,-21.046619711418952,-20.93214385423335,-22.722889123618742,-30.29076871180974,-20.971622578317692,-22.669845213594694,-44.89554194065789,-59.71749732386638,-21.358382597747195,-20.963584306036996,-21.091207458107085,-21.082141322740874,-21.307673443397533,-31.32905562750411,-21.099414401841727,-21.012954400200886,-20.912783904146714,-21.888784019990208,-24.18629478321344,-29.23544187078573,-60.36738148934076,-225.99638163823596,-95.17966032268075,-22.23791807997256,-29.226462700556375,-23.624051980436704,-21.773019926375728,-20.97023727181542,-20.933797369768595
-20.768246887323134,-20.896221678341995,-20.76914676464841,-22.654594272749744,-30.246957134642837,-20.809436806498695,-22.57475660406392,-44.78183685252833,-59.73014752520566,-21.19490813253398,-20.812010179122748,-20.93621469756123,-20.937334734799837,-21.163583195447973,-31.24646936032165,-20.967773409882,-20.86691786014211,-20.75773607568075,-21.75195483171479,-24.084724810524357,-29.33655418032145,-60.11101961889165,-228.91031378447894,-94.89367216689239,-22.108153486785472,-29.287633180660812,-23.559801466914237,-21.628249221481337,-20.810949416319865,-20.77090312491018
-20.49040201167036,-20.61337346736606,-20.494332661250205,-22.29632476570544,-30.151222756787327,-20.538547816130894,-22.289744300851808,-45.00846239540384,-61.23308254739486,-20.95459593423041,-20.531479531112478,-20.66674378069477,-20.655827312049837,-20.90841415394817,-31.438552751073065,-20.678862527585224,-20.580314081914235,-20.474940267661403,-21.500683212418554,-23.92010777504617,-28.965476096623643,-62.352410282873834,-230.17593821516334,-98.10220424157706,-21.88215889432255,-29.067350811858518,-23.2636067810594,-21.38515785582139,-20.537344466942603,-20.49665514307355
-20.49040201167036,-20.61337346736606,-20.494332661250205,-22.29632476570544,-30.151222756787327,-20.538547816130894,-22.289744300851808,-45.00846239540384,-61.23308254739486,-20.95459593423041,-20.531479531112478,-20.66674378069477,-20.655827312049837,-20.90841415394817,-31.438552751073065,-20.678862527585224,-20.580314081914235,-20.474940267661403,-21.500683212418554,-23.92010777504617,-28.965476096623643,-62.352410282873834,-230.17593821516334,-98.10220424157706,-21.88215889432255,-29.067350811858518,-23.2636067810594,-21.38515785582139,-20.537344466942603,-20.49665514307355
-20.547116082799025,-20.668654313562413,-20.552322837036545,-22.3371588609813,-30.17640659937264,-20.59604806573054,-22.331782838462907,-45.03624829852119,-61.1336440815807,-21.01056071017601,-20.587029455432372,-20.72223722093036,-20.70957666593791,-20.96019482320922,-31.44499898607865,-20.729705877987275,-20.634794749941367,-20.53139730820098,-21.550333010841115,-23.95754412369467,-28.96388424964236,-62.27086622780854,-229.47481850576276,-97.98523674083175,-21.928114047485114,-29.063800480312096,-23.297996664416882,-21.436366806735474,-20.59429590898872,-20.554584537200245
-20.708301641689573,-20.845372494631285,-20.703144295568123,-22.734926151465427,-30.373346174728944,-20.742146045436318,-22.589252846143477,-44.85186199785477,-59.22919381114792,-21.11572775511159,-20.76011576814279,-20.8741761169265,-20.890613198384806,-21.105531355130452,-31.07633879732768,-20.935646633700145,-20.82208931746211,-20.70204182383938,-21.700970083987283,-24.064939619160167,-29.601397231852648,-59.020771352045216,-233.47554432905423,-93.71568276458632,-22.050351715209963,-29.422715728730306,-23.60451703101782,-21.566180846270303,-20.74764004209826,-20.704748470614074
-20.636514310253684,-20.77097372953925,-20.632626767275735,-22.615832084366428,-30.260355483510402,-20.673106605871375,-22.50272090076693,-44.777924399991875,-59.675456659000076,-21.055906061886283,-20.685976689340578,-20.805533515966566,-20.816496640706966,-21.04082691926613,-31.152053185110077,-20.858220730402092,-20.74586724748069,-20.62832145700609,-21.636329446336777,-24.00559858290793,-29.455124214741417,-59.751027068552915,-232.30811482606885,-94.59547174811877,-21.99531690136373,-29.350153829816847,-23.514216618177795,-21.505115642120636,-20.677344910309696,-20.63441859872209
-21.46322151549766,-21.572209783978714,-21.4814179363024,-23.13351914149178,-30.533634986867817,-21.51553833942903,-23.080593655958285,-45.20295890772174,-58.69493676575647,-21.88364317828618,-21.490874463343104,-21.61672049008537,-21.593091604158932,-21.79644772896472,-31.372761326915352,-21.58416293930772,-21.532023591462693,-21.448995252362902,-22.36137893486916,-24.531950379995216,-29.29534926968963,-59.36799593165824,-220.187640037162,-93.82556150416657,-22.67292212992671,-29.25411116112879,-23.972714954635336,-22.257452283974743,-21.50955934773812,-21.482338303901795
-21.367017806737092,-21.476973617010938,-21.384082586668704,-23.04557796848858,-30.493679889757388,-21.419260825604116,-22.999413976445016,-45.185201726192375,-58.96404735575574,-21.792752559268624,-21.39573901844723,-21.522815887885557,-21.499823098777338,-21.708521719401087,-31.382502409431808,-21.493384874859082,-21.437235734697175,-21.35244841234536,-22.275684718973462,-24.471284633145466,-29.247777330762005,-59.70727229503542,-221.02845149266034,-94.31125431757154,-22.594266169325266,-29.2247360778131,-23.89760450585,-22.171216838691016,-21.413581392,-21.385158798638304
-21.57909526024606,-21.6910122353918,-21.59512859564184,-23.286002948320313,-30.575752941664515,-21.627930727820424,-23.2043382601167,-45.08087215825204,-58.10577866717608,-21.983744809458496,-21.608301253288055,-21.72972090384753,-21.71216383290221,-21.90556945052154,-31.309947813928467,-21.708351448484073,-21.652664920431285,-21.56723701038755,-22.469063461033137,-24.60771962499088,-29.469599351326092,-58.473238943604436,-219.76192034522586,-92.45246599092619,-22.772477228670173,-29.36440830223176,-24.10506162544682,-22.360721260547063,-21.623383439112793,-21.595826579199127
-20.418613814589236,-20.54543213938992,-20.419393650144563,-22.27200606076227,-30.107977234683887,-20.463907776828243,-22.249714517947602,-44.90438829707637,-61.16833836960317,-20.87753880718051,-20.462524410698943,-20.596017507198283,-20.590806986506117,-20.84270358020357,-31.387896202137128,-20.621093799288204,-20.51470269057956,-20.404555722578372,-21.438942184993365,-23.866519760859966,-29.032889056727303,-62.11511163372057,-231.37161723926823,-97.76886787023452,-21.823510945496473,-29.113571258777487,-23.241875668295663,-21.318684510568556,-20.46431912729113,-20.42173873670563
-21.251838556168742,-21.37410551520444,-21.25847550729348,-23.080056649895358,-30.458777387850798,-21.29412259318566,-22.97626110386057,-44.8520536136138,-58.48387417872218,-21.656309883917416,-21.29002215277591,-21.408957331801464,-21.405741721178195,-21.608529925120134,-31.22394519322478,-21.423399939019546,-21.341906998839033,-21.242391460872827,-22.18282337141877,-24.403071970533887,-29.527483003788422,-58.632654607206874,-224.25239074407173,-92.68644902025393,-22.506678907751667,-29.396694909482058,-23.924002014917182,-22.063673780025848,-21.29378901065036,-21.25957554053526
-21.251838556168742,-21.37410551520444,-21.25847550729348,-23.080056649895358,-30.458777387850798,-21.29412259318566,-22.97626110386057,-44.8520536136138,-58.48387417872218,-21.656309883917416,-21.29002215277591,-21.408957331801464,-21.405741721178195,-21.608529925120134,-31.22394519322478,-21.423399939019546,-21.341906998839033,-21.242391460872827,-22.18282337141877,-24.403071970533887,-29.527483003788422,-58.632654607206874,-224.25239074407173,-92.68644902025393,-22.506678907751667,-29.396694909482058,-23.924002014917182,-22.063673780025848,-21.29378901065036,-21.25957554053526
-19.9490496394967,-20.08881711321465,-19.93959049765909,-21.972042256757163,-29.967848727096886,-19.986864801467785,-21.915651155500914,-44.83513079825387,-61.814801615089536,-20.40845670767648,-20.003952095943877,-20.13447555457214,-20.145928627743352,-20.407849750852993,-31.27428772843725,-20.1999240585238,-20.066063768564582,-19.938002371628606,-21.02499916025552,-23.555902665340817,-29.119636818447177,-62.41160294684596,-238.85526885569584,-98.53728722211133,-21.43238293087676,-29.176857682139268,-22.974213259240145,-20.890156200025004,-19.992355195629738,-19.942285716162463
-20.93439025339651,-21.064652712687725,-20.934265033184165,-22.864718898379266,-30.376758646930963,-20.972207781687374,-22.744262871602967,-44.79381390968598,-58.96951274472369,-21.342419148771352,-20.979904302144174,-21.097192824250524,-21.104366948640937,-21.316115126230507,-31.15544950491161,-21.137590022348178,-21.037285717185526,-20.92643925112629,-21.901811195535416,-24.20238574170647,-29.542260443593037,-58.971732949298314,-228.96747877669313,-93.3535950066304,-22.242623219358045,-29.39935118847299,-23.729947279888922,-21.77439721952549,-20.975025326607803,-20.93570122100978
-20.236624647637857,-20.373185261509366,-20.230068834605408,-22.225480335383395,-30.066921985504504,-20.27473689957943,-22.15314496993938,-44.78601160416501,-60.97705771716627,-20.681656005604715,-20.28838751495647,-20.41556134762649,-20.42515330620651,-20.672941063082845,-31.23852997294069,-20.472588234120806,-20.348764902003477,-20.22625395754144,-21.280102003225633,-23.74037629760647,-29.223113015585966,-61.42736799742155,-235.53721430814323,-97.021561886962,-21.668457031063365,-29.228468708847494,-23.18869848683688,-21.148060358041956,-20.279272969246684,-20.232421072784565
-20.86472405697759,-20.994827208809646,-20.86445937013838,-22.788553763754173,-30.328254316248785,-20.903238814987038,-22.678947393671333,-44.7788279467943,-59.219521112026655,-21.278332481971535,-20.910150418363457,-21.02942663243768,-21.03547864528048,-21.25202797890388,-31.17693728311555,-21.068890002398902,-20.967201946586528,-20.856120377076138,-21.839287452190806,-24.153294714941605,-29.482549953786492,-59.321463734824306,-229.2012868544931,-93.83626313900182,-22.185734172210278,-29.36731780060742,-23.667163826425842,-21.71242107408808,-20.905874742822075,-20.866009932610005
-20.7777555037085,-20.90667376456403,-20.778016538528732,-22.678661165791173,-30.261072146833925,-20.818026762368124,-22.590338993019746,-44.7736014093763,-59.6190839638376,-21.201125171887025,-20.822279328453483,-20.94516693030926,-20.94806686043265,-21.172221479421356,-31.22494319056655,-20.98004691786188,-20.87804351216221,-20.767817251344372,-21.7608945014333,-24.091945093621437,-29.375286191371544,-59.9193170007708,-229.18286016462758,-94.64389784179735,-22.11541861778972,-29.30914350288704,-23.578257741443117,-21.635948978401082,-20.819985072004968,-20.77973458000399
-20.640677693618073,-20.770217716036363,-20.64007697751144,-22.54358863206471,-30.19667405387907,-20.681551727090163,-22.46970565580966,-44.77743602487344,-60.06728341677082,-21.07314864961533,-20.685965412193216,-20.811481763110617,-20.81379443402729,-21.04613325963804,-31.254211624185157,-20.847601653112584,-20.741736978774064,-20.62992898522201,-21.638511537667842,-24.001744649222807,-29.290632529894367,-60.50467718638436,-230.26096925063035,-95.49094307341433,-22.003126935366577,-29.262388107129617,-23.46498634053178,-21.513472437152394,-20.68357119589537,-20.641996605605026
-21.02275458789627,-21.143369230360225,-21.029962341299967,-22.818137588942346,-30.33031967013908,-21.06839243267848,-22.755150698231205,-44.8867423146166,-59.39943831432763,-21.448966439438372,-21.060139941514695,-21.186033318480742,-21.177319561513407,-21.397006761861704,-31.309237715268793,-21.193254642424996,-21.10958117150185,-21.010561934109937,-21.975692223689556,-24.248397215363244,-29.296477456360734,-59.949959556258435,-225.17854740731923,-94.56962419736895,-22.317729247771144,-29.26238387434301,-23.70474805135902,-21.85991882614196,-21.066954789189854,-21.03146582300406
-20.713822758311288,-20.841942839675188,-20.714453249601018,-22.59950767281001,-30.22125994313675,-20.755343408312495,-22.526151087152797,-44.78541401878162,-59.91687602536224,-21.144394290352714,-20.757815295994195,-20.883166390548777,-20.883878044495155,-21.113537982014556,-31.260103875383653,-20.914869957811657,-20.812628437411494,-20.70293575179349,-21.703309568648532,-24.049046985644985,-29.29950574261592,-60.35983177372395,-229.3119949758244,-95.25176381034217,-22.063607527484315,-29.266945722496004,-23.513707467862076,-21.57970126053635,-20.756834264378465,-20.71629265616766
-21.065690144940994,-21.195003736823377,-21.066672770849618,-22.988868572530965,-30.44976730339549,-21.103288592190413,-22.858025782666385,-44.82148890320862,-58.60099227747615,-21.46652010865315,-21.11028225620613,-21.225391521408707,-21.232453420885953,-21.437197611115543,-31.141304951542054,-21.2632856559104,-21.167271876281596,-21.058321349261554,-22.019291506969786,-24.29256029461107,-29.613120954486014,-58.50635686177253,-228.008341441255,-92.67542018104801,-22.350954029988113,-29.43831857330481,-23.835100956733548,-21.892383526174157,-21.10588184907942,-21.06792334394819
-20.114985776376777,-20.2537737193087,-20.10665046723067,-22.13250295215575,-30.033104294077194,-20.152194532781778,-22.059057110436463,-44.80231697672495,-61.24376010363072,-20.56340637115689,-20.16878185628098,-20.296260299264148,-20.30820540023097,-20.560222174882497,-31.231236806887395,-20.35974176572652,-20.230652448183562,-20.104802187809067,-21.172185992248615,-23.66180456196738,-29.209568627719904,-61.68369867778961,-237.26831848090995,-97.47450270672071,-21.56723046482018,-29.222516531201357,-23.10728091923555,-21.037850257241296,-20.157528179799257,-20.109119842841036
-21.35040982854106,-21.46957610733104,-21.35976202484588,-23.1404074282158,-30.48672660446632,-21.394652344807902,-23.04445249906094,-44.90149108168271,-58.373094613357715,-21.755083774051563,-21.385839397623776,-21.505730359513706,-21.4981994694344,-21.698515208267853,-31.25243983396878,-21.509617905684358,-21.435475933651848,-21.3402146389406,-22.26932442638651,-24.464387708761883,-29.507234634879836,-58.59637187090567,-222.76155163700324,-92.60532456396575,-22.58760239000901,-29.38626501276954,-23.97823689733338,-22.153454022870395,-21.39305089528397,-21.360753045914844
-20.929215008054854,-21.055680183278014,-20.931703816979947,-22.801668710824366,-30.317816935750507,-20.970405815238493,-22.710950816598178,-44.79156211218756,-59.276073687886736,-21.347392369974116,-20.97144113846001,-21.093461612423944,-21.093862168986416,-21.311741535903188,-31.229673982530702,-21.12079204236367,-21.025669249686576,-20.91925172110309,-21.895455901730756,-24.190555485124253,-29.411241407352183,-59.55281294602206,-227.42435883802693,-94.06694336280474,-22.240591837211767,-29.32946284935884,-23.684784476657274,-21.772816749480427,-20.971486771854597,-20.933238809813183
-21.073210394784724,-21.19754952770662,-21.07771547997993,-22.922113263850374,-30.376447415581133,-21.11510567113347,-22.827375384409343,-44.81573923659928,-58.937702461546706,-21.4858931766178,-21.113420636963255,-21.23435456720169,-21.232714757641862,-21.444229660396477,-31.230872011956386,-21.2551045740702,-21.166379606295305,-21.06334175886478,-22.023517979629496,-24.284742622190972,-29.45399663278765,-59.17509290213083,-225.88626037465087,-93.48985820843454,-22.35939965412972,-29.354051688627614,-23.788645172856846,-21.902774652306963,-21.115442065909217,-21.079065027610337
-20.679681140603336,-20.806372732661632,-20.68125498250797,-22.54306255791192,-30.198703082769676,-20.722777557000036,-22.484983245008305,-44.815272595713026,-60.16446141702538,-21.116979898639325,-20.72263967483229,-20.850332082979378,-20.848120527196414,-21.082256576648106,-31.299303426116666,-20.876828526958313,-20.776012466647604,-20.667759912270668,-21.672057731920795,-24.02716601840633,-29.22645701744932,-60.75661805817316,-229.1431156270898,-95.79486214926706,-22.036286099456277,-29.225013082734165,-23.468505216998036,-21.55045791718202,-20.723561302581906,-20.683183683936235
-20.943480875796944,-21.067404017135985,-20.947895853118098,-22.78025566870659,-30.305314555383603,-20.98682018876848,-22.70574856356337,-44.82449592292028,-59.42459148819867,-21.36723660534676,-20.98361703105366,-21.108058956242278,-21.10416875004577,-21.32471529430988,-31.272797059200197,-21.126552777711716,-21.03567510034652,-20.932321377910018,-21.906794401882873,-24.19761955744377,-29.339696077442575,-59.85828239549103,-226.53864207988147,-94.46215727127007,-22.25286174171591,-29.288771180164876,-23.670170691039154,-21.787280721645075,-20.98676298547922,-20.949463182923587
-20.404147751394234,-20.541452195582146,-20.397690991422536,-22.41552261140103,-30.168401591133232,-20.440195108981108,-22.311631542785115,-44.78279277158238,-60.27724125132896,-20.833647802498927,-20.45630405741544,-20.578177082847454,-20.59125276404183,-20.826060595480836,-31.162166985094792,-20.63876084582586,-20.517836277687156,-20.39555829847799,-21.42936390472652,-23.85209499097881,-29.376358161968632,-60.43962986427162,-234.85589229815133,-95.67553244008377,-21.802944093528648,-29.30813161020157,-23.342301931093502,-21.295636145898047,-20.445335898347974,-20.399759173406423
-20.964906865823707,-21.091206972466793,-20.967629063566648,-22.83678270895036,-30.33598002256946,-21.005950025969934,-22.74243857257862,-44.79394704483303,-59.163982346491515,-21.380784478994368,-21.006936502521555,-21.128278350734778,-21.12881322526823,-21.344598984599823,-31.223160045792582,-21.15525118789463,-21.061158745044363,-20.95515330593596,-21.927389278792646,-24.21443867375756,-29.433569123366517,-59.40605482930181,-227.1657179254604,-93.85504042757636,-22.269925835828047,-29.342005380886192,-23.714363067512306,-21.80476980910204,-21.007012215361097,-20.969110635980176
-20.588795288084086,-20.71877060938381,-20.587732174298534,-22.495465173217248,-30.175294376257174,-20.629724321950555,-22.42557707269397,-44.779595989334524,-60.223315280723,-21.02421132809607,-20.634541788819817,-20.76082072366933,-20.763256379399042,-20.998400275621073,-31.26192621827108,-20.798084400560175,-20.690486888692586,-20.577844293557934,-21.59231777443694,-23.968078673809117,-29.265493627516733,-60.69866497980374,-230.7557121725335,-95.7780484575037,-21.960563886763744,-29.248605067668898,-23.424328592495694,-21.46698758409504,-20.631857144887206,-20.58972262617341
-20.591703034220107,-20.724209993979578,-20.588917815742388,-22.53729789100329,-30.202211754341178,-20.6303594898368,-22.446829900410595,-44.76366467214828,-59.99663259950578,-21.019820159063194,-20.63952578601326,-20.762729695828156,-20.769678471218544,-21.000399323881766,-31.207473814509292,-20.80863735786321,-20.697684175144968,-20.582115349617567,-21.595787241337685,-23.97157768809238,-29.353444838096678,-60.2780594846472,-231.66399294479058,-95.25716999349186,-21.960904795453487,-29.296947378124365,-23.454144649676348,-21.46723053096633,-20.633648299749268,-20.590834913027898
-20.299922528437097,-20.43087126721917,-20.297354215829444,-22.206012302931274,-30.063049256376573,-20.342524690433702,-22.170385807970003,-44.84167829139581,-61.25674811976554,-20.756571602223946,-20.347177413068295,-20.479283663250936,-20.47976783209057,-20.733261182694033,-31.34397426858702,-20.51778911078256,-20.402700758648958,-20.28705805648504,-21.335026608486544,-23.785753953966033,-29.078977872691382,-62.06184669793796,-233.27673337284799,-97.75453730563731,-21.725259137995533,-29.14544385144194,-23.182913934610607,-21.209963543365888,-20.344614927693918,-20.299777002654334
-21.25069362308525,-21.3683324865866,-21.260955746698986,-23.01645474267229,-30.427327164510743,-21.297103221822688,-22.942650576648823,-44.93422791680249,-58.81977786119002,-21.666667796898473,-21.285168088060278,-21.408768324583033,-21.397487271661994,-21.605924244790216,-31.29928850896716,-21.406607071168477,-21.333016081279094,-21.2389018977566,-22.178276859418567,-24.39571995338699,-29.38183390681698,-59.2642380952729,-222.9679947357336,-93.56862052960199,-22.5045689933688,-29.312122965503846,-23.874158750227195,-22.064899512158377,-21.294660354273866,-21.26213477498327
-21.347658706235805,-21.462014517782897,-21.360916235490194,-23.07609134975845,-30.468835218686458,-21.39619307352789,-23.009256376594806,-45.020238311399154,-58.72031491178852,-21.7642087910378,-21.379410998820706,-21.503732229901164,-21.487894450621965,-21.69362999987629,-31.325829563260584,-21.490183274673804,-21.42479024285723,-21.335051510637218,-22.262676048116226,-24.457518319216486,-29.359128879274976,-59.238904489264826,-221.6910076834098,-93.54965308405374,-22.582639292116028,-29.29727554511861,-23.925548275077087,-22.152803251736852,-21.39241664952465,-21.36197860597173
-21.217542326716,-21.331890143125666,-21.230421722696452,-22.94179762627532,-30.41680726953772,-21.267143521984558,-22.891115208228637,-45.04585961390822,-59.17718161095007,-21.64435378733436,-21.249787024624606,-21.376792730340195,-21.359560470997366,-21.573698646464884,-31.35766973570452,-21.36256516447845,-21.294486071295147,-21.203846253425148,-22.145501849237842,-24.374577631664994,-29.257948175200134,-59.863267546337525,-222.65762750642796,-94.47072287964066,-22.47495938981076,-29.23498708335986,-23.810754720000077,-22.0364783031751,-21.26318573250347,-21.231701524308452
-20.450202948321795,-20.588421650346,-20.44337614717309,-22.479640327855797,-30.21593297196278,-20.485103076596225,-22.360890889246242,-44.8024212294369,-60.03393312772783,-20.873683070543887,-20.503125661182608,-20.622540992199163,-20.637811914634046,-20.867769317897803,-31.12652855998566,-20.6863343699478,-20.565480382207248,-20.44246904728861,-21.470510518099108,-23.885722746292714,-29.44361589491281,-60.064777206847765,-235.1031050724038,-95.2025526622075,-21.838929593342556,-29.34200394312429,-23.392095591587406,-21.335445059454738,-20.4907172680015,-20.44534465933343
-21.259380548911075,-21.383926196921777,-21.264360620654667,-23.12098816517012,-30.495523269368253,-21.299594200387865,-23.000207966682897,-44.845855478082456,-58.300184041730034,-21.657779458935835,-21.29954382525789,-21.415668037576037,-21.416559643185284,-21.61585087025455,-31.183409204455806,-21.43818432057749,-21.353336323551638,-21.251157790301978,-22.19105904244905,-24.414528364300303,-29.60739594243173,-58.28988014981299,-225.09664554288122,-92.24193212410754,-22.51258203305419,-29.440122830479865,-23.954886899959394,-22.06903474781103,-21.300317752441472,-21.265404500621564
-20.26218865277954,-20.397408996052548,-20.256578516425932,-22.231207883520753,-30.066147464418734,-20.301268302621764,-22.166525053726886,-44.78793973825807,-61.00238125754724,-20.70909723942448,-20.31281943062282,-20.44099624707186,-20.44854210426977,-20.69705856527906,-31.260499496599422,-20.493742674979178,-20.372113557899073,-20.251309035817673,-21.302628667436345,-23.75708357160014,-29.19583763153648,-61.52440967468344,-234.85298696119884,-97.10794528093409,-21.690765882008083,-29.21329940523643,-23.196384894040495,-21.17218580743627,-20.305241132778203,-20.258932871020793
-21.174961015090123,-21.30219334760156,-21.17774864283468,-23.072301407250634,-30.485650497330052,-21.213498351079288,-22.942828733701518,-44.835168189722125,-58.389493640391066,-21.572981422457293,-21.217605749488186,-21.33255807930555,-21.33722307048715,-21.53809479395906,-31.154574128898094,-21.363935117226628,-21.27327509184928,-21.167417829091487,-22.116560816838156,-24.363409293089667,-29.629444106296738,-58.30310967165835,-226.61460564101708,-92.32815011591696,-22.44201785523803,-29.449498873018022,-23.909071983686655,-21.99165988176126,-21.215317548636186,-21.17887217836307
-21.18888502232556,-21.315282056190643,-21.192300808990325,-23.07430274774364,-30.479353667196214,-21.228038402712286,-22.949249697466126,-44.83297057529486,-58.40193003865322,-21.587917237343,-21.230761649589745,-21.34640685563218,-21.34975518066177,-21.550948168311063,-31.166474847863178,-21.374983705667674,-21.285815199672097,-21.18102807769881,-22.12865993623094,-24.370461087484387,-29.612631610064902,-58.35488262135112,-226.17571220377084,-92.377194671053,-22.453884132559608,-29.44120659046579,-23.912442203734166,-22.004723328563863,-21.2294984093086,-21.193420261445166
-20.398836146959127,-20.53197682510695,-20.395022404162408,-22.3432540485932,-30.111312961996816,-20.438577173438354,-22.275603492745066,-44.778450221390365,-60.6639138984455,-20.84060985688923,-20.447518606593604,-20.574778889418656,-20.58040688661955,-20.8231832488825,-31.258201117021528,-20.621510780064447,-20.505508134929038,-20.38798359840181,-21.42384931621015,-23.84526409132266,-29.227869445465814,-61.159011582991795,-233.14391528722194,-96.521372597628,-21.80360692654233,-29.229370241073266,-23.29277871839482,-21.29541583515772,-20.441835936451156,-20.397224635787634
-20.154689193110336,-20.29873738571375,-20.14354971001769,-22.26400856261583,-30.155942555686366,-20.187134834331804,-22.13564104499243,-44.88103444947606,-60.61980740510852,-20.584920326729595,-20.212937060972852,-20.33216254464801,-20.35389777955454,-20.59239614410757,-31.08788017613859,-20.41245305646928,-20.279041723326074,-20.147629812007633,-21.207183013183496,-23.695869107005674,-29.427091048773807,-60.57752534161125,-239.75290544158074,-96.23498334158415,-21.589864088915565,-29.330484464720165,-23.197833719211978,-21.066114301676308,-20.19481819767431,-20.14577902351236
-20.71596101037698,-20.849056205328058,-20.71321656322664,-22.67816172071589,-30.28578069706274,-20.753084565561856,-22.565166012161875,-44.77634609291498,-59.504352202411724,-21.132955883255093,-20.764154744993743,-20.883431453747043,-20.89296279155837,-21.114378720991184,-31.157657932962827,-20.932072357819013,-20.823178580300045,-20.707701671681793,-21.707048464694477,-24.057359681512573,-29.46931571031604,-59.579064235903495,-231.27603852705926,-94.30157990513439,-22.061548367033463,-29.358428021043885,-23.568996985990765,-21.57716659198915,-20.75683633856828,-20.71492245672291
-20.732979436414936,-20.857994655080212,-20.73595920524422,-22.575361572104157,-30.21667325713858,-20.77712667170524,-22.52181295842439,-44.839541874758325,-60.10668495812755,-21.170620468500363,-20.774520679814415,-20.90268801325734,-20.898198787518357,-21.131208843087165,-31.314986700431856,-20.923665995605432,-20.82660244269503,-20.7206289520436,-21.718817520117394,-24.061977865250444,-29.21297558884305,-60.74555193274232,-228.32568049543423,-95.75656954369254,-22.080228999106286,-29.216138565472317,-23.49723161994512,-21.599080507221256,-20.777233229043148,-20.73784157726852
-20.732979436414936,-20.857994655080212,-20.73595920524422,-22.575361572104157,-30.21667325713858,-20.77712667170524,-22.52181295842439,-44.839541874758325,-60.10668495812755,-21.170620468500363,-20.774520679814415,-20.90268801325734,-20.898198787518357,-21.131208843087165,-31.314986700431856,-20.923665995605432,-20.82660244269503,-20.7206289520436,-21.718817520117394,-24.061977865250444,-29.21297558884305,-60.74555193274232,-228.32568049543423,-95.75656954369254,-22.080228999106286,-29.216138565472317,-23.49723161994512,-21.599080507221256,-20.777233229043148,-20.73784157726852
-21.641421366460772,-21.755044350735254,-21.656220213166797,-23.371517565536866,-30.614898099156775,-21.68825914423079,-23.272907022258053,-45.039323852646646,-57.79212359248078,-22.037546276863225,-21.671760129519843,-21.79036680740194,-21.776379527622527,-21.96428012624291,-31.27509383801311,-21.775540280868796,-21.71790188759594,-21.630915996460498,-22.527061351038828,-24.652589143158025,-29.569471064981272,-57.98633582899653,-219.77687805301855,-91.7278629695751,-22.825768858473474,-29.424976123872018,-24.177962495461696,-22.41622366118534,-21.68456440486252,-21.656795501882428
-21.759525642564935,-21.871741263961948,-21.775900371024058,-23.47673613176002,-30.675744725659328,-21.80667829445137,-23.371820680063898,-45.08952016133006,-57.50559351296985,-22.150191078479047,-21.78847523976679,-21.905718308068376,-21.890540497639176,-22.07241252454113,-31.272935850103146,-21.886235196201998,-21.833950683979527,-21.74933282749942,-22.632460228922206,-24.730865712238106,-29.622558070151346,-57.634949876255504,-218.8643554946581,-91.22960966658161,-22.922800050685264,-29.457535064031923,-24.268311294904187,-22.52256427621854,-21.802514574644203,-21.77628671042269
-20.975044057666846,-21.08957419284292,-20.987093377379775,-22.694882859431075,-30.34107499994912,-21.026504401362907,-22.67357117031579,-45.12524913676367,-60.054061893387434,-21.421285955540196,-21.00853362616094,-21.140193172596863,-21.12067576175821,-21.35062494955672,-31.422506815907425,-21.125379872317577,-21.0520600917586,-20.959413817662682,-21.9277216054449,-24.22668902324127,-29.0779106284888,-61.04901128934361,-224.78371362198223,-96.23369439235492,-22.274986967977746,-29.122895034236116,-23.599559607541103,-21.820120957460677,-21.02229773667386,-20.98877500747635
-20.63622282107054,-20.77263410085463,-20.631155680363417,-22.647402059169416,-30.302314743084565,-20.671166100318842,-22.51764146245053,-44.80999898630748,-59.52339094420502,-21.050545030622562,-20.687436764361728,-20.804366070212154,-20.818767870708385,-21.039632205681396,-31.110331922653568,-20.86339001187766,-20.748817850159565,-20.629045610693872,-21.636419243525026,-24.010912795924693,-29.522800923403672,-59.45327116139394,-233.33531578792008,-94.2731739618361,-21.992605589502936,-29.383611122932116,-23.53475447002747,-21.502778315578798,-20.676267683558315,-20.63289119289093
-20.860879165883038,-20.99201427036309,-20.85991673362315,-22.800597112495176,-30.343971922944924,-20.898529409194342,-22.683309539159104,-44.78518652529524,-59.15412476178875,-21.27212262881485,-20.907223086622835,-21.025287168955213,-21.033118922682313,-21.248260101806267,-31.157485536370427,-21.06821167316723,-20.965091099710154,-20.85278063250001,-21.8362173333549,-24.153259679462668,-29.514600921857756,-59.186778096780415,-229.6922143618403,-93.68310818825121,-22.181750293353847,-29.38383468262891,-23.674832763274164,-21.708081767594468,-20.90162604113983,-20.861447014947533
-20.389006190943952,-20.524041982751488,-20.38391168240159,-22.36264347880295,-30.125634296899854,-20.427150627459785,-22.280622735911273,-44.77091540062867,-60.53132744856525,-20.82609434424263,-20.439254656169673,-20.564452665041472,-20.573314782350828,-20.813366947675135,-31.21894176460371,-20.617480753616565,-20.49886232931,-20.379085468297603,-21.41552956355742,-23.83927811684667,-29.285654225980757,-60.891912387591255,-233.92557677145805,-96.21045301953323,-21.79361348714867,-29.260946760746606,-23.30470930868003,-21.284725916910435,-20.431251826182933,-20.3860729653337
-20.57016134185153,-20.69580127121546,-20.57222548723506,-22.414003518703023,-30.157554440179865,-20.615167904100826,-22.378620279906364,-44.87537084287922,-60.67535240850495,-21.01956726975015,-20.612689641267252,-20.74391649059655,-20.73853816328877,-20.981709201060667,-31.356909874106897,-20.765965657744168,-20.6645429448699,-20.5567679086214,-21.57357508560753,-23.960203836801917,-29.109277375302128,-61.493782938586904,-229.7947682442453,-96.85070035515272,-21.947147488295546,-29.15651494997867,-23.361516705017145,-21.45396576633698,-20.61529516455315,-20.574355391996043
-21.04694233000499,-21.17360548559717,-21.04967532944084,-22.92854111692497,-30.389494348575127,-21.086996510921935,-22.820451019398103,-44.80084758516518,-58.8547555495343,-21.455715783865795,-21.08917241970619,-21.20807066329978,-21.210219457479695,-21.420147571436072,-31.19528356832211,-21.236789308918016,-21.143992425176034,-21.03805354709472,-22.001222785908908,-24.271428441531146,-29.509638685853353,-58.96688320080189,-226.88546930775468,-93.2421669782996,-22.337115929093653,-29.384203931909234,-23.790341916865387,-21.8777177511322,-21.088354408328012,-21.05101734166502
-21.57836961213337,-21.696977298400434,-21.588926461811212,-23.371515559432602,-30.62349389162858,-21.621291849309284,-23.250426174669002,-44.95296387349591,-57.67403762664435,-21.967740064615082,-21.61298457266897,-21.728057333972657,-21.722082303398018,-21.90869953246829,-31.215311252370547,-21.73109541516952,-21.663055613800633,-21.569800895767166,-22.474521248870428,-24.62196413989388,-29.67167859679165,-57.65086367520431,-221.55833396002194,-91.25254897129331,-22.776105100546303,-29.482112338325635,-24.174206727418156,-22.357961245603107,-21.619783057173883,-21.589546482753384
-20.441711730690916,-20.58180088141562,-20.43380684949556,-22.502025844015865,-30.255280140691404,-20.475132979093278,-22.367742798959704,-44.843462576835506,-59.91396756925592,-20.86090010855545,-20.496316439178063,-20.613348016690853,-20.63179221464579,-20.85873993126093,-31.08695925219456,-20.682976852360976,-20.560028590106285,-20.434884262906397,-21.46301083388951,-23.885291112196718,-29.503130941014273,-59.8120726070194,-236.20454057311292,-94.95696169954005,-21.829061208290845,-29.370365338862584,-23.40452135919226,-21.32566647506092,-20.4815439076576,-20.435729482328195
-20.57385971802771,-20.704505313043008,-20.57228297810287,-22.48980978710049,-30.173359619462193,-20.61431759931349,-22.41681980120505,-44.7744749201574,-60.2213089395481,-21.008586209815725,-20.620175897774345,-20.746050052642335,-20.749482306683994,-20.984539732960595,-31.252736739367315,-20.785511800458153,-20.676655612529693,-20.56313908779943,-21.57923082347746,-23.958478431736165,-29.276588090910792,-60.666838442959005,-231.08017943417232,-95.75008754845013,-21.94793632014392,-29.254958932906774,-23.41850499120003,-21.453120706322515,-20.616731384690745,-20.574279172629762
-19.946281447975792,-20.086624402271795,-19.936460790990417,-21.97860513232993,-29.97185012120356,-19.983610133915757,-21.917384987043135,-44.833881903614625,-61.76820030307037,-20.404117106783236,-20.001646772858074,-20.131510409881596,-20.14395248568405,-20.404882308580085,-31.260653055629618,-20.198815926645622,-20.06425951526283,-19.93552630071498,-21.022543278934727,-23.553618799392925,-29.13803455245111,-62.32015098975816,-239.099067555883,-98.43486401656367,-21.429223417184204,-29.186841909950118,-22.978082925427096,-20.886968051388187,-19.98935453728525,-19.939140120451885
-20.259004631817433,-20.39284133056991,-20.254308986925633,-22.20625463804192,-30.055526829145606,-20.299354623419575,-22.153622504693892,-44.80289824695255,-61.145383137996085,-20.71034544711547,-20.308552346424474,-20.43844676180482,-20.443496328051634,-20.694777270710222,-31.293923461222786,-20.486507288566937,-20.366581739245465,-20.247350871780334,-21.29949276530514,-23.756104533563082,-29.14578911012933,-61.78228393217019,-234.411156216215,-97.42811948708794,-21.68969590591266,-29.185329189245017,-23.178602874660154,-21.170856393023588,-20.30269269159332,-20.25671100735055
-20.863209154442906,-20.995787971106935,-20.861330347097766,-22.825992972040225,-30.375360680844153,-20.899603853649904,-22.696659884388563,-44.80434915546945,-59.0384267308718,-21.27062689561403,-20.910857614368467,-21.02696472289072,-21.0373772685045,-21.249988263137823,-31.127977981499363,-21.07470834241093,-20.969849995363404,-20.85587817177679,-21.838762626226934,-24.159340658102746,-29.565818661476627,-58.96426024689969,-230.405396144393,-93.4296621202833,-22.182284174100978,-29.409658200925954,-23.69226969817265,-21.70881643999343,-20.903352320790823,-20.862818993627613
-20.59908201620747,-20.723657023916434,-20.60203659548263,-22.429799182008473,-30.169679126832683,-20.6447981739275,-22.397700243405843,-44.89647789608473,-60.65694544683977,-21.04912865701749,-20.64075793877528,-20.77233326013255,-20.765467696590544,-21.008215534752665,-31.367904068844886,-20.790845000094908,-20.69174974227805,-20.585376052120044,-21.59879184827031,-23.979785931861713,-29.097241715205605,-61.510809244173174,-229.3496370182741,-96.86717300850873,-21.97085949337903,-29.148208123758273,-23.375436203031185,-21.480412287471747,-20.64449014725393,-20.604145025145176
-20.976795057400615,-21.09652706374161,-20.984573770421225,-22.758976635106897,-30.311829206025582,-21.02360920038471,-22.707550837612725,-44.922326377849814,-59.63522763851323,-21.409013495081403,-21.013689572136496,-21.14137694861295,-21.13062430486045,-21.354432438130395,-31.33713033845811,-21.1451679176758,-21.062094188839975,-20.963771294292993,-21.933762018035907,-24.219502689564884,-29.233872289502628,-60.30369560848219,-225.35361165391518,-95.08532751767179,-22.279641615538022,-29.224543083643855,-23.655080583611635,-21.819388139309066,-21.02170470171763,-20.986168194983982
-21.132665683849183,-21.248005792996143,-21.144472331939646,-22.866086931775314,-30.382168666553085,-21.18208874817872,-22.820529447200762,-45.03153559320173,-59.40791502926611,-21.563770897057466,-21.16592908832033,-21.293913629111923,-21.27743976204762,-21.496066736447478,-31.36494053464481,-21.28282685898159,-21.211088676076912,-21.11874926602284,-22.07007806805182,-24.320758028899096,-29.22168283644517,-60.14535241240385,-223.46006633238176,-94.87720257634015,-22.40562597934761,-29.213434809285985,-23.746302607854645,-21.960345378681343,-21.178452333459234,-21.145880068678572
-20.83631988171828,-20.96794519022926,-20.834950255188687,-22.782321358574634,-30.33693618040692,-20.873743585283005,-22.664489348870802,-44.78467180995912,-59.20108057752673,-21.248130953148664,-20.8831186347877,-21.00118461191931,-21.009585975097256,-21.22553421588988,-31.154260994221133,-21.04561393277098,-20.941306730405994,-20.828275744955207,-21.81437422040304,-24.137418244555025,-29.512219781293588,-59.22951802753224,-230.03250379717582,-93.7602061038945,-22.161236817649023,-29.382188296477786,-23.65856177542559,-21.68574785823491,-20.877022762413777,-20.836506512509715
-20.5034507059032,-20.63349532105935,-20.502089029352497,-22.40667502560538,-30.13778889991624,-20.545057710026903,-22.348453334954403,-44.795197738632396,-60.54068527619418,-20.94562912370319,-20.549450648847213,-20.677706421966143,-20.67919487567629,-20.92004796090449,-31.28917615728168,-20.714608806159333,-20.6050911254856,-20.491822521007627,-21.516129869019213,-23.913322568068835,-29.202745244790723,-61.12790105287604,-231.39127666756642,-96.39285492278519,-21.891051326449816,-29.213787445361262,-23.35055001450676,-21.391150836099982,-20.547080638079823,-20.504213005546884
-19.90601606920444,-20.048849160682412,-19.894598514862007,-21.97759589324451,-29.98278027775317,-19.941522051836465,-21.899451830038295,-44.84765726713879,-61.6838195947239,-20.35954061940863,-19.963471281059554,-20.091124777561344,-20.10745380770115,-20.366029964251567,-31.212968138672537,-20.16613525232776,-20.028087008133603,-19.89628167393256,-20.986705753487445,-23.52700396374255,-29.197151988081046,-62.08178556507925,-240.45326462302256,-98.22677530811055,-21.3925154360951,-29.218444998227522,-22.97028746072626,-20.848118182813472,-19.948305982136663,-19.897251660962944
-20.808611772184186,-20.924620150391068,-20.8189862061746,-22.54105611808579,-30.28809735818131,-20.86018885062766,-22.53302757987569,-45.14017450222018,-60.57388191510644,-21.265052542996866,-20.843860633442542,-20.977758084797422,-20.958870654398684,-21.198420968218002,-31.45149361737463,-20.96730664194801,-20.887819164487166,-20.79231430468824,-21.779813246999815,-24.125759728084507,-28.99520255016104,-61.704842162916464,-226.48851481675555,-97.19383092343142,-22.139316033184247,-29.073297299894783,-23.468987195341853,-21.67145687223611,-20.85639466240992,-20.82092210908525
-21.062010063118578,-21.17664934726737,-21.074204873710187,-22.785283610662113,-30.363744281605218,-21.112641997404577,-22.752442711163116,-45.083760754818115,-59.72012289858341,-21.500704224804437,-21.095135261800326,-21.225033458339272,-21.206629334650675,-21.43066458132481,-31.39527759141447,-21.2110605997709,-21.13925754894296,-21.0471597046754,-22.00592516156586,-24.27840278895532,-29.14714585877047,-60.592607095382405,-223.99226701891376,-95.55031764152486,-22.3467606439741,-29.16642121182811,-23.67698856353655,-21.89757013282945,-21.108600938650934,-21.075739973196132
-20.81232483593978,-20.9437614586445,-20.81099283473388,-22.753942498603383,-30.317696726281213,-20.85010407941995,-22.640973184544933,-44.778310878421145,-59.298169070867154,-21.226410011393735,-20.85897332404818,-20.977901833082612,-20.98567766706469,-21.20351092417508,-31.164597204590322,-21.02156217485178,-20.91694469135869,-20.803986621156664,-21.7928164387269,-24.120176563805565,-29.487136866880547,-59.370839791851196,-230.04953755652707,-93.95010111372221,-22.141800433459697,-29.36894889081331,-23.63553644505289,-21.664542658241935,-20.853260622767195,-20.81259186875108
-21.62537248490886,-21.748725290570817,-21.632586302939558,-23.490113845876298,-30.755600889299437,-21.663773756041714,-23.330774277688093,-45.00552431356759,-57.24233654231458,-22.00092349186152,-21.66440916794782,-21.772525978369067,-21.775507106805915,-21.953396915628694,-31.133465403069696,-21.79260590839309,-21.71829878247509,-21.619586819269955,-22.520397187373064,-24.67708919259363,-29.863084472262802,-56.87001763676925,-223.5858365414856,-90.24469746067962,-22.81491430849195,-29.58289995656051,-24.266147448516065,-22.39761623017958,-21.66453392988239,-21.633048260840635
-20.880480671416397,-21.013687828721434,-20.878278606747,-22.854426681595072,-30.402807012746685,-20.916209603130838,-22.7175283372175,-44.82189767337488,-58.93493317794159,-21.28508552667923,-20.928704482078476,-21.043504448189513,-21.055233909980156,-21.26566695603473,-31.11092916397577,-21.093399401120983,-20.988203068837453,-20.87361385512664,-21.854418223688644,-24.173949106421148,-29.6009027311743,-58.794280627034745,-230.68465932984208,-93.22198188082749,-22.195730733328503,-29.427297248668637,-23.714060602654577,-21.723604586680725,-20.920264146739232,-20.879723187262577
-20.587899752774536,-20.7226353978566,-20.58366682372501,-22.568723497835933,-30.234673144428243,-20.624648646866458,-22.460243594160183,-44.77397592300876,-59.82583170368238,-21.010247185465772,-20.637645386749814,-20.75810694029655,-20.768954212548234,-20.9960449804041,-31.16074407399496,-20.811416199777423,-20.697624874814462,-20.579455623452173,-21.592944003345227,-23.972684370827494,-29.427308047213366,-59.943739976987715,-232.675332246166,-94.87444974662284,-21.95543662843854,-29.335474021170427,-23.47476690556255,-21.461608185432375,-20.628934362845587,-20.58552654161532
-20.587899752774536,-20.7226353978566,-20.58366682372501,-22.568723497835933,-30.234673144428243,-20.624648646866458,-22.460243594160183,-44.77397592300876,-59.82583170368238,-21.010247185465772,-20.637645386749814,-20.75810694029655,-20.768954212548234,-20.9960449804041,-31.16074407399496,-20.811416199777423,-20.697624874814462,-20.579455623452173,-21.592944003345227,-23.972684370827494,-29.427308047213366,-59.943739976987715,-232.675332246166,-94.87444974662284,-21.95543662843854,-29.335474021170427,-23.47476690556255,-21.461608185432375,-20.628934362845587,-20.58552654161532
-20.700325033450135,-20.830350642487023,-20.699569627669394,-22.613765300507787,-30.2315113828925,-20.740262231554063,-22.527699008436887,-44.768898436964335,-59.807871110107726,-21.126736900044595,-20.745899517453566,-20.869391559085816,-20.87329860432948,-21.10085150316885,-31.225692055882647,-20.907575223095783,-20.80232793120902,-20.69032704546313,-21.69204927823136,-24.041422746901432,-29.352729527547446,-60.129676185479994,-230.0530285526866,-94.97132614906022,-22.051464655058467,-29.29667800201635,-23.52237654100109,-21.566094940492906,-20.742600064659232,-20.70138222299478
-20.878698750289182,-21.00877125320747,-20.87850304149187,-22.80285255536342,-30.336623290029088,-20.91712729377247,-22.691558125001396,-44.7809356763038,-59.17367468261253,-21.29133995825225,-20.924085299353795,-21.04304405076112,-21.049210854174365,-21.264893718293077,-31.17377853174287,-21.082484664023752,-20.98115452156116,-20.870193651405792,-21.85180156560175,-24.162913928732046,-29.49238708276492,-59.25996532642665,-229.12241938102432,-93.74926790351513,-22.197190108160083,-29.37265100131048,-23.679084893843164,-21.724903839023764,-20.919771390340383,-20.8800322473655
-20.93875536793482,-21.069484200691008,-20.93834004020449,-22.876656979242114,-30.389034140215475,-20.97613640922615,-22.75189329010556,-44.799984153338954,-58.92048012435145,-21.345293731974504,-20.98468856021013,-21.101260317490887,-21.109312130695944,-21.320032651733413,-31.145231799052887,-21.14324944886192,-21.042446195908905,-20.931081343295173,-21.905898473536787,-24.206908379862718,-29.56152108918544,-58.88412988238011,-229.17677713864322,-93.2482170970994,-22.24581245216111,-29.40922861218252,-23.73875142229652,-21.777881113111278,-20.97917128116801,-20.939757550930867
-20.28588245856579,-20.421571431774066,-20.28003993660249,-22.263754733907838,-30.08150109651006,-20.324337990124572,-22.191519191082268,-44.78125676591337,-60.866625931527096,-20.729443943540065,-20.336845363983056,-20.463850610135218,-20.47253808720356,-20.718526311490702,-31.240756584565013,-20.51833394605055,-20.39664474791754,-20.27545373787022,-21.323799649022053,-23.77221014660346,-29.230030320111283,-61.31799032765199,-234.86157874449574,-96.83404791181039,-21.709360387885138,-29.23171829887336,-23.22206363038862,-21.192643514107885,-20.328563013958135,-20.28234254041056
-20.96266104665713,-21.088426784456026,-20.965764287100445,-22.82661464781117,-30.329149011596325,-21.00419705291267,-22.736471505027403,-44.79828870096646,-59.212953029143456,-21.380097112320968,-21.004248166132594,-21.126249686063616,-21.125816823303126,-21.342520320477725,-31.233702922954805,-21.151342677664623,-21.058003193616866,-20.952612385822967,-21.925084948700235,-24.21212315060053,-29.414287606505994,-59.49498549000502,-226.99099560192144,-93.97080509082346,-22.26825785707567,-29.331291824484275,-23.706678177824113,-21.8031474716914,-21.005011463615567,-20.967261307849185
-20.495115402423842,-20.63513778097664,-20.48746450985459,-22.55772279060819,-30.29296239365922,-20.528181902844825,-22.41630355834036,-44.8588513691313,-59.73343484391191,-20.910554265758858,-20.549651155093475,-20.66532119236488,-20.684308315702737,-20.90781324872402,-31.072406599882626,-20.735000909146333,-20.613389647405157,-20.488678175019896,-21.51065917768087,-23.92307109912465,-29.541459899186414,-59.569518448645205,-235.97255683733718,-94.62328029785603,-21.87247171117668,-29.389352832951815,-23.450147129754058,-21.373170914677452,-20.534639682462288,-20.489307336698626
-21.01901382401751,-21.140211934120803,-21.025751592177023,-22.821959741124445,-30.32974726826835,-21.064160729114562,-22.755703968637167,-44.87257123042305,-59.36752495507166,-21.443994252314155,-21.056847788934842,-21.182276259645132,-21.174527269251993,-21.39372268207062,-31.30024724989422,-21.191558046447227,-21.106800560635364,-21.007086779125558,-21.972759478177903,-24.245995106549746,-29.31177221076399,-59.8847344197909,-225.33420210741187,-94.47710826923367,-22.314782738063645,-29.271672619389097,-23.70762046188575,-21.85626810435362,-21.06298151322932,-21.027250416961326
-21.059148312099254,-21.1841883077139,-21.063091631283864,-22.917465481011952,-30.375918104026525,-21.10053669495873,-22.819604950109134,-44.80888850458812,-58.93364810893087,-21.47111319433642,-21.099969810199255,-21.220457044747317,-21.21988571941854,-21.43134013397198,-31.221843392348894,-21.243586663995536,-21.153473027829275,-21.04952372756241,-22.01129939768979,-24.27639862472369,-29.46581226862262,-59.14146145994685,-226.20635012436622,-93.45439951065077,-22.347692521461425,-29.360503727087774,-23.78374719206522,-21.889755999292095,-21.1011716238194,-21.06444924740643
-21.386135224826727,-21.50270191110497,-21.39768524525008,-23.143459312603994,-30.490528410072784,-21.432399555868276,-23.059075383633118,-44.954960533687895,-58.4342283030756,-21.794387571490198,-21.41941411768393,-21.54100571745753,-21.529360952410727,-21.730327782394987,-31.284555661179617,-21.53568125483799,-21.46694578081122,-21.374939572440585,-22.299362151009706,-24.484499041645112,-29.455411192502837,-58.772504770325895,-221.87939595078473,-92.8554926446274,-22.616020793715485,-29.35602502423439,-23.982519593499294,-22.186499411543515,-21.42966947106787,-21.398655029027196
-20.93427585843818,-21.062202206748452,-20.935740745507495,-22.82871927047121,-30.338254590288948,-20.974132878959164,-22.726402118797985,-44.7846409635566,-59.14574403928667,-21.34827230204929,-20.97773246171706,-21.097924352490384,-21.100963934785458,-21.31634030421152,-31.200594635767374,-21.13035181932222,-21.033217427379782,-20.925112423059726,-21.900721089108828,-24.196485447156277,-29.463572766510453,-59.31342556970158,-227.94461806294885,-93.76205281473841,-22.244084846227434,-29.35809458389435,-23.704865059007986,-21.776224610629058,-20.975888971278724,-20.937233926176354
-20.726954023850713,-20.851387876375444,-20.73035951076345,-22.561111763484718,-30.213928893302445,-20.771677779788604,-22.51240083786118,-44.85589364086473,-60.17854871038546,-21.166714213823575,-20.7680845998828,-20.896954949947652,-20.891384320006345,-21.12563239312187,-31.328026222512296,-20.91584499440004,-20.819597949459602,-20.714250730127436,-21.713076594792405,-24.05869353321113,-29.189793506832117,-60.8663203696193,-228.24418044777275,-95.92605979054932,-22.075361396016966,-29.2022256871682,-23.485760718766112,-21.594124981720604,-20.77151068681124,-20.732264690327334
-21.00236414770226,-21.125497599383888,-21.007555787970336,-22.830867480847,-30.32955790631457,-21.045918372400173,-22.75392648151307,-44.83334930564688,-59.27670384858883,-21.423592208593526,-21.041737346592644,-21.16562979844214,-21.161050567410904,-21.37880839206888,-31.270860251356385,-21.18169343811018,-21.09335061128229,-20.991288211981242,-21.95913725869677,-24.235881069412525,-29.360026828186033,-59.68690599862049,-225.93533109872735,-94.20629209961766,-22.30126873465306,-29.300352819366836,-23.713502574400742,-21.840294935974818,-21.045593260069246,-21.00904420515261
-20.811522713930266,-20.943408019165723,-20.809895851280867,-22.760171555337905,-30.32543549218125,-20.84892074400121,-22.643683082688046,-44.78209397572061,-59.26646989195732,-21.224509111279144,-20.85857057631013,-20.976941880007153,-20.9855018511113,-21.202648250415894,-31.15574619423476,-21.022100638126275,-20.916896580673804,-20.80341160349431,-21.79224337256228,-24.12078287486536,-29.501839630719658,-59.307576732891334,-230.26511267499512,-93.87827313793119,-22.14073552837221,-29.376472815676145,-23.63963253455767,-21.663413551830324,-20.852278230721556,-20.811484320621908
-21.24909813893956,-21.36478217455225,-21.260956301901647,-22.990358147903294,-30.425619303875045,-21.297257704648356,-22.928263138004997,-44.992067709295036,-58.96757057020997,-21.670063279999038,-21.28214616619459,-21.407458666536588,-21.392820366881274,-21.60350758656826,-31.329723551611814,-21.3982232845298,-21.328226641196842,-21.236322219294262,-22.17513719951297,-24.39412184273139,-29.321755250753853,-59.53329683697782,-222.60998195420962,-93.97109210156626,-22.502075727038015,-29.275073263659582,-23.85237433700788,-22.06422204845877,-21.293935888235303,-21.26216589068223
-20.775946252326943,-20.900452832083616,-20.779432528518694,-22.61323040473672,-30.233152516602246,-20.820181884678792,-22.557333444772414,-44.84101713987539,-59.98874749675632,-21.21149754856709,-20.816979330262647,-20.94467377799628,-20.93981509518154,-21.17066550249206,-31.311220956941483,-20.964147357152346,-20.868798124028686,-20.763691117969454,-21.756982878542612,-24.089493846566064,-29.229523996583836,-60.60507396685031,-227.87792726078962,-95.54750553604107,-22.115451399583463,-29.22537393016634,-23.529437945684947,-21.637657924627128,-20.820125775075585,-20.78125715672722
-21.217756323381067,-21.33915430190067,-21.224945219059986,-23.03217358787468,-30.430309790487133,-21.26108760397225,-22.938671193177814,-44.85853197324276,-58.660351478273476,-21.62690952323464,-21.255271430255316,-21.37595113188294,-21.370822139622337,-21.57689320951116,-31.2463802123228,-21.38710961690399,-21.306279275062252,-21.207584421799083,-22.151548295425837,-24.378010692609607,-29.47291682534633,-58.908546676983754,-224.14387779364372,-93.07017527970979,-22.478527838287828,-29.365680113570715,-23.88471834918927,-22.03367273321397,-21.26030348138142,-21.22611664697929
-20.40288474894027,-20.532155867032888,-20.401802079473157,-22.289796046332732,-30.097706485979124,-20.446084607513487,-22.251939420108165,-44.841644365414965,-61.00325816396904,-20.855781897040313,-20.44858753049788,-20.580036698027566,-20.57889634528623,-20.827977513116995,-31.341774198447055,-20.613528926155304,-20.503033321568775,-20.38999628840147,-21.426096170380198,-23.851622979758375,-29.100900423966326,-61.78970737394641,-231.9968137340118,-97.32927932332316,-21.809774972805066,-29.15584363026965,-23.254495654145874,-21.30267136795775,-20.44758534453413,-20.404107340346783
-20.548211828479282,-20.68725104249411,-20.541309566310066,-22.59762625538311,-30.305610875678653,-20.581669954102523,-22.457372852740427,-44.848243378026794,-59.6255505970925,-20.96227571579339,-20.601842889419597,-20.717466562968763,-20.73539192200726,-20.957235175325856,-31.078607035530275,-20.784351705494867,-20.664967990904923,-20.54169003378591,-21.558033605250507,-23.95740920827002,-29.547382857724074,-59.46931622872173,-235.18817823940734,-94.43168219813063,-21.917174136541316,-29.393342318190207,-23.48592732021389,-21.421529499626846,-20.587782769203095,-20.54310154532181
-21.027472003378563,-21.16125381558497,-21.0255276083292,-23.01985066718792,-30.537437772630874,-21.06161155493597,-22.858145058831987,-44.907662049052256,-58.42037639267351,-21.420360799632803,-21.07628237540557,-21.186296041720166,-21.200784989969534,-21.400770778811207,-31.064537546755744,-21.238700487763616,-21.136417436708438,-21.022080246122915,-21.986447103088715,-24.284088078252672,-29.73585060919831,-58.06229435534746,-230.6529728056707,-92.25055132269574,-22.31529214990156,-29.496080149592032,-23.84881251941165,-21.854159412289093,-21.066136932959434,-21.026724671361197
-21.48268112762662,-21.60862827737448,-21.48753563741012,-23.37845917420685,-30.70090432770339,-21.51994703882124,-23.218406419405532,-44.96639196076231,-57.51323844574134,-21.862213256966022,-21.52416217472995,-21.63266646020544,-21.63862811144479,-21.821900335919747,-31.115272951508153,-21.661074320883774,-21.579605537582538,-21.477017753284795,-22.39308756524849,-24.583643292761618,-29.833020099157075,-57.14340448212008,-225.20580870762421,-90.69158512399973,-22.69605651925137,-29.561669989535048,-24.16709800136819,-22.26797566295224,-21.521666454303773,-21.488184469412943
-21.285950380949302,-21.414369927320827,-21.288373532487164,-23.208278189057545,-30.600238373385825,-21.32261142126778,-23.055062094161336,-44.9042526760358,-57.95927387339091,-21.67337867362943,-21.329719463739384,-21.44018426432297,-21.448252116135823,-21.640314621514143,-31.109625506809934,-21.476113618757882,-21.386538695354815,-21.279923094138372,-22.21699263281034,-24.449382997823463,-29.757695457147022,-57.659316082635286,-226.93366598085535,-91.4785437785441,-22.53251678156505,-29.516880172278714,-24.019473413424667,-22.08997911436093,-21.32514290515209,-21.289290602744387
-21.12385728732695,-21.248162191126774,-21.128551984076754,-22.974819117622044,-30.40548791374708,-21.165370427123207,-22.873605386105027,-44.82023638648148,-58.767329610077354,-21.532814949883466,-21.163959564288824,-21.2837093027137,-21.282600660823686,-21.490892221104197,-31.21892058945209,-21.30463359326578,-21.217082270004155,-21.114390446745116,-22.06901038329506,-24.31928787793035,-29.49255905601214,-58.94255589535338,-225.6082703590073,-93.15861671852684,-22.401062679543507,-29.375884503999735,-23.83286274056079,-21.948034401352757,-21.16577064619117,-21.129820433967343
-20.707059602140763,-20.8370455004526,-20.706352994145327,-22.620265401674107,-30.23467447950288,-20.746975534722136,-22.533562137516974,-44.768915576866526,-59.786733051233035,-21.133052632559256,-20.75258987290911,-20.87596251334953,-20.879882324837464,-21.107049211257312,-31.224461033613295,-20.914053904157907,-20.80900911374361,-20.697096466575363,-21.698058750573846,-24.045873012189716,-29.356578044592556,-60.1025238459859,-229.9977983334859,-94.93180583944462,-22.056988458626428,-29.298788856266526,-23.52784145801008,-21.572121061144205,-20.749306184512335,-20.70815596453764
-20.05391129834269,-20.189049972138605,-20.04776128240209,-22.00958195979781,-29.984851836089792,-20.094948615220872,-21.977272872877638,-44.854136494533336,-61.85081068378838,-20.518905798437622,-20.105001244830785,-20.238427057251506,-20.243062106815188,-20.506566460458206,-31.345857780319513,-20.289288276772716,-20.16329519325107,-20.041218566523895,-21.117516191709697,-23.628119850163813,-29.03630196948535,-62.68031061929767,-236.4941873229087,-98.74831168113968,-21.52289592725216,-29.127272663395118,-23.01460479671621,-20.988237577136474,-20.098520762471846,-20.050447559238307
-20.618411513777176,-20.7513804479981,-20.615410983091223,-22.572826838669155,-30.22381110798532,-20.65644102254665,-22.474742177988496,-44.76491952513176,-59.861173931922465,-21.043185491771638,-20.666592188563936,-20.78854122420304,-20.79664162704158,-21.024775058140627,-31.189306022006292,-20.836171459673043,-20.725225409918057,-20.609287501202843,-21.619784125787596,-23.990212189358715,-29.3897871316215,-60.072382390804606,-231.708371645999,-94.98489906040045,-21.982196986757263,-29.316309103443682,-23.482433297457337,-21.490519727978604,-20.65998164179566,-20.61727328496111
-20.417132536717062,-20.557849657869795,-20.408791242618744,-22.48650776921881,-30.2541693785673,-20.45023337379788,-22.350112551765566,-44.853807267704276,-59.95080272942011,-20.83651112372658,-20.47231160532335,-20.58911946322562,-20.608353830037196,-20.83573166976272,-31.0802962109075,-20.660567530169548,-20.53643150150632,-20.41043428933756,-21.44108856144723,-23.86999170681221,-29.50664504231437,-59.83201103231117,-236.67597226433077,-95.02005740064197,-21.808077055238858,-29.371529948968632,-23.3898118213272,-21.303072635844728,-20.456877307639992,-20.41073144243682
-20.33524512852787,-20.476232022215065,-20.326430050212466,-22.4039061423172,-30.202857682360666,-20.36876129565159,-22.27708173162573,-44.83906285456794,-60.21956315532738,-20.7600199710577,-20.39069280825704,-20.50934740358585,-20.528029803071604,-20.760406297624026,-31.099970218044113,-20.581214313690538,-20.45488157575396,-20.328033540814616,-21.368102255132015,-23.813156486824468,-29.45407496481583,-60.18447355500508,-237.1602348400259,-95.51570886019158,-21.74133518727254,-29.345462606182387,-23.321703035180292,-21.230090243367655,-20.375403749820833,-20.328486850634274
-20.456262766882194,-20.58097034643655,-20.45875234004504,-22.28311819987913,-30.129658959541924,-20.503139522065155,-22.269972030633564,-44.95901302684034,-61.21197309655995,-20.91825677835721,-20.498606433888472,-20.63316071068672,-20.624785269285443,-20.87724630899688,-31.416960538013747,-20.651128079043826,-20.548942004993375,-20.44141457408584,-21.47132588976391,-23.894692074495605,-28.99402982673899,-62.257751919343,-230.70500914842086,-97.9643389254827,-21.854442870912106,-29.087427584738123,-23.252206703045157,-21.353671462273763,-20.502659464743697,-20.4610893345205
-20.643508388005387,-20.766599295648405,-20.64773018472347,-22.45645980098378,-30.189068906842245,-20.69017585612162,-22.42812311714347,-44.927167453417155,-60.61412367480544,-21.094064495828505,-20.68399367254629,-20.81592342256101,-20.807042841832928,-21.0488533292556,-31.381232184592736,-20.82951229821282,-20.733806907824203,-20.62940659336973,-21.63756680142887,-24.009650146753344,-29.084140424691427,-61.5098501855217,-228.7157819956144,-96.859025144897,-22.007115890091338,-29.138588348225667,-23.398514909713022,-21.520873864502143,-20.689269435501934,-20.649800268641833
-21.17697690916169,-21.301339195576915,-21.181806118403212,-23.0315081127784,-30.438698655896474,-21.218010214600618,-22.922869575323965,-44.827439751819526,-58.58451282145432,-21.58184363267971,-21.217058360923577,-21.335445506630542,-21.335056512369462,-21.5398574907881,-31.205239083280137,-21.356872126251297,-21.27042227692769,-21.167978999772235,-22.11680611620036,-24.356138043736294,-29.53621080925263,-58.68892147154208,-225.37256816488343,-92.80034583836539,-22.44476713984363,-29.400444138170325,-23.880269218412806,-21.995467852985417,-21.218520111490992,-21.182987448815826
-19.93787090326364,-20.078805415034406,-19.92766654727064,-21.979495540796638,-29.97414758371396,-19.974752165688987,-21.91414360209505,-44.83518246272193,-61.743230095812144,-20.394574995471416,-19.993726659270045,-20.123047300296207,-20.136429671960357,-20.3967333171687,-31.248937327687724,-20.19220881009355,-20.056827502184095,-19.927368541092005,-21.015073709285655,-23.547886111829264,-29.152845322149734,-62.25709523976777,-239.40006739060033,-98.37436196024483,-21.421480208618565,-29.194890215349012,-22.977240070305726,-20.878774050124942,-19.980747103694306,-19.930338111377278
-20.555627125755397,-20.69248925811969,-20.549987677731522,-22.56920650671552,-30.256676070518466,-20.590827196795054,-22.44708304545184,-44.79864807664053,-59.76905650548497,-20.974764760842042,-20.607280886736532,-20.72574309356285,-20.739942489383104,-20.965349157503855,-31.124202204206775,-20.785782365208846,-20.668834409556176,-20.548035122980764,-21.564467848936534,-23.955555964515458,-29.476640550622292,-59.767594918492975,-233.90890865555386,-94.72679387624298,-21.926458147510203,-29.359682592208692,-23.469352760410743,-21.430627839521854,-20.596005766794942,-20.55183472368466
-21.412624943829606,-21.52652831848165,-21.426459208114114,-23.13776672106303,-30.497916236691093,-21.461035533877514,-23.06546003293167,-45.02745897217748,-58.529501413631934,-21.825255475617197,-21.443828096001997,-21.567150927820865,-21.551232382300398,-21.75327437896637,-31.31758655850515,-21.55227374313115,-21.489127275247494,-21.400338696029397,-22.320803743414068,-24.499610428671055,-29.39660200616013,-58.99217713404013,-221.17204698413977,-93.19166561492709,-22.636100039491502,-29.320048625050617,-23.97824640570678,-22.211081128639314,-21.45714693773448,-21.427418039541593
-21.57796246895589,-21.686642322241124,-21.596784372512253,-23.24771618068475,-30.57971684893933,-21.62964104029641,-23.18273517239105,-45.19520256656817,-58.32334539338305,-21.99015989413638,-21.60490281477441,-21.728724859562387,-21.705718898308145,-21.902022165996236,-31.351894320354784,-21.695483703490574,-21.646394704244788,-21.564548514688017,-22.464602048678287,-24.604870767075923,-29.37639444321026,-58.86847935072862,-219.30758898522106,-93.08887153059197,-22.767902926657793,-29.305266855256455,-24.071034603542547,-22.360257352951788,-21.623668363765965,-21.59751032716749
-21.06443564805889,-21.186858194330025,-21.070359200818565,-22.885944109357382,-30.356279400503063,-21.108110167220932,-22.805610003810045,-44.84194666466229,-59.112600467214946,-21.48269107896509,-21.10310086299377,-21.226287432610373,-21.22118852266898,-21.435840743862077,-31.266920051926355,-21.240203626740524,-21.154354998540004,-21.053511601847045,-22.01440958145518,-24.27638046383802,-29.385591788220125,-59.489754308024786,-225.3431968271364,-93.91504318048572,-22.35230290112469,-29.315062703307376,-23.760534766583987,-21.896115912301628,-21.107557344065874,-21.071761079553706
-20.819985848415524,-20.94256017969846,-20.82508294007866,-22.63306176983762,-30.249495478766733,-20.86558318543691,-22.58423101517653,-44.88023774956991,-59.98494648663183,-21.257270868368508,-20.85945893459346,-20.988012548895327,-20.980330870190997,-21.210900909132732,-31.3335387711844,-21.000943120945145,-20.909705943827944,-20.807100972157535,-21.795194601811854,-24.118712223587607,-29.201983029905207,-60.67468231131072,-227.12154653303523,-95.6339590909236,-22.151523889433847,-29.207833101006372,-23.547497803592886,-21.67810419134618,-20.864720459593766,-20.82687777354552
-20.87681163612409,-21.006541105661054,-20.87684055449104,-22.79555249298876,-30.32978991172512,-20.915554550624833,-22.68721509096307,-44.7791594982076,-59.206407866484156,-21.290478332502882,-20.921898531600053,-21.04133390495747,-21.04687082833426,-21.26322043836505,-31.181036720555284,-21.0795983115793,-20.978683217285127,-20.868112672418256,-21.849975523133992,-24.16078965754967,-29.479324027626845,-59.31967014745378,-228.9799647705278,-93.82201541469361,-22.19589913735551,-29.365789285582643,-23.673758945775788,-21.723515770060065,-20.918040062032855,-20.878381341113133
-20.47552977691162,-20.60947386853,-20.471422109604504,-22.436961256312813,-30.157601709377385,-20.513899820985795,-22.351428452153133,-44.76611795967827,-60.30253212420422,-20.90880803316663,-20.52473277058683,-20.649094536267437,-20.657125570348274,-20.89321663958005,-31.213945391229,-20.699062836264126,-20.58371001042777,-20.465743950615984,-21.492447779803076,-23.895634481597085,-29.31387011700034,-60.63031569640374,-232.94347376866497,-95.80259022159476,-21.865018528120384,-29.27578060366531,-23.368289502636802,-21.362624506536342,-20.517649853772664,-20.473480419459733
-20.912157348159855,-21.040974531183974,-20.912929445669068,-22.81888956333682,-30.337601766480475,-20.951411756114002,-22.712784238701786,-44.781909967293956,-59.15412789964614,-21.325522633048013,-20.956410974061054,-21.076078522925037,-21.08042762072707,-21.29588849420711,-31.189351429195384,-21.11143623050574,-21.01256048328472,-20.903274426378,-21.88128554387336,-24.183147329180763,-29.476137248857412,-59.287166684269266,-228.4194777605868,-93.74932530435574,-22.225447642123772,-29.364555642117892,-23.694990786509003,-21.755787973707157,-20.95353859166867,-20.9144365524652
-20.700262185538314,-20.8273448450804,-20.70160657265766,-22.57021017729825,-30.209009296507347,-20.74282929758612,-22.506427604155675,-44.803484778708906,-60.054260290668296,-21.134796892248204,-20.743467815175073,-20.87026901921035,-20.86899299690843,-21.101151418094936,-31.284997840580203,-20.89827166372416,-20.797290656653395,-20.68871801329123,-21.69067117678603,-24.040185983882868,-29.254962094476227,-60.59040129646935,-229.09724057051181,-95.56203187375766,-22.05296726932209,-29.241448449697977,-23.490705959174772,-21.568458118670247,-20.743824761966955,-20.70349294416171
-20.362567385661603,-20.497978429782854,-20.357146649428895,-22.340613447201246,-30.11653372491946,-20.400607342956032,-22.259312374230973,-44.77285929537121,-60.59798649692395,-20.800704123442884,-20.41316977317003,-20.53857120408095,-20.547759006117037,-20.78894477848175,-31.21962540239111,-20.59266660834743,-20.473006156980887,-20.352627918645936,-21.392040475198613,-23.822110768914097,-29.278567675288137,-60.965298221620344,-234.24609218066476,-96.32783197974723,-21.771749729551384,-29.257278648519925,-23.285753864181274,-21.260882749759446,-20.404834282712066,-20.35933786523657
-20.98852398297594,-21.110638079590025,-20.99445837634919,-22.802465384733228,-30.318598819304576,-21.033105853217727,-22.73421673944285,-44.85563313301678,-59.40534610584791,-21.413507470037814,-21.0271400212612,-21.152370582364032,-21.145856898290557,-21.36586969099023,-31.292662240183837,-21.164729585958685,-21.077778099531933,-20.976810462541625,-21.946030901690435,-24.226371616549486,-29.316973770599922,-59.9019029316263,-225.7629412125289,-94.50755405524082,-22.2898448393583,-29.27507457820334,-23.690519095725847,-21.828554194142114,-21.032295460361894,-20.995989300151336
-21.119288931257962,-21.241955738465897,-21.12519577623168,-22.946730171395306,-30.38665639957356,-21.16229427808145,-22.85752077853759,-44.83711743946087,-58.90374704669475,-21.53271577159599,-21.15803384697146,-21.279687207363043,-21.275648885585753,-21.48642697479515,-31.24869761468468,-21.294795676081826,-21.209734446354382,-21.108945439568355,-22.06386486134628,-24.313346202043718,-29.436153830218345,-59.1941261557715,-225.08613338798742,-93.49316895476072,-22.397456721554192,-29.344227973012064,-23.811408794691136,-21.944959294527504,-21.161937917895564,-21.12650399010226
-20.807038022490545,-20.930072760699733,-20.811741465850126,-22.625709835584924,-30.244377565058123,-20.852332075770004,-22.57557377897996,-44.870924627437276,-59.99518015741878,-21.24411521871736,-20.846887828044245,-20.975299772127585,-20.96826015449483,-21.19907325636155,-31.32908332254443,-20.989777442400015,-20.897497808429147,-20.794281811523966,-21.78390135168937,-24.11017865854628,-29.20656871435858,-60.671047839583,-227.31615681420243,-95.63122520623946,-22.140947423989978,-29.21090418098184,-23.541031194705667,-21.66629288408493,-20.851657400559677,-20.813547670684695
-20.2785054566246,-20.414080210425166,-20.272713945780893,-22.254114899038044,-30.07685721716721,-20.317126567693304,-22.183963626211156,-44.78288212080295,-60.9057738757662,-20.723010656772598,-20.32938936520151,-20.456722352991477,-20.465110788240555,-20.711826653036507,-31.24614022381222,-20.51077208810636,-20.389060767491614,-20.26795360118481,-21.31721404466341,-23.767454818763397,-29.220474946545536,-61.376564445892285,-234.86863907555923,-96.9122418047757,-21.703534940846485,-29.226601960043766,-23.21441272992388,-21.186238654470706,-20.321287545818354,-20.27503166448913
-21.467315123104854,-21.585168039983667,-21.478089356970173,-23.244914078510828,-30.543786274772174,-21.51178694771104,-23.142513074122107,-44.935594940397664,-58.077985420713574,-21.866464104827628,-21.501443199976592,-21.619952372332925,-21.611426403349302,-21.805850926595813,-31.248079179331647,-21.61970834240313,-21.550445196054532,-21.457438265849294,-22.373663644769845,-24.541948341845913,-29.559130692954838,-58.23689676893473,-221.7814675231412,-92.0834475059323,-22.683865183066366,-29.417168778301082,-24.06781862840815,-22.258718124507926,-21.50976173560733,-21.478906054573088
-21.340709786719337,-21.4584801461106,-21.35114291437861,-23.11176293028787,-30.472423845337495,-21.38627130249408,-23.025782944854427,-44.927399399102285,-58.503086827817505,-21.74948727038182,-21.375042492497503,-21.49652461828073,-21.48646143033848,-21.688992353591146,-31.27634074994213,-21.495322514249242,-21.423423578314125,-21.329734289377193,-22.25945303397729,-24.45559902661549,-29.45638729628576,-58.82516944167371,-222.43786538471514,-92.93099939014394,-22.579049297756587,-29.356566316944956,-23.954985518496155,-22.14537159385158,-21.384019934489714,-21.35217114236533
-20.564941143191792,-20.69162834052775,-20.566201269396686,-22.42295185354704,-30.154482220452284,-20.609043994583242,-22.380928019935357,-44.84825465194483,-60.602594800460224,-21.011743806212824,-20.60823910256441,-20.73857163886345,-20.73494672019182,-20.97689944223118,-31.337668858480185,-20.764251751262766,-20.661055692031752,-20.552053715073843,-21.56948607614593,-23.95528882631048,-29.13902305573957,-61.352801807437665,-230.05127050920697,-96.65718273879449,-21.942659893675188,-29.174876773633535,-23.368151150936782,-21.448533079085088,-20.609638342425512,-20.56831399389466
-20.483640516561685,-20.618010905930912,-20.479282958787365,-22.452321713752816,-30.167579737107808,-20.52156804389389,-22.362031130764557,-44.766147439007725,-60.2355717848326,-20.91507914056206,-20.533190072878998,-20.656811161524722,-20.665700723977857,-20.900480479998958,-31.20182722797857,-20.70825670269955,-20.592555400570383,-20.47414817197718,-21.499781805453736,-23.90144667776025,-29.33477968847903,-60.51953848266483,-233.07223964636344,-95.66302449637065,-21.87113596656398,-29.286893951825064,-23.379953632207993,-21.369382344616817,-20.52552365016522,-20.48131609730983
-20.38567719316757,-20.521907540062674,-20.379814372998418,-22.378338183075527,-30.139969679945636,-20.42280458223164,-22.28655994907778,-44.77358696582841,-60.43844144699052,-20.81962939727218,-20.436933379884927,-20.56069762718308,-20.571635593777028,-20.80971604925705,-31.19289332497627,-20.61765688254442,-20.497537236611244,-20.376366064866428,-21.412766329045564,-23.838099446620173,-29.3246835363826,-60.70979553002736,-234.45534939670424,-96.00352159633508,-21.789439679219708,-29.281551162891887,-23.314697686099173,-21.28046792793169,-20.427437388078275,-20.381944439705997
-21.299818884403194,-21.43070345470085,-21.300763955657775,-23.262283555971877,-30.68806095562514,-21.334319946148582,-23.08793987026705,-44.98730427352663,-57.76601635720101,-21.680777662836526,-21.346025490736494,-21.452649902726048,-21.46523424668009,-21.652634703552234,-31.062608605357532,-21.496754415070395,-21.4045514636918,-21.295153680561793,-22.230478145092146,-24.473142208479594,-29.85259845532829,-57.28703595714853,-228.42549724944763,-91.07199195273007,-22.54178693060928,-29.56195137580049,-24.057640582006808,-22.100266676429076,-21.337975012559227,-21.30159935079344
-20.8957945273889,-21.014963190493994,-20.903803244768397,-22.668036587127542,-30.285098536660843,-20.943800942902357,-22.630632712949286,-44.96659836064043,-59.980328233993966,-21.336148833223934,-20.932607912576326,-21.062482218102225,-21.04985209180253,-21.27973566007754,-31.370587223595887,-21.06377441118647,-20.980064426873227,-20.88180852412813,-21.860646486281922,-24.16986875481466,-29.154796563586203,-60.793312818331856,-225.93383497761636,-95.80675872333566,-22.21281955045713,-29.176349403025938,-23.578102358096594,-21.747503828642856,-20.941523953100205,-20.905540379168563
-20.37291424409722,-20.50543321348921,-20.369447081792963,-22.306328086389303,-30.09549821751881,-20.413439850491667,-22.24754665644206,-44.79045047111342,-60.82081005830199,-20.818654294646393,-20.421160792022313,-20.549784714173313,-20.553979071881162,-20.799643831303943,-31.281417087819868,-20.594217864276537,-20.478483211665463,-20.36151112525646,-21.400568849287595,-23.82896987052933,-29.1870043790651,-61.40039782769093,-233.12479180016962,-96.84565179782825,-21.78316496993062,-29.20676690071349,-23.26346845130004,-21.273064844670408,-20.416371830394223,-20.371708367877982
-20.44864612934771,-20.58144853697951,-20.445211675915257,-22.390653346036512,-30.13181430462917,-20.48825713907279,-22.31847350357269,-44.773207998047816,-60.504049730331246,-20.88733800041481,-20.49695581768527,-20.623382585349233,-20.62904839535408,-20.86898804821263,-31.248292544260856,-20.66932176676861,-20.55484358843614,-20.438028765712307,-21.468168501367813,-23.877456050851336,-29.254197104216185,-60.9565815755738,-232.6800427150446,-96.22400926259982,-21.844341991597428,-29.243478591941866,-23.332527890114893,-21.339924682325744,-20.49144529964099,-20.447345302050135
-20.263936619326266,-20.401797384630854,-20.256658676328122,-22.275645563849807,-30.097247148230633,-20.300674298314004,-22.1877631828201,-44.785117218449365,-60.75265696944986,-20.70294015033974,-20.316733035587905,-20.441541266423638,-20.453798770157597,-20.697189983849267,-31.19771940653235,-20.50303158014032,-20.378312004162908,-20.254491579832365,-21.304541675024065,-23.75876345328969,-29.28938745958164,-61.06045630241114,-235.90914518203468,-96.56336268703288,-21.688723606343594,-29.263356472406766,-23.226472862838783,-21.17072602481779,-20.305838893200534,-20.25892676574337
-20.17652142243423,-20.318973740802736,-20.166298357398386,-22.259788342368246,-30.131414590937432,-20.210091623754007,-22.143165631725,-44.84405478083216,-60.67515171224351,-20.609430284575126,-20.233352880972724,-20.35425118215888,-20.373480671699426,-20.613771496606216,-31.118856487769285,-20.429786797092902,-20.298337475301064,-20.168801999085385,-21.226773093541,-23.70690399493486,-29.386407389351213,-60.73171818031577,-238.71552675266378,-96.34794233902997,-21.61054529662207,-29.311528981936206,-23.199865107144745,-21.087584767817052,-20.217130353554055,-20.168549030812585
-19.71060341520896,-19.852100508733045,-19.69936715544069,-21.746508576916206,-29.888346772718933,-19.749068131194377,-21.71259739174418,-44.904024573276686,-62.63702742965616,-20.18539500138412,-19.767408747006936,-19.9019210294945,-19.91314771617251,-20.188993522843575,-31.336026411164227,-19.971111056997216,-19.830091189102788,-19.698467409087815,-20.8139864974007,-23.40712584024076,-29.003406036791745,-63.4413998598487,-241.41990366661204,-100.06075714229299,-21.238895073868495,-29.119126488799907,-22.78705754503218,-20.67801806139455,-19.75491369162058,-19.702375790077568
-20.69341743241312,-20.835419810709624,-20.68567249103149,-22.802058842518797,-30.5296062420545,-20.723517051957153,-22.615115282050425,-45.048975262836265,-58.942603647013286,-21.09027765598464,-20.74990759311495,-20.857129327727563,-20.881885671991487,-21.088606900014305,-30.976728015670048,-20.933439847885577,-20.814960707630828,-20.689525618015388,-21.687893365973167,-24.078858573771384,-29.762365115792434,-58.400348308700686,-236.9001706235118,-93.17648799258217,-22.03011981196675,-29.493349227633928,-23.642478090920875,-21.547057789640263,-20.73104951284378,-20.687148996329782
-21.326052147945113,-21.450558557592878,-21.33129905838233,-23.190739529058398,-30.541764406024868,-21.365773540479022,-23.061535978964272,-44.86687693912192,-58.088120233428356,-21.71975848511372,-21.366140431165288,-21.480625886958364,-21.48221949932504,-21.67733546333838,-31.169873509744928,-21.50334919661894,-21.420108970568595,-21.318360728614145,-22.251070761732336,-24.461988120735693,-29.65918046319627,-57.99863926127473,-224.83925184014527,-91.8333401257732,-22.567532756302704,-29.468928422317266,-24.013327772754476,-22.12871538121097,-21.36658427067297,-21.332235018437082
-19.937264035159938,-20.069054185840656,-19.933192726548327,-21.83777697949085,-29.970311207617733,-19.982511470014874,-21.850050022099328,-45.015488041469226,-62.69888279008437,-20.423941872299935,-19.986480314884293,-20.12609864752818,-20.123271399092705,-20.401584293323253,-31.479920226605916,-20.164557669258496,-20.040823118612256,-19.92171847376909,-21.01311934723971,-23.573321099798186,-28.836708350028516,-63.97734244174384,-236.99791848701113,-100.55158104134465,-21.43216708563436,-29.009597948921893,-22.87709646373103,-20.889155402316526,-19.98433835818728,-19.93617575198891
-20.07869585379514,-20.211091732889855,-20.07452367671267,-21.99469230622668,-29.99538708561419,-20.122020765474833,-21.980804253360382,-44.90760268694197,-62.0259150675168,-20.550309331026,-20.12773569226509,-20.26351845285204,-20.263644027435618,-20.530436352778267,-31.401351943423975,-20.305237388327907,-20.18350283493601,-20.06471644455742,-21.138805692134042,-23.65055234038904,-28.961717253990855,-63.041105921475456,-235.6264412859113,-99.19924825463116,-21.54547389132299,-29.08175477020063,-23.00628893020217,-21.013083208107386,-20.12438248257379,-20.07725783157947
-21.057615861700157,-21.186928608169204,-21.05856903029816,-22.980307807996176,-30.44389776714367,-21.095278361297865,-22.85056104734266,-44.818766428787754,-58.62756032992057,-21.459029398582636,-21.10220965574446,-21.21753044449637,-21.22449503414121,-21.429759883537272,-31.143232397223933,-21.255380122485192,-21.15917810058075,-21.05018070501002,-22.01203871631172,-24.286776416416256,-29.606734737860812,-58.54293993818307,-228.03596085624832,-92.72607836073998,-22.3443316027157,-29.434891325826406,-23.827996899590183,-21.885174321750007,-21.097858661795737,-21.05983251836086
-20.917129448183125,-21.047312690254074,-20.916994935244475,-22.845218583012556,-30.363656451350508,-20.95515316883954,-22.727758517066253,-44.78911741547735,-59.03388273597871,-21.326631173712023,-20.962583714257317,-21.080418395241445,-21.087244737854796,-21.300242252512536,-31.161455768740957,-21.120452487831752,-21.019854290273262,-20.908996359289905,-21.886300524415336,-24.190025800108245,-29.526093964884176,-59.06348572215724,-229.00226563874193,-93.47866156073216,-22.228555492167203,-29.39073450262839,-23.71396354430847,-21.75907223156884,-20.95790786062309,-20.918460472842934
-20.524795809232046,-20.65474508014503,-20.523563233234924,-22.427716743207323,-30.146412305691314,-20.566302250025675,-22.367168902515964,-44.79183614090476,-60.46752881330645,-20.96549379735396,-20.57066880154606,-20.69851900275727,-20.70010789117222,-20.939654751126305,-31.283870781231492,-20.735244998341877,-20.626316836774517,-20.513295971545645,-21.53514680226418,-23.92694846827026,-29.21580192632927,-61.03243659756904,-231.20426715142372,-96.25402440878969,-21.908476505880152,-29.221000201947327,-23.368153826742784,-21.410179341968426,-20.568317244034365,-20.525655884055105
-20.382248903965387,-20.513371639775915,-20.379781051683274,-22.29514409710496,-30.09302694983528,-20.423952163685712,-22.24609735499213,-44.8094448017575,-60.913105505972226,-20.831356270645195,-20.429393350429898,-20.559360595545744,-20.561209485311174,-20.80863586273925,-31.30902901872772,-20.599087282081506,-20.48547563996925,-20.37017584208552,-21.4084306111359,-23.83613098734277,-29.146915196287345,-61.58758231131482,-232.63689550404723,-97.07663074024104,-21.791864236796613,-29.183556990524465,-23.256495197374722,-21.282691047458105,-20.426262959913117,-20.38206769719125
-20.503406997393533,-20.631776149606043,-20.503254517862352,-22.382260162078357,-30.132933582232717,-20.54652918537039,-22.336708884611532,-44.827757650752545,-60.69101498931992,-20.950470509846394,-20.54813439598663,-20.67818096828952,-20.676727507003967,-20.92029376079813,-31.324546945014983,-20.709283227226077,-20.602225797600966,-20.49088897135059,-21.515370417583224,-23.91490061451583,-29.147222492820195,-61.4035462343316,-230.94420177741065,-96.75569315378797,-21.891929238892804,-29.181203443560833,-23.33246804192646,-21.39256648539255,-20.547787626619648,-20.50542307363912
-21.13101207510307,-21.253064507957372,-21.13742476547015,-22.95045804970973,-30.38822438949093,-21.174468616170216,-22.863872116755864,-44.84636716639841,-58.90896930448611,-21.545100139985703,-21.169234138447667,-21.291257739874442,-21.28628008122638,-21.49709891285801,-31.25634609126273,-21.30425092877064,-21.220448429827645,-21.120452359370166,-22.07398773898231,-24.3204083318087,-29.42573147026314,-59.224900522665024,-224.83308953379714,-93.53051646752056,-22.40709083957869,-29.33829204714615,-23.81521006524676,-21.955785015828504,-21.17384981240348,-21.138725570997398
-20.75253901799339,-20.88128143472694,-20.752844435945885,-22.6494611400712,-30.245859941592787,-20.793177376062136,-22.565995404539912,-44.77557418576531,-59.72420194073534,-21.178350575613678,-20.796960568381905,-20.920670147949117,-20.922951902286606,-21.149057891534557,-31.23590440262339,-20.95478184681374,-20.852476781948255,-20.742299908398063,-21.73824178819278,-24.07493971711832,-29.349962737181535,-60.070457163738965,-229.271312513818,-94.85386532577158,-22.09491201863496,-29.295144713924206,-23.554286063330338,-21.61364585910958,-20.79501486450968,-20.75460687520508
-20.44490555719481,-20.575886844793505,-20.442714407047376,-22.35899335024937,-30.117656215888836,-20.48618194947715,-22.30193559642868,-44.794613097371155,-60.681902260268124,-20.889195788525836,-20.491778458659216,-20.62039927046366,-20.622798010632994,-20.8661200412702,-31.289507565705243,-20.660100920520232,-20.548014457847277,-20.43328468478514,-21.46424569788022,-23.87560898066339,-29.189644669198195,-61.27938967422854,-232.1092091308192,-96.63197562687941,-21.84282548766111,-29.207148463415148,-23.30958482351674,-21.338361250532987,-20.488534179629333,-20.444905569645563
-20.75993250125093,-20.887020896990087,-20.761447889534036,-22.63289895723419,-30.236311335886437,-20.801984993739236,-22.56080061880156,-44.79390744560695,-59.83339867374428,-21.1896682277221,-20.803000112107178,-20.92838679504712,-20.927846744512546,-21.155996740647083,-31.26641310941092,-20.956809054830558,-20.85708866453658,-20.748888917964166,-21.744078383901904,-24.07881806005754,-29.300921058376694,-60.28894052581895,-228.68276396693733,-95.12964683530251,-22.101737458851296,-29.267453772690814,-23.543011042643695,-21.62154060739725,-20.803079611727124,-20.763238847071264
-21.05256692609177,-21.174321865277168,-21.058969637653153,-22.86442046965803,-30.347024185383805,-21.096936213576395,-22.790107416811253,-44.85570553531784,-59.2052682287451,-21.473466050631092,-21.090736214676994,-21.214867573883065,-21.208469469359365,-21.424760184702205,-31.281617562818298,-21.22633683631372,-21.14134461425681,-21.041203179407074,-22.00328898262975,-24.268057203512534,-29.355236089315767,-59.64201819257056,-225.2404926510265,-94.12888210365355,-22.34247972090107,-29.297321613054777,-23.743014940024338,-21.885902049846955,-21.09606112443649,-21.06040349136192
-20.752533020789453,-20.882099922096955,-20.752261438373854,-22.661866655561415,-30.25459328463122,-20.792440013944724,-22.572053271016767,-44.77033463606636,-59.65702392842734,-21.176116943300276,-20.797639911419267,-20.9203848383874,-20.92412244177593,-21.14892948950803,-31.21936551730216,-20.957332755542513,-20.853867074360892,-20.742725975705927,-21.738585831584743,-24.075821220127228,-29.377547573383026,-59.94338101149401,-229.57214499445317,-94.69517008162768,-22.094401995365473,-29.310322260799023,-23.56313670014832,-21.612949833064626,-20.794653261041432,-20.754003168166243
-20.36715174722378,-20.497275845254535,-20.365355251747996,-22.264609352669723,-30.08563897353323,-20.40989689917604,-22.22548215784987,-44.834902721486365,-61.06570139504454,-20.820535058986614,-20.41359213354652,-20.544988279803597,-20.544887983692927,-20.795054006775583,-31.33658843977358,-20.581162469765538,-20.4686673614643,-20.354416046843745,-21.39459864972128,-23.82827175339748,-29.102171642260096,-61.83812148809801,-232.50209938555457,-97.41516023367299,-21.780288579519688,-29.157520295926467,-23.232553278007277,-21.270249975839246,-20.411726045624096,-20.367694082080053
-20.55635916919852,-20.688921078812868,-20.553423141649457,-22.500776664272763,-30.1837403379745,-20.59526420796699,-22.414940124224675,-44.764433202140275,-60.121760803986774,-20.98710524546408,-20.604281275403338,-20.728307938900493,-20.734910918628582,-20.967924501954368,-31.217574109260305,-20.774168973323608,-20.662362937215388,-20.546508534611807,-21.564232486532998,-23.948061200215186,-29.328232132067917,-60.44632473529158,-231.89638111673705,-95.49575351193943,-21.93209519434214,-29.28339267133302,-23.42388411824375,-21.43577504475808,-20.598520521504476,-20.555394224953616
-21.187865352415614,-21.302917879638535,-21.20006954298053,-22.91954905066552,-30.403141909067593,-21.237087048266776,-22.86867513041453,-45.027153894540454,-59.230916947828405,-21.61526815611264,-21.220707487479036,-21.347786106689803,-21.331421818000372,-21.54675138884681,-31.354746549906586,-21.335950915249654,-21.265895664175687,-21.174267672505547,-22.119458049076417,-24.355472243174162,-29.255709255638237,-59.9136369250638,-222.9808280342199,-94.53737128161987,-22.450996990594525,-29.23417041013503,-23.791898896865877,-22.00973243814147,-21.233399763397763,-21.201389485743693
-21.532205273573936,-21.638840078643256,-21.552682968573755,-23.1790504343967,-30.574161511841105,-21.586014888094816,-23.129031501360735,-45.29162367807076,-58.616062324776216,-21.952718981469314,-21.558054283699928,-21.684005667133942,-21.657188340988483,-21.858070145074013,-31.386806990101707,-21.643139053594215,-21.597467499832064,-21.517452115483724,-22.420973199985355,-24.57647682736497,-29.284221423991784,-59.32536580712452,-219.48682942836618,-93.81883517797222,-22.727073470992114,-29.244960644051062,-24.010002117476297,-22.319502264450854,-21.57910920709323,-21.55350071308115
-21.257286013413935,-21.37147447622682,-21.27041489858932,-22.980857380357573,-30.432286674050225,-21.306702709150205,-22.926118115479,-45.04225569728772,-59.04781189652631,-21.681334603334182,-21.289261272948373,-21.415579061342534,-21.398500720969132,-21.61022534656158,-31.349997844423946,-21.400974587528744,-21.334024288428857,-21.24384326061488,-22.181122970399556,-24.39970030144468,-29.284000687980537,-59.691933894757824,-222.3280509828631,-94.21915439847271,-22.507695566165907,-29.250970665168822,-23.844120259345768,-22.072041734613432,-21.302728600250354,-21.27163038191591
-20.984087434955164,-21.107293617741913,-20.989168675789557,-22.812764348983016,-30.321068324144967,-21.027728892358102,-22.737758200147546,-44.83362391104302,-59.335929945339394,-21.40655133670248,-21.023561702849065,-21.147801794808682,-21.143136229064776,-21.36199249880411,-31.274523853411672,-21.164010902356384,-21.07515930204205,-20.97289683348742,-21.94277818312038,-24.22389536215335,-29.348184108372493,-59.765082279811175,-226.07419309285734,-94.31968911019197,-22.286247872921273,-29.293521596292265,-23.698213408511457,-21.823945619398224,-21.027408448887293,-20.99068517246107
-21.41986501990822,-21.54218105160971,-21.42704268091269,-23.2574373867173,-30.56983401390793,-21.460767014975914,-23.13161194820156,-44.891852155197434,-57.934501977152614,-21.812010181587315,-21.457913633526264,-21.572669717170974,-21.571460332385577,-21.76354177662042,-31.18740256136094,-21.588173234486064,-21.510435723884388,-21.411838961029165,-22.334228977851986,-24.521434938930685,-29.66271079620886,-57.87252550185135,-223.5704479759328,-91.61272581525364,-22.645347685171682,-29.473311737555175,-24.072996908568065,-22.214046563053394,-21.46071897452135,-21.427866142237033
-20.32550616180576,-20.464066625542472,-20.318022438530257,-22.352695300381125,-30.14398284307317,-20.36112769233265,-22.24933135667129,-44.792005481004864,-60.4594470154083,-20.757645272823762,-20.378826983332427,-20.50109190800421,-20.515383508899586,-20.753173258008935,-31.159678830066394,-20.565243747344613,-20.44115167288466,-20.316939687020657,-21.359397988487522,-23.800887968188484,-29.360753544462224,-60.62796106252144,-235.89125328396773,-95.99602844099529,-21.73744411237697,-29.299857666600946,-23.287444725686427,-21.22443846166242,-20.36670070287574,-20.320172713755476
-20.781766157611727,-20.917301300284837,-20.777784356631944,-22.78758650077605,-30.387885946905733,-20.816313037210882,-22.644834710408777,-44.83891439247255,-59.09526453508138,-21.18771746352803,-20.832155497107227,-20.946387526817993,-20.961022514985807,-21.173876379109107,-31.088947505621164,-21.003328722254537,-20.893159744825468,-20.77530419976944,-21.766494875888988,-24.111847591051017,-29.604714092343208,-58.908432393117835,-232.33022078433265,-93.48508965138345,-22.112335842993676,-29.426371724956304,-23.652410226510433,-21.633265510609135,-20.821246142973774,-20.77931885959783
-19.961029216746336,-20.098526786861704,-19.953050111114578,-21.948072288748374,-29.959040803973096,-20.000778861335654,-21.910051029896405,-44.85262112663641,-61.99682140336811,-20.426636303862914,-20.014146567006534,-20.147141985363227,-20.154709632384908,-20.420368644473903,-31.327121717922726,-20.205177972026615,-20.074227720723897,-19.94883520506719,-21.03549181601255,-23.56687864074,-29.048593700286858,-62.767993449934224,-237.98046118578154,-98.95017532803587,-21.44535580026515,-29.13705615674587,-22.959818150905036,-20.90356727624385,-20.005261201303096,-19.955805124808975
-21.106934671905215,-21.23137952004552,-21.11147081309057,-22.959059536638527,-30.39709152794647,-21.148461271215,-22.859093799505118,-44.81747689922277,-58.81452948810089,-21.516808976265754,-21.14718058845314,-21.267182522049467,-21.266122854110375,-21.47531347256635,-31.220582513562736,-21.288501343907413,-21.20035837747862,-21.097399574773156,-22.053884575073518,-24.307956302665296,-29.483835926535725,-59.0018065513635,-225.74478927489133,-93.24522023105476,-22.387114518244566,-29.37089832029173,-23.81945411497395,-21.93282613786618,-21.148898992874436,-21.112763748237608
-21.290745920660438,-21.412239301959257,-21.298098525008555,-23.10996992097874,-30.473695821729788,-21.333402554958223,-23.006386595278993,-44.86464648235069,-58.40898027121803,-21.69422094541388,-21.32821543490076,-21.4470650472378,-21.442934418935497,-21.64422491965096,-31.228079077807394,-21.458968869957015,-21.379596634666225,-21.281229085051127,-22.21731690906588,-24.428208295139722,-29.53348442701323,-58.559164504777186,-223.79794073374305,-92.57203197895976,-22.53875285378035,-29.40052419180917,-23.950138051467928,-22.09890668053675,-21.33277470383039,-21.299148877161006
-20.691285595971063,-20.824654592557263,-20.68827929343551,-22.656384409271883,-30.275004865971702,-20.728372501230748,-22.54461081035717,-44.77502301358255,-59.569273509073234,-21.109420447057094,-20.739741076339904,-20.85930147652094,-20.869013327609476,-21.09159664227426,-31.15905776656815,-20.908707182866422,-20.798914964987244,-20.68296820207361,-21.685046157741237,-24.040919785751512,-29.45968304170757,-59.655487304577626,-231.5222572996464,-94.41852408024914,-22.041145020984544,-29.35318264708041,-23.5503679430939,-21.5549386842379,-20.732208471351065,-20.690016266499697
-20.297466421624026,-20.430868565230337,-20.29317678679385,-22.24019788381728,-30.068902593050495,-20.33786512973611,-22.18539609950276,-44.798070839416475,-61.034250455593316,-20.746878080446308,-20.346582761345083,-20.47603565620434,-20.480817165097452,-20.730180906020436,-31.28932739012156,-20.522912077640033,-20.404382831368586,-20.285902880173797,-21.333615326034156,-23.780655604643844,-29.159983328275054,-61.65093443448159,-233.97672742970244,-97.22809510043325,-21.72123595403493,-29.192684593107288,-23.207349397931857,-21.205348968335624,-20.341071167077864,-20.29553117831302
-20.29356784403938,-20.426449079283874,-20.28962410931579,-22.22812710731469,-30.064871680423032,-20.334471688761937,-22.178145106782964,-44.80662595945654,-61.0987157396863,-20.744879031967116,-20.342291186530137,-20.472434975801193,-20.476243944101117,-20.726811256386004,-31.302713597638324,-20.51751112845845,-20.39959531113518,-20.28169051226335,-21.33000090927352,-23.77877008791033,-29.139289131990957,-61.76198430973483,-233.8476806565792,-97.37142790857445,-21.71856988100516,-29.18093429935956,-23.19830892947253,-21.202432482731194,-20.33743346658703,-20.292000273856132
-20.268013767239825,-20.400525236609035,-20.26425519845035,-22.195597476890207,-30.053977682052654,-20.309482676922194,-22.1523897662161,-44.82112776853565,-61.23569293679702,-20.722623650558855,-20.316524641802342,-20.44770020428976,-20.450523145019112,-20.70354537017551,-31.320968870852095,-20.49132031097718,-20.3733669139587,-20.255720340810786,-21.307145063476028,-23.76345894448146,-29.107472526233302,-61.964561505589316,-233.9489559795911,-97.65124387452121,-21.69822026152672,-29.163072055921916,-23.172064541384774,-21.180194978781252,-20.31223154671614,-20.266682950156593
-20.701063667067526,-20.82789392969454,-20.702596087441258,-22.567438601109814,-30.20828399746311,-20.74385089204653,-22.505384278624046,-44.807946518364034,-60.07262602767992,-21.136237229666914,-20.744071733954403,-20.87112118882529,-20.86941282098051,-21.101898384104643,-31.289739324765414,-20.898248028083067,-20.79766893370797,-20.689393946715107,-21.691258869914,-24.040759967038404,-29.247324307550276,-60.62582139820586,-229.0218536954521,-95.60868831180184,-22.05370957453738,-29.236981572726364,-23.488701964817977,-21.56936484326435,-20.744732546626174,-20.70448725488557
-20.277627750324026,-20.41883705657341,-20.268466393183793,-22.34631692198425,-30.169099579267645,-20.31141567294314,-22.226020709729625,-44.83252867454556,-60.40943229125314,-20.706172970981697,-20.333302237147166,-20.453205961418174,-20.471549201822896,-20.707408725650627,-31.113786736595436,-20.52545308099198,-20.397553022605074,-20.270069977416437,-21.3167904963444,-23.773662102883886,-29.41836599883971,-60.4317678365044,-237.54000860051454,-95.86619838272803,-21.694379594063005,-29.327742775973086,-23.274160506917955,-21.178736958643746,-20.318069739811076,-20.270604095023057
-20.85057864862903,-20.976987821978106,-20.852863336681423,-22.718227333208787,-30.275854488265004,-20.892473797357972,-22.638636576788468,-44.794258511471014,-59.55988731067475,-21.274999549200817,-20.892906152939908,-21.016879673398275,-21.01624053830694,-21.23937768664744,-31.252757288918552,-21.043521183797,-20.946772507434886,-20.839934462276826,-21.824922526166397,-24.137995624750232,-29.348490142286668,-59.94337198519581,-227.8792034875309,-94.62254406077854,-22.176165885934186,-29.294170610399796,-23.615182553176556,-21.70276731835407,-20.893403867485496,-20.854525370297033
-21.521569074045672,-21.64171867612832,-21.530736360324774,-23.33342601799725,-30.60658448821438,-21.563577137402152,-23.209373469385454,-44.92768904019412,-57.75393757046398,-21.91146969008459,-21.557600847202604,-21.672340887892226,-21.66845170041461,-21.85682401060838,-31.202270345987337,-21.680642418373882,-21.608722539910147,-21.513297832996663,-22.424436808328863,-24.58665727673818,-29.674769206198484,-57.704851102806806,-222.34226328012167,-91.34471131478594,-22.72937946922065,-29.482389284483403,-24.140118438082816,-22.306324141061246,-21.562690677133237,-21.531427897819206
-21.657932420204922,-21.775882051014776,-21.6692851676088,-23.445968684939714,-30.669778284870066,-21.70081008694076,-23.319195444078954,-44.98386744454169,-57.4679684863024,-22.04314115931968,-21.69189285135788,-21.805748115724864,-21.79949409582204,-21.98189608249856,-31.21096157068489,-21.80678870748782,-21.741721002737066,-21.649704765418356,-22.545868206735598,-24.67661769912101,-29.715337882110518,-57.38844204664403,-221.04105210362516,-90.8761043569884,-22.841855981053673,-29.507941047879154,-24.23792226558225,-22.429613225947776,-21.69912179022683,-21.669780337688582
-21.764357607928503,-21.883240061738167,-21.775384373688524,-23.57125911994371,-30.76783411754076,-21.80558011379137,-23.425230261630155,-45.034511149156074,-57.09096081328275,-22.140122840540922,-21.799137531488388,-21.909234358942005,-21.90581833909058,-22.080575989972203,-31.179886749952566,-21.914119711650063,-21.85006299493133,-21.75749786514238,-22.642865620425905,-24.758283988324393,-29.831862483049534,-56.82873739169386,-221.15305266379136,-90.10154520734066,-22.930302501582144,-29.57324773432275,-24.342456382920474,-22.52474102396836,-21.80449509868629,-21.775684923755
-20.882832228464935,-21.01370039443374,-20.882123186008748,-22.81964105770197,-30.353568562489677,-20.920537559714095,-22.701457176096543,-44.78748801495284,-59.09928507103902,-21.29313032490218,-20.928922568031012,-21.046763415369586,-21.05438830840821,-21.26852672544118,-31.156962450684503,-21.088914145300233,-20.9866400465773,-20.874774280925614,-21.85580111108951,-24.167899347218153,-29.522609181845457,-59.12331321946409,-229.47127887274348,-93.58539983305727,-22.19993294589008,-29.388323446978752,-23.69121525085401,-21.727889849801276,-20.92354807933377,-20.883625651690615
-20.868098454847566,-20.999723831028675,-20.866843819851834,-22.81598086938705,-30.35842756457626,-20.905269007150526,-22.693741966836082,-44.79208245944582,-59.092650223146556,-21.277560850339714,-20.914878334123095,-21.03211883355864,-21.040905266023607,-21.254774252017988,-31.145791576432106,-21.076724418751926,-20.973150454097617,-20.86031328004934,-21.84285172743049,-24.15975016106861,-29.536954045656188,-59.08091420849539,-229.89997842403957,-93.5539008132044,-22.18721242979658,-29.395332548411297,-23.68639152679213,-21.714069282913613,-20.908597699372812,-20.868349957998827
-20.868098454847566,-20.999723831028675,-20.866843819851834,-22.81598086938705,-30.35842756457626,-20.905269007150526,-22.693741966836082,-44.79208245944582,-59.092650223146556,-21.277560850339714,-20.914878334123095,-21.03211883355864,-21.040905266023607,-21.254774252017988,-31.145791576432106,-21.076724418751926,-20.973150454097617,-20.86031328004934,-21.84285172743049,-24.15975016106861,-29.536954045656188,-59.08091420849539,-229.89997842403957,-93.5539008132044,-22.18721242979658,-29.395332548411297,-23.68639152679213,-21.714069282913613,-20.908597699372812,-20.868349957998827
-20.286196917611683,-20.421932079451334,-20.280325567563207,-22.264825410309584,-30.082126101442253,-20.324608786177123,-22.192146875261408,-44.781048447925436,-60.861153865041594,-20.729596485906274,-20.337196874450246,-20.464136953978112,-20.47291055565955,-20.71879065122859,-31.239563923468044,-20.51877634750292,-20.397037791914553,-20.275795672807238,-21.32408734073919,-23.772414476972386,-29.231874114820975,-61.3083927672351,-234.87728088042678,-96.82229131947051,-21.709558106370558,-29.232714239094506,-23.222837245664312,-21.192870701738165,-20.328855214601635,-20.282626239885197
-20.79182864471441,-20.922351197323987,-20.791033056743817,-22.717999854253534,-30.289871145356727,-20.830570098948733,-22.615198009908944,-44.771040010884235,-59.440945076005676,-21.20984741887855,-20.837696719103555,-20.958299573316673,-20.9642078129003,-21.184879944343482,-31.188752258050073,-20.99875257958797,-20.894862426021714,-20.782845528187448,-21.774139147097436,-24.10399286981873,-29.440167997069054,-59.606419105503036,-229.74159098269203,-94.24883479514489,-22.125817143668854,-29.34418846913459,-23.607799566887287,-21.647108540471027,-20.83328065055162,-20.792688199134417
-20.40985011720976,-20.545741463924134,-20.40428048778962,-22.398500530144045,-30.14840853787485,-20.44706951702522,-22.306078667543602,-44.77181010948581,-60.377876011680144,-20.842846210772628,-20.460787205717793,-20.58436386659783,-20.595010227378733,-20.83206275231904,-31.19239288133933,-20.640365382479075,-20.521185284858802,-20.400557719830676,-21.434260162901392,-23.853864018774694,-29.33126882227392,-60.64313608542892,-234.163898576813,-95.89632035922499,-21.809460883822744,-29.28499618903262,-23.3320778778494,-21.302280299233722,-20.4515894374881,-20.406383287876174
-20.8471603520377,-20.977601017307986,-20.84660880368629,-22.775222657092687,-30.322746792792167,-20.885523180089944,-22.665377456305457,-44.77772053814766,-59.25432514222993,-21.261213514292628,-20.892899771155214,-21.012199828083936,-21.01863635131453,-21.23579807200216,-31.175015218636844,-21.052704452868458,-20.950171629353882,-20.83858842050041,-21.823674915632555,-24.141926152754277,-29.480325862642403,-59.35446963400884,-229.43407183881814,-93.89333505270918,-22.1711086808649,-29.36591625635048,-23.655385911892733,-21.696473993105762,-20.888284315788514,-20.84817859753552
-20.851742306034808,-20.98294473848751,-20.85070322838866,-22.791983831400806,-30.33917638277341,-20.889407518085026,-22.675421287482127,-44.78388414733614,-59.18031463225586,-21.26349167425004,-20.8981527112443,-21.016366013230332,-21.024206222177444,-21.239835958565315,-31.158587721148237,-21.059465068904178,-20.956048744797744,-20.843604175101905,-21.828052290384345,-24.14705039540322,-29.509785044712345,-59.21971018120614,-229.76376221283704,-93.73132252248455,-22.17422140233051,-29.381211503669206,-23.667548817706237,-21.699877749044838,-20.89252022217221,-20.852246191688486
-20.788129843028784,-20.914323720922116,-20.790385513198512,-22.649615242195345,-30.24428207330338,-20.830744645548116,-22.580144897251714,-44.80418169013605,-59.803927777930795,-21.21806599966619,-20.830424782506615,-20.9561086543539,-20.954340609265536,-21.181940583672816,-31.275276863611843,-20.981591856004325,-20.883834208643087,-20.77685412866332,-21.76885988489477,-24.09696549146773,-29.293337364527066,-60.28544736848883,-228.2269875300187,-95.10887470208733,-22.12510298189713,-29.26287359319155,-23.55813299834646,-21.647310002195795,-20.831476459241774,-20.792152403869054
-20.72951660173515,-20.855848935887646,-20.731499113132294,-22.590165748426465,-30.218656983651307,-20.772507364043875,-22.527771683902102,-44.81174208171184,-60.00866622026314,-21.163774529230682,-20.772066323241322,-20.898974264864712,-20.896740243465977,-21.128057180574963,-31.29057217065984,-20.924552066703498,-20.825339495698934,-20.71782413014982,-21.71645789094012,-24.059129192439556,-29.252876227489686,-60.55902304799517,-228.68024898300075,-95.50455227806827,-22.077118422001053,-29.239883884958154,-23.50827562393628,-21.59504771712929,-20.773208014239323,-20.7333565929588
-21.131914118210588,-21.24443215572056,-21.146097303107172,-22.83309115724575,-30.401060314187333,-21.18383322342771,-22.802689710690306,-45.14998804593419,-59.624367715755014,-21.570342281466964,-21.163382206889793,-21.29332789740441,-21.272151701422978,-21.49376994775096,-31.40749929584055,-21.272094018323727,-21.205920469917373,-21.116614459648126,-22.066700013105823,-24.324339167996822,-29.139537792994325,-60.52899496029259,-223.2173504806258,-95.48965115502554,-22.402496796126457,-29.15898915649558,-23.716686201720833,-21.96061175423686,-21.178962772114634,-21.14754333519551
-20.732012363408433,-20.857404837896595,-20.734704480431162,-22.57957547373844,-30.21692880234445,-20.77582788343388,-22.523521593257573,-44.83095214149478,-60.078475750112844,-21.168680739243683,-20.773839085980942,-20.901652321325184,-20.897807962778206,-21.130337435824206,-31.308033129871397,-20.923950341072626,-20.826263994986302,-20.719850261225073,-21.718170640109108,-24.061116702694473,-29.224362923008655,-60.69209473172059,-228.422244522696,-95.68357276195604,-22.079377801845993,-29.222976482333564,-23.500411526006577,-21.597953182629823,-20.7761044694277,-20.736579797358228
-21.130878469986882,-21.25232861797132,-21.13775501928958,-22.942043968582194,-30.38417217322309,-21.174873068052513,-22.859494200612982,-44.85660493034375,-58.954230580229385,-21.546502342200768,-21.16861802813623,-21.29126237933416,-21.2852324770297,-21.496829306529914,-31.266641102314182,-21.302108477218997,-21.219303392387044,-21.120010882188467,-22.073447143723836,-24.319621308724884,-29.406547995461473,-59.309824036654945,-224.66210258045078,-93.64714860498103,-22.406921962507816,-29.327188786579256,-23.808708244058575,-21.955999024223257,-21.17397937139699,-21.139067168286985
-20.806287508626816,-20.922565358267583,-20.816431772075955,-22.54171173607705,-30.28456242446485,-20.857645294263488,-22.532518793350224,-45.12861990814718,-60.560537304894254,-21.26217828773459,-20.84170605101028,-20.975475012041493,-20.957006523184383,-21.196401139007676,-31.447786863136592,-20.965965010016557,-20.885909213220845,-20.790103921472884,-21.777971815816777,-24.123565230928584,-29.001290168420876,-61.67801589866497,-226.5226574810963,-97.14965565354312,-22.1376074443652,-29.07758856722308,-23.46972547581101,-21.669269056487323,-20.853965025931274,-20.81836702912778
-20.970774517021667,-21.10562275021527,-20.9679757320567,-22.977091962904048,-30.52227398955279,-21.004465945483837,-22.814169903437044,-44.911091291133985,-58.529397484435634,-21.365094785738698,-21.020579179821354,-21.130624318078493,-21.146310920649668,-21.348121651990844,-31.05652174152989,-21.186192314560895,-21.08136095298686,-20.96547099390615,-21.935797239370302,-24.24734650367823,-29.72819142498109,-58.16426892456582,-231.4421067115377,-92.4407919509346,-22.267583208032757,-29.490268161899373,-23.8103436326667,-21.802476513809808,-21.009373428776524,-20.96923321690048
-20.989173609027485,-21.125107331493673,-20.98585572568257,-23.014562266988687,-30.575511973588576,-21.02186113852062,-22.840042833567832,-44.96515365150049,-58.40227517596969,-21.379755970165807,-21.040050006258827,-21.14800032865235,-21.16579371705911,-21.36455180024032,-31.031075205578745,-21.207026760284318,-21.101542439145984,-20.984564151835563,-21.952524911513052,-24.267011733989357,-29.78019693514385,-57.941046015614184,-232.1428806599264,-92.19729320496022,-22.281173486889138,-29.51442973469093,-23.837726457437853,-21.817743904869996,-21.02726117925477,-20.987053794519404
-20.11547340643741,-20.250057289838438,-20.10986803264558,-22.06611192371453,-30.004574122475724,-20.156447836776994,-22.028988218018043,-44.83942937431486,-61.652226381415865,-20.576828736960888,-20.165971498351222,-20.298522578335383,-20.302999628642123,-20.563109738994964,-31.33346547281821,-20.348000316266283,-20.224037279499818,-20.103005061740106,-21.172060085977087,-23.666496868940122,-29.06338436165675,-62.43640386397703,-235.80704581334885,-98.38334201979401,-21.57306831318452,-29.141288555005726,-23.061994483287567,-21.043188296393748,-20.159876159051716,-20.112474238845998
-21.320112468291907,-21.442219204357038,-21.32709880617889,-23.149470601449092,-30.499371023950047,-21.36199063567702,-23.03792929874989,-44.86509388008176,-58.26975383904161,-21.71995016463822,-21.358067509027517,-21.475529393520503,-21.472812398908037,-21.671462288621218,-31.211503724765272,-21.489773962754512,-21.410073113014555,-21.311150923935983,-22.244190099737324,-24.450154038790906,-29.57639320220858,-58.343805098591275,-223.87958665468858,-92.27411468263904,-22.563004656567664,-29.424666667093263,-23.982580838260162,-22.124850234310315,-21.36168985069587,-21.328090079580775
-21.129916229059365,-21.251057835859864,-21.137029374535853,-22.936842279456748,-30.381927916219816,-21.174193986150105,-22.856452324460907,-44.86243416645877,-58.98058466476894,-21.54639714776859,-21.167413640384208,-21.29039033268695,-21.283812335155865,-21.49586079203608,-31.2721050790403,-21.30012937793901,-21.217822514863027,-21.118883746723352,-22.072361602643653,-24.318675891218085,-29.39607306003673,-59.35754593448151,-224.58418203070087,-93.71359259674689,-22.406083444796067,-29.321072731963042,-23.80459463753185,-21.955305547480553,-21.173158295496723,-21.138348691295544
-21.023043443882703,-21.149802933027356,-21.025627594464744,-22.9047923387819,-30.376042503099733,-21.063206200068688,-22.7992026101609,-44.79721515882622,-58.92887053070814,-21.433355978884762,-21.065384590333334,-21.18476210625091,-21.186798032794677,-21.39813305999532,-31.1995113330617,-21.2136769519506,-21.120202992610217,-21.014007405235574,-21.979811486536782,-24.25511173909741,-29.494112478125153,-59.0646594844605,-227.03845534408828,-93.38228291576661,-22.317453783355685,-29.375547006819623,-23.770359666884076,-21.85631211418246,-21.06457034287521,-21.027005761518765
-20.903293479905663,-21.031131299487953,-20.904718395382496,-22.79473045025945,-30.31881150845966,-20.94348209228404,-22.69731725521626,-44.782250764448065,-59.26028723517034,-21.3198681807099,-20.946715425669126,-21.067780489475705,-21.07029187354256,-21.287829019318803,-31.210626052659777,-21.099716067238152,-21.002017583115464,-20.893828642647975,-21.872893553664916,-24.175143714251803,-29.436513062485897,-59.474105898523845,-228.0715507050915,-93.98661052017985,-22.218745174970095,-29.343191145451307,-23.676726464381044,-21.748666970714876,-20.945148557546407,-20.906263039321612
-21.372490937574696,-21.48739173648613,-21.385369726423583,-23.108405370940517,-30.479931755438734,-21.420342462820724,-23.03543305310958,-45.00043718938419,-58.59671228157156,-21.78580102120124,-21.404553968513373,-21.527903692234815,-21.513256497010147,-21.716847234069654,-31.312216160130543,-21.5164585484455,-21.450544866376575,-21.360358429335257,-22.285563916277276,-24.473926756249714,-29.394666288195516,-59.051712860112566,-221.61738517765457,-93.27048347395204,-22.603627822557968,-29.31915872987355,-23.953118240331865,-22.174854513283293,-21.416843615802865,-21.386383885790924
-21.423919966809454,-21.53564502565345,-21.439633019252238,-23.12373232818247,-30.506004589191413,-21.474158748870448,-23.061778627741873,-45.10085105444877,-58.64190541853662,-21.840896899184866,-21.453548576056093,-21.578314034934195,-21.558838154509406,-21.762258370590573,-31.34538579578177,-21.555554412660086,-21.496953202067242,-21.41067118323998,-22.32883253398014,-24.506304332875487,-29.342110687855993,-59.21466228045087,-220.7664266974881,-93.54664887871952,-22.643438804365687,-29.28544287164114,-23.965824729801387,-22.221749699442913,-21.469321415009308,-21.440596069770503
-20.37217540686956,-20.510802234448956,-20.36482213548646,-22.403449412294272,-30.174033190533784,-20.407359577126858,-22.292549556072302,-44.797374903366006,-60.28209567105324,-20.800510444587566,-20.425512554461157,-20.546449734000447,-20.561454123065385,-20.795924614317745,-31.14244837865437,-20.611096049318665,-20.488004904102706,-20.364024052581076,-21.40097472783745,-23.83283124058313,-29.398560844382256,-60.38334010579794,-235.68684367161487,-95.66162620872296,-21.77510032417778,-29.319010856588484,-23.328670898473995,-21.26573440094799,-20.413033957726523,-20.36689822732138
-20.502741023617606,-20.638884683857636,-20.49733743002799,-22.501217104353525,-30.207521302041343,-20.538975249628233,-22.393000145199025,-44.77900337194848,-60.01592888044541,-20.927806509452402,-20.55379488045766,-20.674623393660436,-20.686893926238216,-20.91717140399096,-31.156358917170465,-20.732033929023192,-20.614665573860517,-20.494343203358778,-21.517154267962553,-23.9171774833539,-29.41100756467201,-60.137958704431504,-233.78222190846458,-95.20471215400656,-21.884482233571042,-29.32638122214581,-23.41564255005149,-21.384443360967936,-20.543755121507147,-20.49928812430306
-20.48857601545541,-20.620424556113672,-20.485911345729026,-22.418146177390625,-30.142620458690516,-20.528693268805696,-22.347877281840802,-44.77518685998266,-60.43718040243479,-20.92676896903174,-20.536035623852825,-20.662601671337274,-20.667086541753832,-20.905935194674406,-31.2554830743956,-20.705580862920172,-20.593238009696684,-20.47778327603192,-21.50350242536499,-23.9032645937723,-29.25214889582744,-60.9080799770184,-232.0720892588955,-96.1263880495113,-21.877621848882722,-29.241995549807257,-23.3570424575669,-21.376281508589923,-20.53151388470599,-20.488009165236573
-20.481174799013587,-20.617717196389957,-20.475452058786203,-22.484839918248596,-30.20158025535291,-20.517243765821327,-22.376307210314582,-44.78126715498772,-60.060739604919085,-20.906813333917732,-20.532596374982695,-20.65346042476132,-20.66616423209406,-20.89716504229772,-31.15432927919707,-20.712039171036945,-20.59372632359813,-20.472811293899202,-21.497966529714844,-23.9032147249814,-29.408445284393906,-60.1804235715803,-234.08678325280562,-95.28151495943817,-21.866448002381617,-29.324894393974912,-23.401138289456,-21.364853318683338,-20.522167028623986,-20.477424196272125
-20.27938987974795,-20.420915688011096,-20.27006447774292,-22.353586397708735,-30.17782339099438,-20.31290377843877,-22.23010489305693,-44.840292522987255,-60.37657357867423,-20.706945623205137,-20.335343499490126,-20.454754107281705,-20.47367381680364,-20.70877926090039,-31.105743023204937,-20.527992324403964,-20.39983002950827,-20.272011939660096,-21.318344575161554,-23.77570885282588,-29.430958284004856,-60.371658036202284,-237.7136310331831,-95.80217496199765,-21.69523894379438,-29.3337665122464,-23.27903380395319,-21.17989303307667,-20.319696086882615,-20.27218900241213
-19.706836323819285,-19.857538248291494,-19.690671099322845,-21.90276793487046,-30.029150817204027,-19.737525638305193,-21.778635355135584,-45.00592347967026,-61.72295584379185,-20.153344601754764,-19.771125634493313,-19.89312886394541,-19.920580103355764,-20.175884128672696,-31.08698612847931,-19.99071342122918,-19.841320648932765,-19.699672755898394,-20.808490236841088,-23.403964910667263,-29.33527414760452,-61.73010313950533,-245.93675760015796,-98.25126394572848,-21.215838285126903,-29.285912123818456,-22.88259175315688,-20.660880161411008,-19.747336999877287,-19.69333525688356
-20.670335013459212,-20.807395348885617,-20.665028930279306,-22.694398701781672,-30.343884308676706,-20.70447697934368,-22.55416662541672,-44.836761528762466,-59.357724523959035,-21.08052001850226,-20.722137972187255,-20.837244228451773,-20.853202265592962,-21.070634772005274,-31.08687632722446,-20.898504508422135,-20.78404860404277,-20.663766938141528,-21.667006218414528,-24.0375272753908,-29.571750629128303,-59.196831365733466,-233.58829334104811,-93.95490359208793,-22.019455969990403,-29.407777058490872,-23.571333515561022,-21.532405153420598,-20.7099117348152,-20.6666923052602
-21.318640665592508,-21.44069977718231,-21.325657839515763,-23.147245464990455,-30.49780524842123,-21.36057269713543,-23.03622031550208,-44.86506001473988,-58.277842458560784,-21.718700119807796,-21.356556208997336,-21.474107530835038,-21.471289830163172,-21.670093682508554,-31.212610165451302,-21.488175120369025,-21.408516886386668,-21.30964271580465,-22.242831868253695,-24.44899620687799,-29.57369422362337,-58.35679416997755,-223.86849795603615,-92.29183523924861,-22.561790579185388,-29.42316439022556,-23.980775201193453,-22.123559554913008,-21.36024774705746,-21.326652384709625
-20.255359830843624,-20.386576149188574,-20.25248236041024,-22.16310183793632,-30.048454625252305,-20.298124238831505,-22.131976000565885,-44.85359573533798,-61.41124195086903,-20.71504683935429,-20.302951643627217,-20.435823284646077,-20.43620042134362,-20.692385969004103,-31.355415079876696,-20.4749046674378,-20.35850595619182,-20.242259547555555,-21.29545468157668,-23.758248497136933,-29.05441273702583,-62.25981604882394,-233.73051701026708,-98.04564047141466,-21.688999460045014,-29.13200053268031,-23.147028381485512,-21.17028712146924,-20.300259435690695,-20.254968604853286
-20.255359830843624,-20.386576149188574,-20.25248236041024,-22.16310183793632,-30.048454625252305,-20.298124238831505,-22.131976000565885,-44.85359573533798,-61.41124195086903,-20.71504683935429,-20.302951643627217,-20.435823284646077,-20.43620042134362,-20.692385969004103,-31.355415079876696,-20.4749046674378,-20.35850595619182,-20.242259547555555,-21.29545468157668,-23.758248497136933,-29.05441273702583,-62.25981604882394,-233.73051701026708,-98.04564047141466,-21.688999460045014,-29.13200053268031,-23.147028381485512,-21.17028712146924,-20.300259435690695,-20.254968604853286
-20.172961458453134,-20.312543284722334,-20.164340847342906,-22.207368092399822,-30.073884215208384,-20.208980847350347,-22.117833813060784,-44.80030178041601,-60.94400563136465,-20.614294045134276,-20.22732894902955,-20.352254147023533,-20.3663752775341,-20.61272768131451,-31.18975454600792,-20.41871116800996,-20.29005569259592,-20.163687376401402,-21.223718932558715,-23.70001185584252,-29.281415914972975,-61.23781548196695,-237.24838835612385,-96.8906169332975,-21.61268580113747,-29.259536936913207,-23.166106294303688,-21.088125015276194,-20.214763402967034,-20.16669367293107
-21.533220164675125,-21.65108082574368,-21.5442086887043,-23.313947864903913,-30.584459859860157,-21.57716091094519,-23.20325813406028,-44.9476108626795,-57.8649340486674,-21.927544145944676,-21.567245940977635,-21.684201902697172,-21.67641532916172,-21.866693369331518,-31.23496832607282,-21.684317564329433,-21.616523776157695,-21.523899133603454,-22.433144456003383,-24.58780436066167,-29.61200576047208,-57.9422263282267,-221.48160616816907,-91.66184912620116,-22.738457982716653,-29.448096838935037,-24.12628979945962,-22.317786212332337,-21.57523900060058,-21.54491513751461
-21.007826170236623,-21.135819211915532,-21.00949429424331,-22.907331800102277,-30.3851151620241,-21.04702921530857,-22.79450805910074,-44.79555062173854,-58.889047690532315,-21.416153534977546,-21.051261855095266,-21.16952915096088,-21.173565377661124,-21.384056929998387,-31.180294460850092,-21.202613288127264,-21.107043684763347,-20.99930233533215,-21.96675178425284,-24.24753952725253,-29.523253737742444,-58.95843632175743,-227.62127167064205,-93.26478902424063,-22.304351262305,-29.390831054858772,-23.770168944839902,-21.841792424564595,-21.04893208381823,-21.01086856909157
-21.13206211384848,-21.259619885152183,-21.13447022257027,-23.031931427971664,-30.461421197332953,-21.17065505525584,-22.905708697680097,-44.82413947009369,-58.50672653133014,-21.53238242428645,-21.1750220887478,-21.29066678992867,-21.295403858021434,-21.498540783774075,-31.158413857669153,-21.322935929169745,-21.230826411138164,-21.12433385288164,-22.078147922055436,-24.333874703028897,-29.60639995914742,-58.451018456175014,-226.92060802801905,-92.54340316891219,-22.406583825144303,-29.436598736430632,-23.874769820389698,-21.95307457519613,-21.172555127763204,-21.135655490429947
-21.50425993851297,-21.620713194403038,-21.51628041431081,-23.264971044378484,-30.55427526827026,-21.549678852387913,-23.166571290661867,-44.96421029212182,-58.051001301572796,-21.90396413820245,-21.53717024238341,-21.65621432015164,-21.645656560185266,-21.839281466299266,-31.26147356524315,-21.65107649213924,-21.585132645899098,-21.493995868466552,-22.405803803038815,-24.564356096781893,-29.545471021053284,-58.24876190908446,-221.19914883745827,-92.09807910138991,-22.713814222641687,-29.409679064442628,-24.085851587779878,-22.29235747730985,-21.547070070514433,-21.517054423637394
-20.885127345352128,-21.00808815455065,-20.89010747204477,-22.70608317050591,-30.27558193374975,-20.92982124598821,-22.645950639266978,-44.853897600979835,-59.71252305691341,-21.316081682520853,-20.924679156946237,-21.051417712831295,-21.04516792465407,-21.27087675918314,-31.306947418551836,-21.06613662906528,-20.97560094624172,-20.872985953633453,-21.853840436192677,-24.1596962763186,-29.264055820249187,-60.288791949981245,-226.7026186631802,-95.07481673355865,-22.204983200063218,-29.24453521463751,-23.608716142445292,-21.73587600540084,-20.92923499669853,-20.891788908243633
-20.436310253282976,-20.571196041171863,-20.431465812467327,-22.410387445206005,-30.148749261038013,-20.474184950702075,-22.32266948676242,-44.76818753864319,-60.366847346493095,-20.870046535318536,-20.486361380953426,-20.610541146073277,-20.619742593881224,-20.856823199371966,-31.206132655962925,-20.66338905688725,-20.54600340219802,-20.426701111850587,-21.457671136802634,-23.870443754997147,-29.31648914453402,-60.67476818935244,-233.57181653914498,-95.90021067751704,-21.832138332559303,-29.27722778329487,-23.344276337678433,-21.326839282656273,-20.478295910358334,-20.433557664623283
-20.439160417290868,-20.57622983628738,-20.432969600164824,-22.448860970482656,-30.18544765139645,-20.475121909914456,-22.34187778893114,-44.7831536390196,-60.16912841856078,-20.86659580944445,-20.491079494052553,-20.612345116242906,-20.62544966414711,-20.858317169170803,-31.156012065379493,-20.672380920704196,-20.552517263173428,-20.430732455603323,-21.460555045836436,-23.875518639391295,-29.394810464253958,-60.30341025713669,-234.55957507738128,-95.47599724428876,-21.83164863808154,-29.317679439822292,-23.370228160360874,-21.32696831534648,-20.480213299788492,-20.434990788710092
-19.601110070633247,-19.746893757000116,-19.587012026585583,-21.702165743768592,-29.87880242137174,-19.636767188647998,-21.645110653089308,-44.92449644891323,-62.64231476132265,-20.071428394718637,-19.661482264058435,-19.793341060908695,-19.810694586406484,-20.085133349669245,-31.268833985140397,-19.875417813720986,-19.72760310771425,-19.59042044776569,-20.71670523073394,-23.33241023231177,-29.077359281018328,-63.23046873834291,-243.95276080275858,-99.9795179713728,-21.14333889417633,-29.162163469554166,-22.73956984901256,-20.57561737271829,-19.644337639893706,-19.590028470416577
-19.953486387606574,-20.09720688872859,-19.941742643477184,-22.04355017665557,-30.022479837445537,-19.987829592216194,-21.949392890212813,-44.85378864598549,-61.41016488265231,-20.400436157402293,-20.011615699029445,-20.13678462897186,-20.155324921213253,-20.408594752042088,-31.17068376574613,-20.214903814587117,-20.07708718092224,-19.94462477699682,-21.028647978026868,-23.55849686798409,-29.264639316032742,-61.66585605374017,-240.59026797992198,-97.70235834022564,-21.428820578093166,-29.25201656199806,-23.020792462370153,-20.888752813478316,-19.99507695833176,-19.9442906450794
-20.237362671221184,-20.373446743445513,-20.23111462585749,-22.21862002174238,-30.062485750865008,-20.275890990874924,-22.150295250352496,-44.78758769667331,-61.018669381843125,-20.683751150366312,-20.28873746066235,-20.416484528921828,-20.425239362726845,-20.673878541480942,-31.249529014124395,-20.471934149872343,-20.348699965926308,-20.226741050697647,-21.28068960453578,-23.74091196343935,-29.20705196001427,-61.50633300621652,-235.34820059601842,-97.11413941720195,-21.669663284732064,-29.2197592226941,-23.184174488625505,-21.149254773732505,-20.280213038221042,-20.233480831573186
-21.192963346801783,-21.3065940951072,-21.20637546657038,-22.90819317165924,-30.411715498999207,-21.243399489425858,-22.864434926991912,-45.08078578529228,-59.3184085949521,-21.62356040082192,-21.224839429214775,-21.352856642450075,-21.33416439480497,-21.55064269781037,-31.37465501583422,-21.335919082284775,-21.268747501647955,-21.178712216346135,-22.122701193002424,-24.35990332764919,-29.21818233443239,-60.07854479975087,-222.77679645035826,-94.79945543146584,-22.45401522518461,-29.209645873542453,-23.78174503883445,-22.014754955290876,-21.23909355791091,-21.20770543045116
-20.646661409810417,-20.78015676527155,-20.64341778192809,-22.611110489924382,-30.24921977990399,-20.68400146324147,-22.504631006927198,-44.77008891907076,-59.71696288373098,-21.067847002933213,-20.69526740245226,-20.815819127062127,-20.825202734496294,-21.05053838653731,-31.169549970390992,-20.865379377012484,-20.754416791511424,-20.638045813321558,-21.645174152151885,-24.010442750403286,-29.429630088108006,-59.851621755585114,-231.79789054294088,-94.69638368557376,-22.004655500575694,-29.337260022427863,-23.51274990947788,-21.515117645044853,-20.68782399123535,-20.645221085306996
-20.49990519773171,-20.63270094741103,-20.496633952911797,-22.444729340611477,-30.157015212941616,-20.539082279949294,-22.365143507100505,-44.76732319662035,-60.31138990998234,-20.93448462947599,-20.548114824504626,-20.673272281159807,-20.67957740843703,-20.91602201596987,-31.231038867620796,-20.71954339312745,-20.606192574806435,-20.489710800675795,-21.513899647320734,-23.91092682136773,-29.293057251697434,-60.694391130683485,-232.3392602655848,-95.85319658919325,-21.885978590284175,-29.26447230275282,-23.377151605222572,-21.385416389725894,-20.54235221868943,-20.49868714125951
-20.764821960198518,-20.895895108103765,-20.76356602540159,-22.697998659173166,-30.28194148744736,-20.803302899256032,-22.594586103621733,-44.76981273675043,-59.492462725469814,-21.183442536360193,-20.81119739676229,-20.931799714154298,-20.93835225811081,-21.15991418119554,-31.18529576410542,-20.973954229642203,-20.868730543648446,-20.755904951723927,-21.750155102503758,-24.086577306568316,-29.4379426781315,-59.652794128962775,-230.11575845724911,-94.33166446472617,-22.10331380464889,-29.342754387178587,-23.590063359310342,-21.622567058150366,-20.806220039475843,-20.765249480533413
-21.12896358478458,-21.258991407343828,-21.129724258807215,-23.067142902902333,-30.51461825055857,-21.165461812171174,-22.922185046744364,-44.85901835345552,-58.34729657937241,-21.52358025778073,-21.17421923591541,-21.28671082589495,-21.295784872739276,-21.495366120686445,-31.113430403153,-21.327309344144894,-21.231888530301934,-21.122476742172573,-22.076432754538654,-24.341199422151178,-29.687299896981536,-58.12637068594245,-228.19346051517223,-92.17701765451092,-22.402302219676685,-29.47693496853553,-23.898301103028082,-21.948293950922,-21.168474995818404,-21.130856311059357
-20.7583917126742,-20.88567339824599,-20.759761776910043,-22.63408550941729,-30.236838341640087,-20.8002842068229,-22.560776077710162,-44.791320877615746,-59.82306052148119,-21.187720911541895,-20.80161672478726,-20.926828835522862,-20.926609616294257,-21.154570845369424,-31.263088175853362,-20.9559143932013,-20.8558710586045,-20.747436379447905,-21.742795934308422,-24.077875334184785,-29.306088623378614,-60.26682268322153,-228.7521454184172,-95.10169066571288,-22.10040208724597,-29.27042039780945,-23.54373387856246,-21.62002057834639,-20.8014645575617,-20.761550574471546
-20.425023320211423,-20.556174901573673,-20.422655756320584,-22.34060347536549,-30.1102083419895,-20.466321277750065,-22.28509624144654,-44.79698238080603,-60.743444685470685,-20.870464939613928,-20.472077957372466,-20.600987293895024,-20.603433403260468,-20.847841538572812,-31.292875054188045,-20.641128434976654,-20.52838135149601,-20.41332622925889,-21.446574643833095,-23.8629201299986,-29.18028404087326,-61.355652894192424,-232.31102759269774,-96.74525343162009,-21.82655499922333,-29.202089025676642,-23.294088842116118,-21.32057297679416,-20.46871771180355,-20.424873680747403
-20.75219340066913,-20.880101821020062,-20.75309186446489,-22.63673520596422,-30.23837922351494,-20.793577983624886,-22.559623771757117,-44.78390622739552,-59.79396458413109,-21.180301136588238,-20.795935010832697,-20.92060100556698,-20.921408683561573,-21.148828934514253,-31.252600090988196,-20.951824428574653,-20.850719195589605,-20.74151452369304,-21.737551439253533,-24.07410033916967,-29.321996357070013,-60.200955251496396,-228.99135896319314,-95.02043691531921,-22.095061642812244,-29.27948710289244,-23.545029063457484,-21.614012897697485,-20.795034382282747,-20.75487539306272
-20.22401368914935,-20.36227661784185,-20.216356868465642,-22.239816895502724,-30.081660210941997,-20.260741199259357,-22.15439422601312,-44.78927805040361,-60.86871494205571,-20.66506691390822,-20.27720358262653,-20.4025275144386,-20.414977928105632,-20.660366994113705,-31.202678885410435,-20.465058594004546,-20.3389924852169,-20.214454037716315,-21.269055910566145,-23.73270737248822,-29.273334120159767,-61.19909648358709,-236.3337570034236,-96.77465276659883,-21.655900279997613,-29.255160394791332,-23.196159528085484,-21.134906750882376,-20.266020270081814,-20.218673961296872
-20.397286044432132,-20.53197470820599,-20.39244257246235,-22.36589130988253,-30.125774598355388,-20.435665661539048,-22.285587435016424,-44.770627035503594,-60.5308867786336,-20.83470434348201,-20.447233194063074,-20.572653602189888,-20.581006226697337,-20.821120083045948,-31.223928998432566,-20.62458081453576,-20.50657228064533,-20.38724858942949,-21.42283931945356,-23.844525951658117,-29.27993485119083,-60.907326937585225,-233.7330151648446,-96.21909048000299,-21.80072427729724,-29.257843221056252,-23.308167692316356,-21.29243777706484,-20.439623756188567,-20.394601352474762
-20.846323368703242,-20.974625447789524,-20.847236440078674,-22.741660005674618,-30.29193201383661,-20.886571010630135,-22.648551247778347,-44.77758129590218,-59.42419299587487,-21.266037029354855,-20.890221895636067,-21.012145244741014,-21.01478975678022,-21.23536418138648,-31.21740766392947,-21.045333349793594,-20.94571205829711,-20.836629937439245,-21.82204125339521,-24.137253409365766,-29.407758587799304,-59.67893346961211,-228.5600472520496,-94.28788773213319,-22.17185164894895,-29.327169687423044,-23.631733159890995,-21.697523324289264,-20.88835834794121,-20.848860672076867
-20.742939840694433,-20.86934646647622,-20.744906098986498,-22.605285242871965,-30.22485311820556,-20.785748824711224,-22.54050212338328,-44.80780555250654,-59.95265355497196,-21.175910070969902,-20.785512461323123,-20.912029483531846,-20.910088064188,-21.140394206953218,-31.28494765866817,-20.93795737519821,-20.83891360358513,-20.731398283427016,-21.72851239154689,-24.06774204284353,-29.265579320895178,-60.47963495013181,-228.60372254110231,-95.39145445874155,-22.088072476030803,-29.2471616485689,-23.520824616360375,-21.606934457524687,-20.786504995833834,-20.746740347479307
-20.759240757861885,-20.885771589987833,-20.76116285606778,-22.624145331761774,-30.232782703242798,-20.801799033707393,-22.556214210122555,-44.80285429407606,-59.88213999800117,-21.190561002103312,-20.80186984840987,-20.927873428142714,-20.92634688426535,-21.155377271930604,-31.277513653365023,-20.9543444646195,-20.855455508000833,-20.747900065041744,-21.74317110434365,-24.07826718177966,-29.282135098348782,-60.37839124409429,-228.52353249584473,-95.2479735440692,-22.10136570726278,-29.256629885522734,-23.53643100226184,-21.621346927968737,-20.802638120848684,-20.762968110678756
-20.86818501370617,-20.99346379927563,-20.87135712903796,-22.720492229607515,-30.27682852545295,-20.910942915464872,-22.646639082184223,-44.8091755833113,-59.58727080140744,-21.294251585588047,-20.909569233557615,-21.03434690704921,-21.031935677400167,-21.255546949060232,-31.26909059970251,-21.05714058708359,-20.962508155958297,-20.8571000137744,-21.84008017095163,-24.148906358865613,-29.325248617428763,-60.02668395302611,-227.42185739091687,-94.72282287571213,-22.1908975479402,-29.28079041581641,-23.61853887839716,-21.71926132568872,-20.91138506772693,-20.873016428062424
-20.83906309368973,-20.963072480097214,-20.843107109343574,-22.672306695078593,-30.258355265294753,-20.8832063892242,-22.61126306285314,-44.83862711864044,-59.79627238038954,-21.27087668762662,-20.87953870544223,-21.006291481529537,-21.001319183440742,-21.228652045422713,-31.301337757455784,-21.024424614771632,-20.931200626422182,-20.82707793990994,-21.813220597850762,-24.129925896326643,-29.262004400605946,-60.36230239526337,-227.28828964333368,-95.19072694229338,-22.16719602190047,-29.243913023060347,-23.57946021025809,-21.69417732225339,-20.883024201458063,-20.844840898448126
-21.454909447038787,-21.573169598834898,-21.465319084811416,-23.23741465589017,-30.540037244000278,-21.49911895649133,-23.13401232867307,-44.92773177783637,-58.091098106955044,-21.85401301357907,-21.489397481554615,-21.60778121388663,-21.599829237385794,-21.794578148666165,-31.24441772669862,-21.608946998729035,-21.53869445932642,-21.445132344467886,-22.362808265035852,-24.534306498747295,-29.56189534807951,-58.24044186160778,-221.96418496317983,-92.09020082924238,-22.673749537351874,-29.41859535022565,-24.061119561578487,-22.24743528982271,-21.497261284497824,-21.466150575472437
-21.786192925064057,-21.89856277691869,-21.802528920155243,-23.506423334200342,-30.69317869464841,-21.833000523450796,-23.39746016589775,-45.09197493774128,-57.412770598832566,-22.174596236064662,-21.815211670406732,-21.931713029638615,-21.917080001678187,-22.097160597890568,-31.266490123360427,-21.91291413512545,-21.860937539436588,-21.776301307221697,-22.65674503734234,-24.749834183527298,-29.648685995896695,-57.50123943240574,-218.7854336287788,-91.03551148635778,-22.945125897916267,-29.473201232538948,-24.293635488012296,-22.546482368666556,-21.82894501666881,-21.802867879059214
-19.978141781810404,-20.114175581508714,-19.971182318526004,-21.943269057206326,-29.961589761900477,-20.019067693942322,-21.91516277462728,-44.87002044038826,-62.076171030695484,-20.446972281461175,-20.03011883181323,-20.164385347211276,-20.169582279277726,-20.43687819106925,-31.3565191395662,-20.21764949205032,-20.088894255100985,-19.965288294495807,-21.05046515599528,-23.580603609175107,-29.010504393790107,-62.94442721992507,-237.40989360954015,-99.15284665288448,-21.460961685939786,-29.11455956327316,-22.958662704807917,-20.920401381965068,-20.02291248102017,-19.973959762165375
-20.877256317849575,-21.005518112354586,-20.878298081980386,-22.773655683745055,-30.309067499809807,-20.917284516685434,-22.676596702624042,-44.77913128009547,-59.31843617548746,-21.294707461765995,-20.921075503814677,-21.04228264542289,-21.045229532719933,-21.26383038734836,-31.209575067573063,-21.075522507662768,-20.97664287474422,-20.867797208385234,-21.8497468598739,-24.15815701514825,-29.43041004838102,-59.535867940700314,-228.3747175971992,-94.0845991081996,-22.19719531400384,-29.339685858887538,-23.658426755633748,-21.725121945992694,-20.919102870317534,-20.879874083840306
-20.784635159246374,-20.92344471606822,-20.778874670269452,-22.845121332465713,-30.492591706572032,-20.816529226935316,-22.67373075727484,-44.954820877370466,-58.85960317749493,-21.18256299619459,-20.838129032064106,-20.947560121678865,-20.967927871005028,-21.174707623356746,-31.020644514125152,-21.01470050669048,-20.901309416847262,-20.779861210188137,-21.769478884951358,-24.129333226882945,-29.721068256748897,-58.43546860265951,-234.43943726722364,-93.02244692032451,-22.109894544442028,-29.479525567552116,-23.689083400041774,-21.632165143846382,-20.822867785702375,-20.780308631086687
-21.689650842463088,-21.804464276179615,-21.703628043644144,-23.43702136955913,-30.653131874302485,-21.735055013837947,-23.325647424844007,-45.02562032385207,-57.563895361753566,-22.07959778738523,-21.72086288606934,-21.837245247928603,-21.825834747735666,-22.009567551382244,-31.25014214360661,-21.827007588530552,-21.76822725523652,-21.68013623980193,-22.57178499445984,-24.68898890339556,-29.644076792068695,-57.630867828742595,-219.8746262632034,-91.2112898456601,-22.86668740079046,-29.46896710579471,-24.233196365101197,-22.45917830222618,-21.73197239293233,-21.704108440204873
-19.94753404026007,-20.086188837197014,-19.938768943873683,-21.952278266394707,-29.959415031453478,-19.986360594888886,-21.90616266855166,-44.84364054101336,-61.93418324504715,-20.410606980798722,-20.001570394899453,-20.13351452282011,-20.14296109409644,-20.407271887765216,-31.303488262558275,-20.195288828182655,-20.062665899884806,-19.93586203660432,-21.023622162954076,-23.55648532649162,-29.07912776920905,-62.62762206512335,-238.4675553988259,-98.7950146756126,-21.4328859775873,-29.15460848470931,-22.960767203745206,-20.890238888956027,-19.99134512454664,-19.941505382280862
-20.506991126052277,-20.6444441192483,-20.50082233213825,-22.527292419425006,-30.236953892841864,-20.542081192884645,-22.407033258894792,-44.7992735172195,-59.893667396042105,-20.928221544073793,-20.55919922328487,-20.678149089778405,-20.69278315080978,-20.92035540544741,-31.125961730319922,-20.739814130395317,-20.62109546697741,-20.499315111371434,-21.521112480338992,-23.923219698100674,-29.460093284908396,-59.909813548250284,-234.43774820846693,-94.95124685768484,-21.88612534529458,-29.35084185771212,-23.433318318942597,-21.386752293565667,-20.547445714168756,-20.50272674160076
-21.147844363170737,-21.27831178881047,-21.148401822706653,-23.094154559417277,-30.54146799589777,-21.183827432955002,-22.943190468241305,-44.87821837208059,-58.25825345299727,-21.5401084728689,-21.19352402799444,-21.304909840414847,-21.31498319233678,-21.51267121558836,-31.101090341811712,-21.34705216729074,-21.251547145092985,-21.141735484612873,-22.09357292795761,-24.357043828849868,-29.71722001803537,-57.98468216907335,-228.39590588879352,-91.99996503601199,-22.4174134071315,-29.492055020477643,-23.919551645109784,-21.964780042465254,-21.18706662923286,-21.14949281483017
-20.165236631402628,-20.30079553049404,-20.159115898860268,-22.133870209849857,-30.027090535212047,-20.204874997424472,-22.0809780928222,-44.80843422746014,-61.354427509281365,-20.619268585257238,-20.216349501853337,-20.346544978749996,-20.353414725389758,-20.60813708721006,-31.28990498524633,-20.39970057280092,-20.275547256299756,-20.153723004771354,-21.216470693960048,-23.69559920712438,-29.134385138927744,-61.987162224540235,-235.69634176976166,-97.77468275089662,-21.612092285235924,-29.180701691176793,-23.115815663804952,-21.0860623806505,-20.20883525327798,-20.161612180395977
-20.780097438306875,-20.90767940927422,-20.781315759077714,-22.661275482536887,-30.249678456577378,-20.821538016034953,-22.582734685605026,-44.785289608469114,-59.719309179602405,-21.206891962680817,-20.82351808089788,-20.947878493830526,-20.948450918739837,-21.17451035970338,-31.25067456434395,-20.978151039108248,-20.878128383248505,-20.769479566340255,-21.762378171868946,-24.092277566323347,-29.332691541141756,-60.11266526810451,-228.70529331907875,-94.8875353582205,-22.1180255606493,-29.285424485640522,-23.565968142692636,-21.639108506547746,-20.822890434935257,-20.783062747974085
-21.397222427690796,-21.517738581535177,-21.40567864859028,-23.207966385208035,-30.528479690260085,-21.43989230087749,-23.097258620053523,-44.89201760488944,-58.12685669681494,-21.79522348807296,-21.433707194193968,-21.551069041736532,-21.54642702319876,-21.742173475627514,-31.221062167159356,-21.56005144591844,-21.484676032283936,-21.38809738861439,-22.312544451831837,-24.499820492981794,-29.58687772002146,-58.207050857175986,-222.9687986033987,-92.05994491578488,-22.626593866617373,-29.43176141117052,-24.03388585040229,-22.194726866608214,-21.43898080327596,-21.406570601912378
-19.790814775308803,-19.93507393795983,-19.778201623495008,-21.878927596562992,-29.946084460382423,-19.826097621266552,-21.805585946093263,-44.87493272861333,-62.00872471314604,-20.249622633531608,-19.84962026432091,-19.97843318537471,-19.995722275476293,-20.25955313697007,-31.224302498134975,-20.057127242220112,-19.915072284074395,-19.78089296688928,-20.88454783142843,-23.45288060356157,-29.16274517642381,-62.45022550780632,-241.8923944359901,-98.81438956363746,-21.297600685164056,-29.202426931014713,-22.88634140419358,-20.74462236323913,-19.833318312488295,-19.780980947818932
-20.095053812303526,-20.24260606703994,-20.081993934577245,-22.261472880789505,-30.215238440845212,-20.125220992562667,-22.108549335452395,-44.98835387025156,-60.550270515019974,-20.520558744815897,-20.156436838681987,-20.272200720289767,-20.29921158541704,-20.53441267423146,-31.02365909165045,-20.36251642514722,-20.224815859952237,-20.089324902986483,-21.15351296456887,-23.665662817458305,-29.507897972906484,-60.30873244388008,-242.26554016483203,-96.10944939737185,-21.534414876487354,-29.36585350677774,-23.182787093849768,-21.008397486085343,-20.134258349547427,-20.084191212277503
-20.518768683906778,-20.65874000331638,-20.511243215159457,-22.582023613623036,-30.30950956431269,-20.551697118294886,-22.437660451068222,-44.86590371069542,-59.656018854557765,-20.932617590238852,-20.573256892360746,-20.688352676683063,-20.707540962433924,-20.92956958727684,-31.066618913320994,-20.757984167675986,-20.636988886665875,-20.512492698923435,-21.531773264664608,-23.939836960130524,-29.55770479334227,-59.46655005206077,-235.86233521874578,-94.48060077859319,-21.89174837942997,-29.3974148798824,-23.470136300660332,-21.394246378305176,-20.55816613210484,-20.51305135441133
-20.298875485224052,-20.442485142529147,-20.288558984352314,-22.410089046201755,-30.248557085686475,-20.33056878238032,-22.264354904344426,-44.90861423997872,-60.13922973692135,-20.719511838681463,-20.356692800929174,-20.472577285115925,-20.49536019072249,-20.724940432004892,-31.050734469266835,-20.552238232667243,-20.42265351746764,-20.29273069797301,-21.33552174474225,-23.796198043660972,-29.51979639468213,-59.94747118592446,-238.92361822847622,-95.35383115277386,-21.7070680518014,-29.37515215648888,-23.317702038080014,-21.19443341403175,-20.338264456803596,-20.290584391100758
-20.954079347812527,-21.080203640417594,-20.956894237655955,-22.822821050119476,-30.32803533960748,-20.995367623453014,-22.731229120355085,-44.79492005249408,-59.215313468367604,-21.37124011003914,-20.995979440788773,-21.117784211437023,-21.11788058356503,-21.334628507063787,-31.22933649408006,-21.144077867191445,-21.050009949914216,-20.94414520358106,-21.917580221563803,-24.206843141658744,-29.41936602723841,-59.48358715216187,-227.16378012585753,-93.96158748893987,-22.26110383723055,-29.33408315335953,-23.70297291328791,-21.795238196879687,-20.99633229672638,-20.958397075939878
-20.624650142039926,-20.758799861347867,-20.62091429067393,-22.598259105089983,-30.24705552943624,-20.661604519060297,-22.489452477566644,-44.77295207588914,-59.74237907024611,-21.0457650115236,-20.6738493767211,-20.794121753847833,-20.804389998996953,-21.030055806882412,-31.1622132150306,-20.84571829669906,-20.73346211893257,-20.616198204953434,-21.62565616884477,-23.996699937956443,-29.43527342672408,-59.85659694366251,-232.2145271455637,-94.72926185322179,-21.986015735876116,-29.339925066034198,-23.50054930376176,-21.494883739149447,-20.665685838591322,-20.622733493934106
-20.3989877634197,-20.539033895119676,-20.39093585596255,-22.45582565822225,-30.22380227566172,-20.432776092465847,-22.32817980272323,-44.830822742199224,-60.06826719259563,-20.821468531811536,-20.453567319175658,-20.571819430687565,-20.589656031399997,-20.81956304211326,-31.101223047771775,-20.641096518172667,-20.517180536791464,-20.391796532570595,-21.424914052060096,-23.855042321856033,-29.469110954567583,-60.024136837813636,-236.3475468734367,-95.24380342619273,-21.794525022044084,-29.353554696350592,-23.367013747667166,-21.28780138452459,-20.439107159091897,-20.392925411217306
-19.701305811595102,-19.84292407476599,-19.68996783117323,-21.73859573714326,-29.88572400566675,-19.73974864214973,-21.70508152538395,-44.906638574626186,-62.66401457739598,-20.17653085357933,-19.758227082127718,-19.89282907817644,-19.90414099734272,-20.1804209688867,-31.337151938795213,-19.962337501085752,-19.82098077926238,-19.689156814519123,-20.80576680090524,-23.40127369976107,-29.000834909465254,-63.471939601643356,-241.54134289381994,-100.10905302772667,-21.231274950835505,-29.117992796018214,-22.78036250263225,-20.66968351721874,-19.74563205025359,-19.692986672369585
-20.09050813327511,-20.223125458972213,-20.086207709646555,-22.010336162604222,-29.997748842171926,-20.13351751566286,-21.992919606655104,-44.895217896126375,-61.95365056189682,-20.56034321546198,-20.13965986812569,-20.274938375608265,-20.275610225956477,-20.541143551331714,-31.39099517232625,-20.317512801258072,-20.19570802247443,-20.076751710484988,-21.149364837719705,-23.656711499692985,-28.977952759828966,-62.93348533565732,-235.55710095455666,-99.04814806528398,-21.554810559675353,-29.09123584282964,-23.018944480297094,-21.0232703317811,-20.136001763386812,-20.08891593186382
-20.240497037287533,-20.37202364188062,-20.237358942813334,-22.152021295095555,-30.043558584219873,-20.283114027332058,-22.12068469213869,-44.852464027939945,-61.44163868372499,-20.70051675916732,-20.28836194042528,-20.4212567521162,-20.42198580283548,-20.678687763537205,-31.354274722489777,-20.461288858692168,-20.344137654841717,-20.22743728243526,-21.282338289019194,-23.74860421797737,-29.053626542632013,-62.28750995706743,-233.9344591627509,-98.09214049558246,-21.676751868243386,-29.131969499653447,-23.13745721536027,-21.15684170107188,-20.285365077571093,-20.23985982454509
-20.73894727806539,-20.873806689403157,-20.73519590523091,-22.731036667816678,-30.33881298577751,-20.774387513040097,-22.600022685245165,-44.80812693654214,-59.28925881458081,-21.149687564037603,-20.788717181113586,-20.90503363586238,-20.917961365827242,-21.134808726956173,-31.11442725578415,-20.959589521481746,-20.849152421704492,-20.731792543874256,-21.728033074208106,-24.078653721799736,-29.548071468010505,-59.20476773926849,-232.0891724055523,-93.8589710066453,-22.078280814907266,-29.398085507335672,-23.607881132277946,-21.59584606582396,-20.77896019519345,-20.736816483118908
-20.187359788521455,-20.324997791719085,-20.17996834314561,-22.19061677728547,-30.054956093512708,-20.22494972511881,-22.116322526182,-44.79164806823629,-61.068459312276865,-20.633244303130407,-20.240090042055876,-20.36716815231965,-20.378027133220748,-20.627200093675786,-31.23136330158286,-20.427399209666117,-20.30122397375997,-20.177158989318585,-21.23641510640464,-23.708548755211396,-29.22362601459684,-61.50060381039942,-236.3037202326683,-97.16840743851952,-21.627234780436808,-29.229235935061013,-23.157594970152452,-21.10322241440351,-20.22988842894954,-20.182362840510034
-20.982657770906876,-21.113530245725347,-20.982312682832834,-22.925429863206706,-30.423465832159476,-21.019570663070212,-22.793516288018004,-44.81553822595474,-58.76385957427276,-21.385653053079217,-21.028706908851735,-21.143941805879614,-21.15277349197481,-21.36041946961801,-31.131492088029745,-21.18664153807492,-21.086683105545738,-20.97541526287318,-21.945339676769212,-24.23867522064211,-29.600792284392156,-58.662801189020826,-229.08908722655104,-92.94714968195589,-22.2816351422222,-29.429970095705276,-23.778787500161712,-21.816920137857057,-21.022738190193326,-20.98365694600328
-20.393076545749924,-20.528546134829863,-20.387717502935576,-22.3739044028448,-30.133292747311025,-20.430805467330444,-22.287582982468837,-44.77089702866231,-60.47756933403987,-20.828599069618523,-20.443680902087635,-20.568228389941147,-20.57791222725738,-20.816890596077428,-31.20768500582437,-20.622725150948412,-20.503671404849303,-20.38342108155437,-21.41923781810494,-23.842277157927924,-29.303811384242632,-60.79858709572173,-234.0805014596779,-96.09647141410778,-21.796392841354063,-29.270588594840564,-23.31293472308045,-21.287866114520078,-20.4351087892433,-20.389859285438146
-21.10364899133325,-21.22573592892487,-21.109950425452755,-22.922317075378054,-30.374162966453156,-21.147299548675676,-22.83908479252471,-44.846206241546454,-59.00113261020295,-21.519743889819576,-21.141957988358357,-21.264581507153984,-21.25934939847032,-21.471893423294897,-31.26264120148908,-21.27753701728548,-21.193085839390065,-21.092879481765795,-22.049415916451164,-24.302140714875975,-29.405470103597786,-59.34991835485799,-225.00674197897797,-93.71053883596039,-22.384559688725115,-29.32656525706752,-23.791482949253947,-21.93132359355622,-21.14665427289186,-21.11129505089147
-21.131918346072812,-21.254371841463513,-21.138027233414164,-22.956976215238193,-30.391774425567355,-21.17501021873585,-22.86756083895843,-44.840358603752634,-58.87611495231333,-21.544923894455312,-21.170464203869784,-21.29204655179585,-21.287780571010614,-21.49802173330632,-31.249237995508608,-21.306471227089585,-21.222031699663088,-21.121570772888315,-22.075075127980885,-24.321557544031094,-29.439214768088334,-59.16445233924105,-224.948234953424,-93.44814786000453,-22.40785390078975,-29.34602187504786,-23.820265061311037,-21.95636587081435,-21.174575974571205,-21.139319014193404
-21.248639090247377,-21.366416085340006,-21.25878323344294,-23.016090872811837,-30.42668221804498,-21.294942546334095,-22.9417092270814,-44.93080570989535,-58.81685449650138,-21.664428514232846,-21.2832237745379,-21.406744228894354,-21.395678045299313,-21.604090871779125,-31.29762126124385,-21.405070407532993,-21.331185395446454,-21.23689924329768,-22.1765431100174,-24.39445769202404,-29.384440011148243,-59.25539358736289,-223.01127084197594,-93.55555845697623,-22.502939647110768,-29.313713740676757,-23.873793232653234,-22.063005342198686,-21.292558994140144,-21.259963578488048
-20.404135923150424,-20.537633429373138,-20.400098671158283,-22.354398456292174,-30.1168525731118,-20.443512606132344,-22.283033428712628,-44.77484949043644,-60.61142205855279,-20.84443820153747,-20.453095387103886,-20.5797984050894,-20.586126665212817,-20.827905646932752,-31.248342755680333,-20.627774100361453,-20.511422117584814,-20.39351862580049,-21.42866796861442,-23.848661880063005,-29.24411655043806,-61.07141890081844,-233.23406337937797,-96.4088437235361,-21.80755323466671,-29.23830618563701,-23.30125582161513,-21.299751756237857,-20.4469424014119,-20.40228209335846
-20.519200455644192,-20.65885568528376,-20.51184559759057,-22.577143606040583,-30.300848453999023,-20.552380334513597,-22.43555367449655,-44.856233961456944,-59.67845587336994,-20.933815989371862,-20.573398358472765,-20.688935202681666,-20.707578699383422,-20.930182081763803,-31.07347579782749,-20.757594094157795,-20.636913454274556,-20.51276538346978,-21.532151724088806,-23.938938877536497,-29.546895961002768,-59.51215032844698,-235.66411924988424,-94.5244185639647,-21.89262377494891,-29.39243235180495,-23.46720005528075,-21.395012917530018,-20.558715501452927,-20.51366299442711
-20.172876602114776,-20.310628356042088,-20.165367938958813,-22.177081276848646,-30.049214303941984,-20.21049239793929,-22.10399199415336,-44.79368267132767,-61.11441714545066,-20.61961611955357,-20.22572511830844,-20.353031574319687,-20.36390158597209,-20.613872314653413,-31.234138124355063,-20.413533088498262,-20.286905731735214,-20.16261628003213,-21.22355139782861,-23.699190308814106,-29.216689247680183,-61.55765685235796,-236.4481558307137,-97.25313451223334,-21.615394906926536,-29.22568128377349,-23.146259201347014,-21.090278984952807,-20.215457986559702,-20.167781324695
-21.10761819945035,-21.231077966852073,-21.112889151498727,-22.945666639931588,-30.387184132190704,-21.15001351652261,-22.85253536924988,-44.826694451424494,-58.88499260003924,-21.51992492845899,-21.147037317130792,-21.268115138751597,-21.265331601807198,-21.47581352077242,-31.237796788408716,-21.2859646401315,-21.199376420002377,-21.097583574941595,-22.05389086619896,-24.306652919709087,-29.4524761334313,-59.137519856265534,-225.4037222580783,-93.42265450108167,-22.3878163539836,-29.353420238151774,-23.809564431345265,-21.93405868047912,-21.150001515782645,-21.114200828794747
-20.62639181942651,-20.753956778356244,-20.62717077762064,-22.499670002353525,-30.179337222389538,-20.66916258728282,-22.44266828658511,-44.810288813655134,-60.29029995025334,-21.0655788316739,-20.670162093529974,-20.798183231162774,-20.796847180696393,-21.033261085948652,-31.29916329137126,-20.827360286153592,-20.72408967608668,-20.6144829211488,-21.624848651716153,-23.992830443058146,-29.214322027726453,-60.891984208202196,-229.77367019993986,-96.00423071552764,-21.992477970993495,-29.218666286870327,-23.431262990639212,-21.502414062003197,-20.670257582405675,-20.62916331761771
-20.885076153258908,-21.00620692674827,-20.891486394282936,-22.681796293006496,-30.2753457368089,-20.93141430452867,-22.633635532425405,-44.90431746331731,-59.860979777504795,-21.32098501431334,-20.923290028317986,-21.051727997702724,-21.042321638601408,-21.270448869299667,-31.339715750817014,-21.059945252505347,-20.972524250199037,-20.871996501781464,-21.85252632155897,-24.160798599878056,-29.20672341391954,-60.56004532237978,-226.32981487170102,-95.46156460812631,-22.20468143711026,-29.20944393396011,-23.589308576715126,-21.736909841622843,-20.930000527955322,-20.893204388533427
-20.95745992072557,-21.081417237626546,-20.961891018573045,-22.79536146535586,-30.31228667426683,-21.000651814583104,-22.718744547794536,-44.822589901312426,-59.37201782943586,-21.38003144433579,-20.997590196058415,-21.121671816530217,-21.11800564612104,-21.337587301347895,-31.268303601170224,-21.140373539973027,-21.049739686312353,-20.946434292315455,-21.919358088306993,-24.20683164447392,-29.351610756154315,-59.785063575728415,-226.45692803700092,-94.35724935725169,-22.264336562099334,-29.295630531614073,-23.682812569377877,-21.79972442875782,-21.000632132547032,-20.963435103227383
-20.151186496924925,-20.292203077480284,-20.141658958036743,-22.208298788808428,-30.086074034258864,-20.186162385536207,-22.108923185577122,-44.81598473180596,-60.89683146719287,-20.590118525790132,-20.206797802720548,-20.330368446276516,-20.346743600764526,-20.591726401975055,-31.162854825923947,-20.401263415062875,-20.270623650732553,-20.142500706064105,-21.204349036442952,-23.687096958664455,-29.31604382148373,-61.10359399217063,-238.07498827709713,-96.77818643673878,-21.59273271281804,-29.277068039628816,-23.1626575281922,-21.06704553398003,-20.192541726584295,-20.143997211955252
-20.148829589175826,-20.288171710071214,-20.140269606115538,-22.17768399993144,-30.057379058996794,-20.185261742534355,-22.094024251884196,-44.800116871669786,-61.059253401907625,-20.592819162566222,-20.203029566493957,-20.32890556082317,-20.342283957068386,-20.590807262401594,-31.204640187698786,-20.394426001553683,-20.265483685539923,-20.13922705544987,-21.202269318769133,-23.68394925092927,-29.254703500112964,-61.40611397794669,-237.2868926291187,-97.1128968130256,-21.59362390092571,-29.24588877404633,-23.142608202728038,-21.067081132463915,-20.190898793785056,-20.142667824512824
-20.284466169328418,-20.427269490974197,-20.274492578429467,-22.38086780516541,-30.214526687386574,-20.316906718337187,-22.244775859559123,-44.87690577903672,-60.25386561630665,-20.708249111986994,-20.34155817000255,-20.459008595265356,-20.480218026501415,-20.712405506922583,-31.07410168097415,-20.536182094944134,-20.406959683692094,-20.27779284711109,-21.32277297591275,-23.783097299255985,-29.480259228599806,-60.14249049441685,-238.4605909397622,-95.56675507202957,-21.696979660191847,-29.35688954647095,-23.29685540274614,-21.182729300224608,-20.324247371635863,-20.276566842102334
-20.276582434639355,-20.410396740893106,-20.2719525764804,-22.22448119543913,-30.06257071371757,-20.31679571352925,-22.169405472671084,-44.798365061683036,-61.0778865874992,-20.72650883060977,-20.326070132459407,-20.45555840199235,-20.46079794803541,-20.71088374692093,-31.28774017717607,-20.5036754614359,-20.38415581152199,-20.26506503116382,-21.315130669170287,-23.767148298305443,-29.158297214585033,-61.69157237289222,-234.26806887080892,-97.29837689942849,-21.70393268885889,-29.192100738792874,-23.193649522452382,-21.186434585611156,-20.320153785792762,-20.274327504392296
-20.642506298204772,-20.77353622552332,-20.64087788179938,-22.568089130175796,-30.211832445188435,-20.682039589351614,-22.48227719617127,-44.76601350908385,-59.93488684376703,-21.07070382352536,-20.689012234851944,-20.812741046215564,-20.81770860343584,-21.047495683851984,-31.22273117192629,-20.85397666659012,-20.74609138183434,-20.632558681539773,-21.640714670612006,-24.003907196204025,-29.34217489752941,-60.25930145196669,-230.77982861255347,-95.18355339795332,-22.003563914038914,-29.290906979141937,-23.48262338823719,-21.513776962470935,-20.684740592235006,-20.64275534947872
-20.53070332064018,-20.660289338794012,-20.529746432354898,-22.428564414577423,-30.14718426264845,-20.572485368803683,-22.369960475560323,-44.7962900082515,-60.47714090175168,-20.971962805701054,-20.576279173217248,-20.704388463521227,-20.705411970597503,-20.945147336226075,-31.289527906796053,-20.739903252123966,-20.631622471360885,-20.51906021908889,-21.54027376249913,-23.930896961441526,-29.20818691072723,-61.06112258661674,-231.05366350145243,-96.2868888367985,-21.913507491997482,-29.216525328790954,-23.369396148137458,-21.415743595793714,-20.574344430139398,-20.53183940608821
-20.03453443724395,-20.179413608021267,-20.022489840683924,-22.150215855283914,-30.096074998916542,-20.067256070278077,-22.032261961814523,-44.88182044279213,-60.99369789763905,-20.4717211266949,-20.093579811935143,-20.214914200298335,-20.236554537618524,-20.481629668592333,-31.110313561506715,-20.29707674038069,-20.16010029656702,-20.026947659357063,-21.100337803416775,-23.614944501016844,-29.366976233124657,-61.04278196029469,-240.79531418054088,-96.92010486647342,-21.491511074718588,-29.301404588937892,-23.102977400233982,-20.95869905614905,-20.07511930432149,-20.024872724446226
-21.086189626226552,-21.20314615632005,-21.096527510038598,-22.837563846515902,-30.359196831588605,-21.1345636253818,-22.78869250023871,-44.98537303365526,-59.45307885327102,-21.5168703064352,-21.12073610556059,-21.24842448005007,-21.234170650194432,-21.454057872834163,-31.35224860944007,-21.242900054863124,-21.167141979235303,-21.072685995851916,-22.029739274549474,-24.290307631253278,-29.23387503879421,-60.152818505371584,-224.04714226158316,-94.87404502258018,-22.36838825014122,-29.2223325481578,-23.72219156403935,-21.918238410864543,-21.131578128932855,-21.097988417222986
-20.420608612406983,-20.54599383292209,-20.422486909901373,-22.254945373679444,-30.116466029167114,-20.467192254585527,-22.242253072995517,-44.95291395349486,-61.29362454209992,-20.88369550634942,-20.463550073281088,-20.598287179121915,-20.590633953173874,-20.844585783177575,-31.41675454881444,-20.618369363295425,-20.51434505328768,-20.405811799446745,-21.439922058046207,-23.871844270816062,-28.98871334811693,-62.341822338731475,-231.1415726648749,-98.09092502867496,-21.825388734381377,-29.085405199485965,-23.228331059062313,-21.321583365266797,-20.466958835774673,-20.424865186187493
-20.61333734792742,-20.74636234251569,-20.610283222012185,-22.56834059432128,-30.221696319308343,-20.651359892997828,-22.470519836933505,-44.764854695320864,-59.87486046187989,-21.038351606770004,-20.661572285008923,-20.78358007775642,-20.791716511766065,-21.020093890308228,-31.18967499636567,-20.83136612385118,-20.72023579278867,-20.60420117943878,-21.615264770557534,-23.9868640955672,-29.387811906021668,-60.08854554237834,-231.7603169774712,-95.00955629849214,-21.978009780474963,-29.315242818288503,-23.478605534731265,-21.485953861291424,-20.654917685540905,-20.612151910936614
-21.634181682521735,-21.750700296238833,-21.64658559632667,-23.40156004920926,-30.634850915466647,-21.67851282760215,-23.286698392689587,-44.98805668196471,-57.63107046828152,-22.024287823679717,-21.666919401206254,-21.782880438093496,-21.773849541429865,-21.959278916585795,-31.23592041036097,-21.77861321831142,-21.71548099592788,-21.625041529830547,-22.52318662352754,-24.654925213297243,-29.651552618537167,-57.66563301092714,-220.6278196190134,-91.26201505515405,-22.82159273299027,-29.472172522737402,-24.201768908306,-22.4088460568413,-21.676128412150796,-21.6471399735207
-20.321062864245306,-20.46202061113046,-20.31220758737531,-22.388306393775746,-30.192389202592064,-20.354714264346317,-22.263851996199957,-44.83519241023424,-60.27295021554697,-20.746985674867627,-20.376491073665157,-20.49557163259757,-20.514024360822873,-20.74742226630306,-31.105269730206896,-20.5672729868449,-20.44063465260911,-20.313722413498002,-21.35547133095307,-23.803171957139487,-29.44229664381688,-60.25847709560068,-237.20367003110653,-95.61507808197437,-21.72991941370554,-29.339679092345328,-23.309111363161996,-21.217552950455218,-20.361323719371818,-20.31428705550385
-20.241460740962403,-20.37491356258311,-20.236977351387022,-22.18184544963551,-30.046975212852686,-20.282315384860873,-22.134988779358952,-44.813821769605596,-61.25194201547767,-20.69546032918791,-20.290757844323117,-20.421520953193067,-20.425661048896895,-20.67887450891207,-31.309599349919317,-20.468145205270307,-20.348354245413503,-20.229450832485753,-21.283784301583648,-23.745662006462336,-29.119440025133027,-61.944431071710355,-234.43395390891573,-97.64797599385994,-21.67589162126785,-29.170613132457227,-23.15917876645901,-21.155739208635126,-20.28544804687502,-20.23941885202267
-20.859356370230227,-20.98682322907712,-20.860903469716472,-22.742938460495342,-30.289946211915733,-20.900236366840105,-22.65433523024056,-44.78304323110025,-59.44414098372191,-21.280276582690334,-20.902534756149,-21.02510869133318,-21.026436822812258,-21.247421388731265,-31.229946426674726,-21.055488520350238,-20.957357838598217,-20.849335485146007,-21.83332732600047,-24.144894887795093,-29.390110094359144,-59.74132959741719,-228.1807624489013,-94.35643927928355,-22.18293875389682,-29.317510011049343,-23.63420897059739,-21.70979263264959,-20.90166343129971,-20.862526889719845
-20.797531891466445,-20.927788326357764,-20.7969351707805,-22.719914360157897,-30.289352474589954,-20.836459729690905,-22.618422437083932,-44.771125083356665,-59.44188341540096,-21.215817936967166,-20.843163354651377,-20.963950871274974,-20.96945778182305,-21.190181930844382,-31.19248808258809,-21.003534389846052,-20.900127416691568,-20.78845659056694,-21.779147178563584,-24.10738267092166,-29.435578834383172,-59.61929703637048,-229.59978461502408,-94.25858100288683,-22.130681255232837,-29.34181065385552,-23.60993978493193,-21.652421845642625,-20.83905860590223,-20.79858813407289
-20.81298475672514,-20.93416937119023,-20.819155712086356,-22.60769453851304,-30.24991327951951,-20.859892898993163,-22.568764791457152,-44.92574756407028,-60.12641902048268,-21.254677242249727,-20.85150152528681,-20.981444352908007,-20.971296118864075,-21.2041777649148,-31.360845681248072,-20.989398138848383,-20.900412700077496,-20.799328656775923,-21.78794747633561,-24.116062625387503,-29.153409458582914,-60.91904810934811,-226.93560063981454,-95.98807696617496,-22.14553579146291,-29.17767361254318,-23.526685076280053,-21.672701139309915,-20.858393272533565,-20.82099004534523
-21.541916859161734,-21.6564506555097,-21.555633103453115,-23.279546410295058,-30.564030190613273,-21.588736905687593,-23.18783727694606,-45.008470483207375,-58.05530968779816,-21.94329789945546,-21.573213933526578,-21.693205901120034,-21.679734381336196,-21.87297240328056,-31.281533677749763,-21.681250984438964,-21.6196872615482,-21.531021297752904,-22.438051866935183,-24.58644384109116,-29.51734714452934,-58.31968000930999,-220.5159608664813,-92.20577054728716,-22.743830253856867,-29.393372890306416,-24.099184083065406,-22.32673237589736,-21.58531207856588,-21.556367176320876
-20.9441542096674,-21.069818242068703,-20.947273684757366,-22.805700326682032,-30.31818027494159,-20.98593372556655,-22.718793338157113,-44.79928887351656,-59.28584165559512,-21.36327815479414,-20.985690711892893,-21.108250311523303,-21.1074188649139,-21.32547898865924,-31.240595306893603,-21.132873623417936,-21.039284699091194,-20.933899606030334,-21.90842402145822,-24.199558415263205,-29.396581756422734,-59.5989254151372,-227.06453174942615,-94.11703221471402,-22.253102180476375,-29.321318016379532,-23.6893363704571,-21.786712493741362,-20.986672336416525,-20.948802623388872
-20.924207480414125,-21.048420444279785,-20.92834588682495,-22.76413827910394,-30.297637609654764,-20.967448858303783,-22.6902081021817,-44.821325794781615,-59.47072141321581,-21.34870836817411,-20.964618008197995,-21.08920678689703,-21.085595798369756,-21.307010339337964,-31.272900705346263,-21.108603120361423,-21.016850092422953,-20.913037126527847,-21.889683627047145,-24.185122921354303,-29.334103083459166,-59.909910599934435,-226.7468525732617,-94.540085653427,-22.237014165228967,-29.285617500805664,-23.656334287461533,-21.769909309372544,-20.967493493330597,-20.92993818393137
-20.193990218501035,-20.334497666621346,-20.18490639487272,-22.245306146532943,-30.101760923514775,-20.22904267312402,-22.144095471466333,-44.81045450220083,-60.78033242571173,-20.630981847741488,-20.249120521673703,-20.372242573194182,-20.388276155503092,-20.631307933355526,-31.159647607348123,-20.441793154856548,-20.31265150513069,-20.18538340450951,-21.2424094925772,-23.71513569836208,-29.330190565431934,-60.97021544097194,-237.58013924036175,-96.56735023938975,-21.62810432738052,-29.28415863176635,-23.1942636173955,-21.10556702545466,-20.235265996723466,-20.187195864005673
-21.345941464718877,-21.46034992468303,-21.359149799736233,-23.074952591447598,-30.46804836426781,-21.3944431642367,-23.00803562667359,-45.01875186355077,-58.722509443341366,-21.762496482722288,-21.37773741450591,-21.50205226778161,-21.486285537844008,-21.692077497211553,-31.325464126259423,-21.488686042280854,-21.423155334984266,-21.333345737045253,-22.261178355370493,-24.456419912686794,-29.359341170616204,-59.24019380498002,-221.7116276138002,-93.55105436734499,-22.581259235339726,-29.297428098166588,-23.924576984915234,-22.151250687344252,-21.390687803922937,-21.36021440245731
-20.928825567602605,-21.058816262508113,-20.928860711957633,-22.854591661079862,-30.36790273256579,-20.966922621876545,-22.737046721029696,-44.790162763464814,-59.008531120688744,-21.337950854162102,-20.974099537036597,-21.09187899099239,-21.098505247625475,-21.311045983848146,-31.162179842618563,-21.131327514140665,-21.031250310988998,-20.92068829345664,-21.89671607248843,-24.197687699034176,-29.528701386007924,-59.037056314551776,-228.8626013923058,-93.43543580236509,-22.238279569170114,-29.392289730793433,-23.722164112568276,-21.76966906370952,-20.969608509529994,-20.930312517434523
-20.794350103471995,-20.919972958625518,-20.79704798422607,-22.648023688355043,-30.244341944548477,-20.837424454172435,-22.581791163227273,-44.81339186414834,-59.82814191436323,-21.225349498816332,-20.836183586858553,-20.9623233035045,-20.95963076012099,-21.187650286674344,-31.284365436237238,-20.98584568961413,-20.88910606451676,-20.782828834883702,-21.77411651297086,-24.100948343322234,-29.279563518710507,-60.34163158050539,-228.0242150805583,-95.18082422566064,-22.13034044680246,-29.25479881498645,-23.557476678335373,-21.653260522956508,-20.83790583114512,-20.798818001963646
-20.513863069122202,-20.64722692011547,-20.51025938008039,-22.468386554634908,-30.17082270153591,-20.55241984975507,-22.382100865197692,-44.76487706216402,-60.2102255153314,-20.94573072740264,-20.562521798540644,-20.68663286884002,-20.694121068126975,-20.928625942465278,-31.21401555527674,-20.734911495376185,-20.62113822019628,-20.504086114121822,-21.52651180957731,-23.92056174621279,-29.323195384403917,-60.5308436289416,-232.47474127448913,-95.64210480581683,-21.89676083423375,-29.28072265687949,-23.395453122520422,-21.3972422392924,-20.55597006648949,-20.51227441154223
-20.90446093593574,-21.030208892211856,-20.90739565319445,-22.765240565808547,-30.298094400543636,-20.946495614724622,-22.683104138640346,-44.799473670320175,-59.41983678671802,-21.326437240426362,-20.946142918009595,-21.069558115481602,-21.06840192997007,-21.288947207909438,-31.24998287345371,-21.09422811192008,-20.99964965786878,-20.893920626247006,-21.87286831299764,-24.17316134470814,-29.36854436929969,-59.77886828648661,-227.33187029525965,-94.37545789629031,-22.220523413532927,-29.305462684559465,-23.655384184295432,-21.7512621404301,-20.947209579989977,-20.908986369718605
-20.932048589363976,-21.05500723290754,-20.93716570988053,-22.755004125544936,-30.295900767995583,-20.97634786840944,-22.68861307477372,-44.84534528991742,-59.54202589232185,-21.359264794022444,-20.9714652892345,-21.09714545202884,-21.09144110936189,-21.31404989281102,-31.29345048582738,-21.11215334189794,-21.02260524325092,-20.92029748900683,-21.89592063022122,-24.189881144786483,-29.300097101019283,-60.056244069441235,-226.36381507463645,-94.73776596444668,-22.243499736726356,-29.26555250776078,-23.649874356548903,-21.777692713026116,-20.975833716916434,-20.938771323643607
-20.152435168797425,-20.29033426543083,-20.14476959424427,-22.15776108815815,-30.041036979077177,-20.19009950230108,-22.086495081157054,-44.79672328084058,-61.18074769036383,-20.600424595180677,-20.205440158349514,-20.333085778406502,-20.34394725242616,-20.59507177360253,-31.238426465052356,-20.39392456294357,-20.266674898731534,-20.142083586763498,-21.20539782513465,-23.686005072233353,-29.206447926463238,-61.640779847069,-236.64774540582835,-97.37583757861628,-21.598708029492606,-29.220430842604923,-23.13012132668769,-21.072029696151244,-20.19509700929728,-20.147210056647637
-20.18960578958089,-20.330656358192584,-20.180199107262894,-22.249824110955075,-30.109615473523256,-20.22423603909297,-22.144270548092894,-44.81838083247779,-60.748665253743575,-20.625405479363014,-20.245208022089876,-20.367703873602032,-20.384638749113773,-20.62687960977872,-31.148102481400855,-20.438944073500178,-20.309154224536666,-20.181251794215175,-21.23849532490954,-23.713042980637507,-29.34622688185002,-60.9005885132848,-237.88451487000276,-96.50043442849618,-21.62363207552536,-29.292092673223877,-23.196274074696014,-21.100993483800554,-20.230689558330045,-20.182477119513685
-21.294346496470393,-21.412069838608954,-21.304673493790755,-23.062907184496698,-30.448630271647865,-21.340325444516488,-22.983067364198106,-44.92925332144156,-58.66372535164283,-21.70676064944636,-21.32876234040359,-21.451323240863932,-21.440668338238474,-21.64621103765185,-31.287652365302463,-21.449703253281868,-21.376890195652255,-21.28296087147564,-22.217651011864742,-24.424601928351592,-29.418545181701973,-59.04736013730169,-222.7070329160223,-93.2531226851477,-22.540689385595606,-29.334061940727572,-23.913555542794366,-22.103905852645173,-21.337984574576772,-21.305779133445306
-20.855896435937304,-20.97928836809039,-20.860461200677264,-22.68144096047418,-30.264122137537605,-20.900451386822244,-22.622330445134274,-44.84959414128447,-59.784777035776415,-21.288033735486426,-20.895857901741213,-21.022836365239332,-21.01699063838369,-21.244055140684434,-31.307714539932803,-21.038895150377876,-20.94703492998546,-20.843733012980024,-21.827916489308215,-24.140880389479534,-29.255272175826995,-60.37067481192453,-227.0182271733563,-95.1971131955241,-22.181014178990797,-29.23965343709447,-23.587654493767683,-21.70956758048437,-20.900015139754895,-20.862180929765017
-20.354821223941965,-20.49598078464723,-20.345991851346575,-22.427690499322882,-30.220978247309212,-20.388044087872757,-22.29639133249915,-44.8484470434709,-60.135645458059166,-20.777671712062933,-20.410416059860363,-20.528293406463263,-20.547522920863265,-20.77823154090658,-31.089685468458534,-20.600794767680256,-20.474759544366368,-20.347855910365567,-21.385536807138728,-23.827410293313367,-29.47503654018972,-60.06200116197294,-237.18233760311898,-95.3587173219556,-21.756864731771792,-29.35563939354772,-23.340477721714457,-21.247232171485265,-20.394788253437124,-20.34801306163686
-20.251101187103675,-20.386655203634575,-20.245239067360174,-22.224743765888007,-30.06397381288393,-20.289980693960878,-22.158890504599643,-44.787909503124325,-61.014551728633364,-20.697933512629152,-20.30202201467657,-20.4300721331329,-20.438065419486616,-20.686737180939055,-31.256846257282103,-20.483853910440082,-20.36156899602128,-20.240308612859536,-21.29282426400493,-23.74987042055661,-29.19901699359503,-61.52547101984256,-235.05363269647862,-97.12142493808989,-21.681411680270184,-29.21519470575394,-23.190365594345067,-21.16200520175815,-20.294086007598473,-20.247600414861452
-20.418494667122587,-20.558865764017582,-20.41034402604344,-22.482088621838287,-30.245925552862282,-20.45186569870965,-22.348638341202097,-44.84443804397529,-59.97328697773185,-20.838669943332334,-20.473360278214834,-20.590623533202397,-20.609271470628496,-20.837231991306957,-31.087725994155758,-20.661010152115,-20.537238055413667,-20.411628162149494,-21.44230619961288,-23.86979639910158,-29.495437737664027,-59.87925513047313,-236.46170033205817,-95.06446133152369,-21.80977437708621,-29.366319052561686,-23.387355226269154,-21.304711168006516,-20.458364086932214,-20.412293249009103
-20.70030607277497,-20.82541208469579,-20.703126380342738,-22.54249273287354,-30.204043487385185,-20.744654207188386,-22.492799342626874,-44.84620048765812,-60.222065781061474,-21.140373193696824,-20.74201471422377,-20.87083319228548,-20.866108510869662,-21.10119165158881,-31.323689193358227,-20.891909590507957,-20.794022139933166,-20.687728979232723,-21.689630484982956,-24.04135388799441,-29.190964007214564,-60.89898344393178,-228.60247251663537,-95.9800919413947,-22.053496776370416,-29.20345853860602,-23.46960112247843,-21.56996155246679,-20.744749657962178,-20.705059243108707
-20.936240341202385,-21.055281642239038,-20.94446215227087,-22.708273872163616,-30.299039758108137,-20.984016106234154,-22.666362209737304,-44.95722070834402,-59.83969520595194,-21.373606241732258,-20.972804809128693,-21.101936653052974,-21.089547734855255,-21.316890215807955,-31.360636022260138,-21.103017008119597,-21.020357467707885,-20.92252860792375,-21.896825956897,-24.1949092116229,-29.181773887729477,-60.60665720422263,-225.5726814889794,-95.5320376599991,-22.24600974050563,-29.19256080106652,-23.612244042678483,-21.783592102049514,-20.981742077252107,-20.94613524835417
-21.02325416515653,-21.13896049352091,-21.03445055297675,-22.757803017853636,-30.3446027669741,-21.073266175062784,-22.724017460111465,-45.05379878053374,-59.78076363898535,-21.46234384797776,-21.0572385157263,-21.187153478392414,-21.170110004704746,-21.39555031232806,-31.38975625074007,-21.176799103115716,-21.10214298898239,-21.00860520726696,-21.972094267617894,-24.253105387291402,-29.14871870957361,-60.64032142358417,-224.4292636536966,-95.6076489476073,-22.315653121584937,-29.168680555362833,-23.6539507885673,-21.86261677878391,-21.0696394816143,-21.03603460335888
-21.02325416515653,-21.13896049352091,-21.03445055297675,-22.757803017853636,-30.3446027669741,-21.073266175062784,-22.724017460111465,-45.05379878053374,-59.78076363898535,-21.46234384797776,-21.0572385157263,-21.187153478392414,-21.170110004704746,-21.39555031232806,-31.38975625074007,-21.176799103115716,-21.10214298898239,-21.00860520726696,-21.972094267617894,-24.253105387291402,-29.14871870957361,-60.64032142358417,-224.4292636536966,-95.6076489476073,-22.315653121584937,-29.168680555362833,-23.6539507885673,-21.86261677878391,-21.0696394816143,-21.03603460335888
-20.273103175848643,-20.408341479686364,-20.267514377042577,-22.24305239000139,-30.071251730922775,-20.31207091155923,-22.176577821523235,-44.78568315052895,-60.958044683304465,-20.719052972130708,-20.3237261346683,-20.451606919305533,-20.459327351283175,-20.7070464260179,-31.255997273582295,-20.50449321526897,-20.38307946969841,-20.262324800347915,-21.312344970955795,-23.764055530581345,-29.204717441969454,-61.4632835578593,-234.78143731799923,-97.02226243393777,-21.699567377869624,-29.21804523539526,-23.206069117136604,-21.181826768651884,-20.316070382017962,-20.269851032729864
-20.273103175848643,-20.408341479686364,-20.267514377042577,-22.24305239000139,-30.071251730922775,-20.31207091155923,-22.176577821523235,-44.78568315052895,-60.958044683304465,-20.719052972130708,-20.3237261346683,-20.451606919305533,-20.459327351283175,-20.7070464260179,-31.255997273582295,-20.50449321526897,-20.38307946969841,-20.262324800347915,-21.312344970955795,-23.764055530581345,-29.204717441969454,-61.4632835578593,-234.78143731799923,-97.02226243393777,-21.699567377869624,-29.21804523539526,-23.206069117136604,-21.181826768651884,-20.316070382017962,-20.269851032729864
-20.895456774054654,-21.024653304823453,-20.895911952517594,-22.80705591440507,-30.333045735711192,-20.934514463727485,-22.70030804186971,-44.78031329150672,-59.18280434977439,-21.309098970902447,-20.940058821469126,-21.059681734055193,-21.064500761817147,-21.280465460169925,-31.18645079366223,-21.09623866439877,-20.99646628544189,-20.886633745562854,-21.86647256986108,-24.172464515570205,-29.475876791146636,-59.31025243652826,-228.66097183877525,-93.7927314571476,-22.21152802593499,-29.364211153938466,-23.68440245876541,-21.740585272055014,-20.936787383029248,-20.89743634419265
-21.48240342779787,-21.60049466095021,-21.493038299063638,-23.263889471401026,-30.555120678118747,-21.526543600758195,-23.158102603317793,-44.93461080901319,-58.01315021565157,-21.87988929360491,-21.51670357667448,-21.634617316718437,-21.62667385258507,-21.81988290369344,-31.241442545413413,-21.63531246472815,-21.56597015263173,-21.472771857023094,-22.38747320980157,-24.552960401352728,-29.57855266439348,-58.13887379821462,-221.78239628878325,-91.94399432516657,-22.696451748789432,-29.428422733663552,-24.083687121406804,-22.272142022218713,-21.52465021111898,-21.493826420439724
-20.280998443233848,-20.41656707294011,-20.27521861931819,-22.256659698951132,-30.077974632921084,-20.31960325326532,-22.186186580275006,-44.782503208039074,-60.89666354887322,-20.72531656188388,-20.331872662474467,-20.459150132050354,-20.467560214071813,-20.714113483822405,-31.245362180290286,-20.51319735461916,-20.391548169006782,-20.270464137183588,-21.31943180998946,-23.769062032208613,-29.22215021937476,-61.36445675411341,-234.84907714473414,-96.89495874445498,-21.705557788920455,-29.227487459624832,-23.21651379228205,-21.188452533806643,-20.3237656519998,-20.27753262169369
-20.57755605387493,-20.715473426019898,-20.571394087460877,-22.610039374070652,-30.297479068413956,-20.611706541798807,-22.475513692636643,-44.82755104553702,-59.610159872485134,-20.992331257030134,-20.630156647714117,-20.746568854596198,-20.762893029662397,-20.984887729553805,-31.094648794524527,-20.81008239897369,-20.69253055113613,-20.57068892712142,-21.584167163096446,-23.974327843918335,-29.53044408350193,-59.50128823370353,-234.41526725470902,-94.41487644598661,-21.942747189910467,-29.38603461973914,-23.499619246924194,-21.44892164925335,-20.6173781239871,-20.573175271034263
-20.745339283211027,-20.87727829651335,-20.743444525346533,-22.690945672593827,-30.28393033982989,-20.783224906568414,-22.583286782120293,-44.771531270638434,-59.492492486935056,-21.163154754463843,-20.792489402913514,-20.912497073756107,-20.920343399716646,-21.14176431450286,-31.173165652919508,-20.957451237515247,-20.850669650709786,-20.736715475365266,-21.73300168898914,-24.074993196150423,-29.452382045632966,-59.61456492539696,-230.59667818377036,-94.3079072116762,-22.08664913157737,-29.350091999356767,-23.58230078075666,-21.604424335342188,-20.786502602403008,-20.745135713874294
-21.09931445327613,-21.21706583798495,-21.109039655811436,-22.860929602201978,-30.362204746510493,-21.14687123742449,-22.805711259280137,-44.95516004269339,-59.344919936767894,-21.52688423969273,-21.134365923614794,-21.26112916521652,-21.248369491695232,-21.466489058596324,-31.335974822615277,-21.258534675182112,-21.181570823296077,-21.086316912919862,-22.04221091500719,-24.298060361981513,-29.267844600005795,-59.9780646927894,-224.06687123156703,-94.6124421974338,-22.379666968373208,-29.24357532073178,-23.742014864230317,-21.929614145048635,-21.144259102342573,-21.110466503404194
-20.84129383278603,-20.972185394458137,-20.84042221006998,-22.776049602575217,-30.326722285411982,-20.879312128882784,-22.663427787102272,-44.779429860586575,-59.23996480944745,-21.25462106336878,-20.887436083315944,-21.00631592300958,-21.01347927564511,-21.230298827513124,-31.167622145023472,-21.0483095951663,-20.945054285657374,-20.832908617022895,-21.81858168568154,-24.13895241294852,-29.491076466874897,-59.315089298670436,-229.6653890332615,-93.85340557636275,-22.165945693706963,-29.371415391837672,-23.655072383052545,-21.690846539787554,-20.882268050061118,-20.84198971223858
-20.257098007545988,-20.39224081959543,-20.251523489902254,-22.224593321401333,-30.06323822862802,-20.29629175841672,-22.161332805183598,-44.78956837499106,-61.02959889670042,-20.704661937811615,-20.307677441390357,-20.436075657305725,-20.44341721903969,-20.692434468995177,-31.264228056091724,-20.48852483688815,-20.366881956243734,-20.246133794748868,-21.298084071724382,-23.75387323770306,-29.189304488723177,-61.56500817811182,-234.8620831651926,-97.16258756674696,-21.686741544091916,-29.209762203303608,-23.191118177264546,-21.16776555294028,-20.300220758333374,-20.25388825622368
-21.476391544238695,-21.588914201286364,-21.491586901626665,-23.187112499429247,-30.527225401409318,-21.525509521852825,-23.114583988036024,-45.06633364025636,-58.40822276426852,-21.887420860079427,-21.506381075767525,-21.629471185205997,-21.611879199596007,-21.811208486775293,-31.32295509301911,-21.60985776176542,-21.55076900756439,-21.463966321545485,-22.376966439078668,-24.540503697166976,-29.406227168429126,-58.86982508630305,-220.51721064522732,-93.02704702565262,-22.687766372792662,-29.32553234637899,-24.020380269444605,-22.26854659892713,-21.521093533973936,-21.492453238821483
-21.538647188643967,-21.650548721327105,-21.554565227630388,-23.244031894668062,-30.55620094617531,-21.587816604408808,-23.167313242611247,-45.082490312273784,-58.24107623136294,-21.946388569710567,-21.56797526308717,-21.690255818169067,-21.672256042155723,-21.868224986669343,-31.318313012998814,-21.668650990700876,-21.612124569295283,-21.52644247159471,-22.4325255020968,-24.58092432353023,-29.43718851962663,-58.65973416835516,-220.01075673362496,-92.72618009030793,-22.73885710702013,-29.344453203754387,-24.06908071090107,-22.324467088397807,-21.58320826848339,-21.555332139545797
-20.22096741929449,-20.36665103102991,-20.2093206429307,-22.363000621208467,-30.25309123324901,-20.25163264697121,-22.2092441616251,-44.95920717593289,-60.251677434103435,-20.642024776636454,-20.2806655065555,-20.395671716316393,-20.42105187193504,-20.651637554021974,-31.02703604806481,-20.481104388433504,-20.347916671538457,-20.21527013099475,-21.265866683659745,-23.748499438110304,-29.535088738858192,-59.99790743139622,-240.56928428735188,-95.56035577784846,-21.639947667588846,-29.38027462092372,-23.27192343492133,-21.122550838215606,-20.26007540468709,-20.211393579231146
-20.733397086159915,-20.86003999298403,-20.735161132207992,-22.598654126923503,-30.22167772601701,-20.776075402197673,-22.533479569065047,-44.80524121037721,-59.9682154043618,-21.16648175277681,-20.776177447833817,-20.902668240994924,-20.90102486796421,-21.131618816616864,-31.28328801656623,-20.929358532254582,-20.8297498406269,-20.72189937074441,-21.72009562311152,-24.061570136785512,-29.265969194596337,-60.491187201551696,-228.73726822434594,-95.41193380101272,-22.080196890241037,-29.247491324088458,-23.514998926544568,-21.598267127425842,-20.776923931197462,-20.737005068676194
-20.838204157751886,-20.959786739099897,-20.8441287653651,-22.63899046782209,-30.25752792691336,-20.884537375450066,-22.594167380457364,-44.90445975163121,-59.9986725805452,-21.276718372194466,-20.87690532571275,-21.005958042700158,-20.99678381566629,-21.227452843991884,-31.345885638122546,-21.0154859542523,-20.92632076152807,-20.824962999832756,-21.810832601767096,-24.131111650567377,-29.184937111857387,-60.73064294638502,-226.79050076580378,-95.71223035179636,-22.16631240416678,-29.19687516819763,-23.55297919224833,-21.69491532975365,-20.883255341219133,-20.845914143782448
-20.959625608585366,-21.09165861746812,-20.958457062009277,-22.91949699485082,-30.433559405725802,-20.995732015366233,-22.781361670350517,-44.827787080816506,-58.75729912185082,-21.361432728872618,-21.00675310089318,-21.12104159332444,-21.131648561049925,-21.338902478639742,-31.11450882228196,-21.167473595751975,-21.065546948741382,-20.95279390286277,-21.92505831194063,-24.226461391472128,-29.622414380773485,-58.602790944339304,-229.78396185787898,-92.90977028355286,-22.26168798289505,-29.439986443393472,-23.770921070499018,-21.795309974145496,-20.999384013401105,-20.95980797523128
-20.97240805839715,-21.099219313344356,-20.974787475435487,-22.85222401799502,-30.346308259102564,-21.012937301273507,-22.753091166738127,-44.79151125444261,-59.09888104824856,-21.386396548481663,-21.014859095017922,-21.135426433685364,-21.13695209579878,-21.351502192348736,-31.211617050677262,-21.164222851974646,-21.06954272092426,-20.962981085628467,-21.934386610368165,-24.220432622961386,-29.45627206698552,-59.295745200176526,-227.31413229443442,-93.70990462174841,-22.275881015407073,-29.35451116911404,-23.726418298624306,-21.81108776327371,-21.014244931088626,-20.976245537080377
-21.25483539256207,-21.374144653165583,-21.26377207589724,-23.042565779385537,-30.435759805812513,-21.299724196594696,-22.957880757220707,-44.895182033401426,-58.684832744430516,-21.666352568861903,-21.290587986442354,-21.412527939571387,-21.4041781204135,-21.610420028129177,-31.27184797734163,-21.416409694935318,-21.33993534414755,-21.243915791757598,-22.183360383119748,-24.39999214879061,-29.436450269311326,-59.01964782543743,-223.3384361956988,-93.21572353445049,-22.508679010692667,-29.344712731382863,-23.895354642348405,-22.06787311419885,-21.298043994850147,-21.264918281764224
-20.329465347461046,-20.474405939118515,-20.318651798291967,-22.465595498868336,-30.315972204162712,-20.359909615614647,-22.302998402843155,-44.97508250290285,-59.933104206988006,-20.74457583558607,-20.38850041316885,-20.50157377249216,-20.52700936479061,-20.751838109145353,-31.01081332790328,-20.585263746272652,-20.45531938306282,-20.324234330693933,-21.362602848992843,-23.823865504932,-29.58999511540773,-59.60324032060629,-239.73811366278053,-94.97971302906477,-21.729138018201724,-29.40686069795222,-23.357791907246195,-21.219767930232198,-20.368186077080008,-20.320586333975363
-20.387976109004537,-20.532408634491762,-20.377665070719452,-22.519062439851442,-30.347227909162317,-20.418386257877202,-22.352770573852585,-44.981176272395345,-59.77188489738289,-20.80017986640268,-20.446560107360007,-20.558749583041177,-20.584025826801717,-20.805987834852633,-31.00512169177817,-20.64117519570897,-20.513077466336632,-20.38294210768753,-21.414829230919793,-23.86427226396178,-29.61601594249879,-59.40961714595595,-239.22910649985388,-94.68563342785654,-21.777511099448077,-29.419779083544256,-23.403067736659953,-21.272376544576733,-20.42652936020299,-20.379528156310386
-20.301247408937826,-20.445761463955467,-20.290505347130868,-22.428212769050642,-30.278738255669285,-20.332221217990348,-22.273687665226994,-44.94421924229772,-60.06163378376523,-20.719429094058004,-20.35988720245311,-20.474379818559157,-20.498744916503348,-20.72632844619118,-31.029108814991016,-20.556721765332,-20.426433877429666,-20.29558201814962,-21.337522106424778,-23.801513379651112,-29.553696940339144,-59.798067053890136,-239.52107931090686,-95.2121409807642,-21.707188858318275,-29.39029233880448,-23.329090241484536,-21.195319607610475,-20.340290569217963,-20.292496821065765
-20.779729027686116,-20.91372633090725,-20.77665593409083,-22.760301862611726,-30.34789763440549,-20.815576348730076,-22.63082853686749,-44.80386269063869,-59.215259102493725,-21.189669124889285,-20.828699639842196,-20.945104840263063,-20.957009468449307,-21.17267577707244,-31.121225943889268,-20.997068486909114,-20.88857638688429,-20.772456829584264,-21.764351665787903,-24.104743068663083,-29.549809866569426,-59.14273427502173,-231.46896140917204,-93.73524478162642,-22.112569415682565,-29.399853219899125,-23.63434389660618,-21.633043790178508,-20.81982905027231,-20.778236975995153
-21.110035518013365,-21.227784061397596,-21.119793809018343,-22.871991980529394,-30.366439693148696,-21.157505708547493,-22.81542023110598,-44.952839483359696,-59.30667233523367,-21.53675795464354,-21.14504661526637,-21.271584833549277,-21.25893898356997,-21.476361404024594,-31.333157233335513,-21.269040487347016,-21.192303363148103,-21.09712598219358,-22.051844786730186,-24.304865588856522,-29.27602633947879,-59.925990054020204,-223.98484766535134,-94.53599688932317,-22.388506908388596,-29.2485219946024,-23.751415678852517,-21.939185374804826,-21.1549078231868,-21.121203048522897
-21.18334838702944,-21.300833591243496,-21.193534324681433,-22.944632885021168,-30.39689434968777,-21.230446863488886,-22.880293422186714,-44.94696938453228,-59.06603440795293,-21.60494839411748,-21.217918761108344,-21.343115631263878,-21.330829583318135,-21.54378532550803,-31.318318799509612,-21.340031400663925,-21.265302381383915,-21.170918578640432,-22.117546535017368,-24.351844336007854,-29.324775707481713,-59.60653834598564,-223.3990825721605,-94.06876840078742,-22.448863955798785,-29.277801002223,-23.813198407100614,-22.00477039552974,-21.227837055223183,-21.194826820723886
-20.74494725132857,-20.86843126453607,-20.74913244054034,-22.56706559536837,-30.221083158587902,-20.790372143386367,-22.522330056391425,-44.87672335316428,-60.19095148821145,-21.185881414090574,-20.785329866937545,-20.914697081366835,-20.90769854221761,-21.14206724612943,-31.34023351672309,-20.93035522151801,-20.83604692263568,-20.731902545262205,-21.728587784224263,-24.07095322577048,-29.173383934527024,-60.920133946546095,-227.90589268615136,-95.9972151740576,-22.090108602002914,-29.19179052300248,-23.491414448157595,-21.61076257774868,-20.78980323842228,-20.751029493033048
-21.275502143757457,-21.399647462514622,-21.28082837872337,-23.13207321338786,-30.49991847406033,-21.315939170358664,-23.01205632298552,-44.84971281034157,-58.27524979246748,-21.673695188227065,-21.31529529383904,-21.43149440671542,-21.43186437293966,-21.630673819201764,-31.186789691638772,-21.452694477652653,-21.368816996780126,-21.267208381741817,-22.205331958723818,-24.424692256986308,-29.607083877195883,-58.27148748452986,-224.86577083377742,-92.20770299262573,-22.52596544190394,-29.440317789489644,-23.96485433463446,-22.083714518934844,-21.316504469322933,-21.28185399468676
-20.965932418885565,-21.087189827309068,-20.972470212414994,-22.767489807369277,-30.307047366624126,-21.011471589971727,-22.70783298793455,-44.88068092811989,-59.554183296350686,-21.394973075193917,-21.003969993528877,-21.13052252635786,-21.122265981640197,-21.344873267307303,-31.313966139340913,-21.13969224019262,-21.053722807323382,-20.95359294399992,-21.925151049912913,-24.21184662649954,-29.2726874971974,-60.13730878810422,-225.73050613119528,-94.84469131185222,-22.271140375568933,-29.24865319024593,-23.661608549790778,-21.808892878806994,-21.010238266358478,-20.97405425064825
-20.804822010401534,-20.93080050825679,-20.807286255130016,-22.664039669526684,-30.250863678063205,-20.847488298455804,-22.593829999663555,-44.805437725419154,-59.760569085261274,-21.234016114730025,-20.846907639253317,-20.97242872101578,-20.970484322878256,-21.19728821956388,-31.274412788333706,-20.99726713056453,-20.900196784683526,-20.793573150777224,-21.783693597298253,-24.10777508486786,-29.299159757735598,-60.2350370247832,-228.05068554126598,-95.03297386043006,-22.13882573544978,-29.266114415331444,-23.570457057654345,-21.662328045009325,-20.848148612609087,-20.80903137817086
-21.090849250840424,-21.212993798811535,-21.097067061090083,-22.90972845787624,-30.367966886387965,-21.134553844630773,-22.827789522752816,-44.84563966249769,-59.04134514690605,-21.507781013478667,-21.129232953542328,-21.252093609781507,-21.24681461623912,-21.460113654328996,-31.264915500333473,-21.265178474071494,-21.180356303562345,-21.080002751157966,-22.037952690481237,-24.293671362715017,-29.397323324007154,-59.40281176540627,-225.10134584133823,-93.78719404418068,-22.374025909564143,-29.32184583374447,-23.78082752891935,-21.919859983978377,-21.133915091519732,-21.09843138656601
-20.62814209375795,-20.757482099194373,-20.627645170605106,-22.527413166735233,-30.189212372842924,-20.66930223887546,-22.456839930958918,-44.78143244258641,-60.13091862460955,-21.06217747569453,-20.673295785504127,-20.79934199816491,-20.80114668637443,-21.034652460602544,-31.26234496961043,-20.83468712281286,-20.728837856014998,-20.617183453359644,-21.627222153165505,-23.993536405142944,-29.2743536296895,-60.60002448622545,-230.2804926757338,-95.62202194768001,-21.993027538003098,-29.25328947087732,-23.45187437510246,-21.502501996895035,-20.671209943087575,-20.62958986503242
-21.09167867064786,-21.205791521791685,-21.10439831221461,-22.809722124912817,-30.376451432329446,-21.142527969447535,-22.77598902481977,-45.0950249426012,-59.65109960325805,-21.529299272190194,-21.124331172334962,-21.254008282423037,-21.23504597781053,-21.45767847905175,-31.394939298503232,-21.2382993062251,-21.168127919745974,-21.07681825146447,-22.032088006623873,-24.297255508527577,-29.154538326900802,-60.51565980682065,-223.68685164236987,-95.44319432350719,-22.37078666209491,-29.170406904282046,-23.697641357267635,-21.924211811383717,-21.138297102728842,-21.105891193120492
-20.774921150848122,-20.905410838999888,-20.774090966383355,-22.69962524516198,-30.279293276995684,-20.813829977995304,-22.599444431902125,-44.76951742275361,-59.50313936253584,-21.19431544640101,-20.820780814875565,-20.941851108408414,-20.947494646885747,-21.169337459564957,-31.19423323282453,-20.982089469313205,-20.87786411823707,-20.765781896497632,-21.758987461099338,-24.09237630604891,-29.42596514509642,-59.69295212946463,-229.81537717671773,-94.36927107180895,-22.112029973606653,-29.336511040139833,-23.59264417811338,-21.632081109451143,-20.81649868141606,-20.77577366380436
-20.423616236758754,-20.558353068508648,-20.418826207942956,-22.394555916702878,-30.14003442908465,-20.461729110917965,-22.309965518668417,-44.76865891046843,-60.42740439626597,-20.85878580028096,-20.473561454376078,-20.598252586848055,-20.607027831296715,-20.845246804148918,-31.213783102991354,-20.650519702723628,-20.53303414359149,-20.41382277278567,-21.446321905035045,-23.861903182381784,-29.301652897952273,-60.76414738533076,-233.5870653796285,-96.01982065573857,-21.822015803400806,-29.269369486410028,-23.331614814854106,-21.315736974836803,-20.465752207505442,-20.420942350278356
-21.03685537055709,-21.165204165802844,-21.038381045885735,-22.943431389283475,-30.41043928472905,-21.07551593042062,-22.823958173230707,-44.803609523646166,-58.76538071802739,-21.442154166237533,-21.08058473369769,-21.197672527363416,-21.202683788951852,-21.410760668154644,-31.166390172246366,-21.232136800022644,-21.136740978470037,-21.028753523587046,-21.99297798071968,-24.268895730568637,-29.557937488339004,-58.77351314492215,-227.65511010279545,-93.01631839868035,-22.32795373871407,-29.40947339092279,-23.799476019172,-21.86742387562619,-21.07762642766441,-21.039700621341893
-21.843673921664024,-21.963409731737748,-21.854374070024004,-23.667645520705378,-30.85591733520601,-21.883532409059463,-23.50609780837739,-45.09556440877565,-56.812420079878564,-22.2122505664903,-21.8793176179504,-21.98626099187152,-21.98526258902198,-22.154128741245167,-31.155593365450358,-21.994525632260505,-21.931112757648712,-21.837919070722425,-22.715323417391485,-24.822241395193547,-29.92495625997377,-56.40659344135412,-221.46163650306556,-89.5321033831318,-22.99609741290371,-29.623968640758367,-24.42218862210966,-22.59555437569144,-21.88297763420498,-21.8545249329762
-21.374777570469114,-21.488764954296602,-21.3884257250306,-23.09966909724279,-30.480947957426963,-21.423418578066848,-23.031542706218822,-45.028787921352844,-58.65297653911888,-21.790121722068402,-21.40617122593824,-21.530220562026926,-21.514045237883735,-21.718417693044934,-31.324901767999794,-21.515465648093684,-21.451356235344747,-21.36221639039124,-22.286765475234752,-24.474988945430255,-29.369457231931626,-59.15865578008801,-221.4425698448741,-93.43529070695179,-22.60480319872278,-29.303451733591537,-23.945682489724383,-22.177179735332494,-21.419515490346097,-21.389447078707267
-20.332210663811733,-20.467801782637423,-20.32657721652859,-22.311308963763047,-30.10320706433569,-20.370352218581548,-22.232983347489448,-44.77557909641572,-60.69738723344844,-20.77227993136949,-20.383011877583726,-20.508961463791135,-20.518076845197875,-20.76102817661738,-31.226242338228317,-20.56344563964139,-20.442895692250023,-20.32211545741173,-21.36503125328088,-23.80230419547592,-29.26176367981516,-61.09224806813963,-234.5143081349769,-96.51297926663247,-21.746955471424812,-29.24845550742002,-23.261291619358868,-21.23378470894861,-20.374610235301343,-20.328810361484994
-19.725411650463478,-19.870159289670287,-19.71230454753315,-21.817370769565475,-29.921642917948894,-19.76085089288767,-21.749934432695884,-44.890182413969015,-62.22843033255054,-20.18826230454144,-19.78472412630845,-19.914633763462973,-19.931886609095404,-20.199431456413254,-31.24004255166513,-19.994388542839054,-19.850378811414895,-19.715206566716564,-20.826649217294538,-23.41111884435681,-29.13182324176566,-62.72307142773477,-242.57478139684133,-99.21901649971394,-21.244429836428885,-29.187676952999443,-22.83528910260496,-20.6863702898962,-19.768176991662894,-19.715167065487275
-19.725411650463478,-19.870159289670287,-19.71230454753315,-21.817370769565475,-29.921642917948894,-19.76085089288767,-21.749934432695884,-44.890182413969015,-62.22843033255054,-20.18826230454144,-19.78472412630845,-19.914633763462973,-19.931886609095404,-20.199431456413254,-31.24004255166513,-19.994388542839054,-19.850378811414895,-19.715206566716564,-20.826649217294538,-23.41111884435681,-29.13182324176566,-62.72307142773477,-242.57478139684133,-99.21901649971394,-21.244429836428885,-29.187676952999443,-22.83528910260496,-20.6863702898962,-19.768176991662894,-19.715167065487275
-19.37013351328235,-19.51602770412971,-19.355261337628622,-21.45632297455308,-29.797729535211666,-19.40788474193768,-21.437590494062455,-45.01667222888192,-63.650194383924514,-19.861183546652814,-19.431148388686623,-19.569038001201953,-19.583222856476247,-19.875140604517558,-31.383396379317876,-19.649542879796844,-19.49640349546611,-19.35749109657116,-20.513325170200858,-23.19430109697946,-28.910670753212315,-64.58977092217216,-245.96581804543217,-101.87962004414184,-20.96031873116321,-29.080171100867993,-22.542250890171083,-20.373175635976285,-19.41508225355416,-19.358639463883602
-21.273261111559076,-21.39941010359225,-21.277158394908753,-23.159706003008942,-30.535626651813732,-21.311967069784902,-23.02536856234455,-44.86042624950467,-58.14692592338408,-21.66685135424338,-21.314878624410085,-21.428666666948555,-21.432560358384237,-21.62873830044051,-31.152481243394433,-21.456818227183913,-21.36997714969077,-21.265971841034315,-22.204455864700535,-24.430131282672995,-29.671412302718657,-58.01323293281803,-225.77458944313884,-91.89488222015584,-22.523425727761232,-29.473688472030553,-23.984192555610683,-22.080356586107044,-21.313446636078236,-21.278146483585065
-21.2205894973228,-21.32212560366555,-21.244701557502488,-22.81605586948728,-30.577948068356434,-21.28122113808303,-22.822962827512352,-45.71123970797667,-60.11034375203167,-21.679556080762342,-21.245846710766326,-21.37907341190043,-21.34126665174638,-21.566770448953292,-31.528430717570767,-21.319196367194778,-21.278773272269273,-21.200946996270076,-22.133851368089438,-24.40852035798573,-28.911655082709153,-61.475209627508576,-222.60616937616558,-97.26522688182823,-22.460047373391326,-28.989565709153183,-23.685387747498844,-22.04172955919677,-21.27188273742416,-21.246088309879614
-20.77257426466957,-20.89663878256956,-20.77638854291056,-22.603670892613337,-30.23130112163579,-20.81723710300894,-22.551264023729132,-44.85282308329498,-60.03823685666105,-21.20962298326444,-20.813289045474814,-20.94149100629486,-20.935824887952894,-21.167524560569156,-31.32060585048366,-20.959382839786112,-20.864683631592502,-20.760061689336844,-21.75369205009535,-24.08766022354564,-29.21284618539584,-60.689817856732674,-227.8041727465571,-95.66624696487231,-22.112721416520717,-29.215368117333284,-23.52177723202037,-21.634955252961227,-20.81697489220511,-20.778228332718715
-21.42203761068513,-21.53748404639047,-21.434618195399008,-23.16653895636164,-30.504826888900602,-21.469006938291106,-23.08429833505931,-44.98261536787069,-58.39107994581014,-21.830259096244575,-21.454358741305057,-21.57616980085632,-21.56298617911988,-21.762860869735164,-31.293299030750937,-21.56695710919117,-21.501071990434365,-21.4105876077252,-22.330731669701883,-24.50714494077173,-29.449874324266887,-58.75131578701841,-221.41250309761293,-92.82856075569507,-22.645060942524346,-29.352676805163874,-24.00257318692046,-22.219035997515505,-21.465822926755614,-21.43554270761658
-20.586759193297816,-20.703189095081065,-20.596230097244412,-22.319027896645153,-30.249173926359575,-20.639920535184697,-22.33753837128346,-45.25974506508747,-61.42727900250915,-21.061735918359602,-20.623551177851805,-20.761351663967645,-20.74069240668239,-20.995151622444386,-31.52322100878272,-20.75114227681141,-20.666553257989083,-20.568797675382804,-21.58162568534039,-24.000878217738684,-28.842098659243923,-62.84193004627487,-228.9003979049309,-98.89991885419938,-21.957888258983534,-28.977382112380667,-23.27963120746795,-21.474447206848406,-20.635993024547144,-20.598529355420393
-20.780287681770016,-20.8964789587029,-20.79043728933099,-22.51411453205719,-30.280426609009503,-20.831948533361196,-22.5087462341806,-45.147227028871214,-60.669592005392076,-21.2386804482535,-20.815798223049487,-20.950120065716913,-20.931221834747518,-21.172497656585968,-31.457934001830985,-20.94015852206459,-20.859763429562392,-20.763842596433534,-21.75460039439179,-24.108974568604616,-28.9792711120487,-61.82820449506051,-226.78503783903642,-97.37622805891087,-22.116204855699934,-29.063613032677665,-23.44609948694378,-21.64620884600738,-20.828193914770967,-20.792417283059912
-20.64526853097664,-20.77746179731235,-20.64286729345031,-22.589048433721455,-30.22806549616776,-20.683754035872195,-22.49348254408614,-44.764271883140786,-59.82823431076435,-21.07006976189709,-20.692751579576786,-20.814989659411513,-20.82205066831663,-21.049706682505484,-31.197488753578504,-20.860183923008968,-20.750826638198024,-20.635956828576607,-21.64356570406569,-24.007184463065524,-29.3838743326253,-60.06216810635707,-231.2294639603479,-94.9432862209348,-22.004816845136045,-29.3133275181208,-23.497552715064202,-21.51514848248426,-20.686987212191287,-20.644708902484744
-20.68846305657303,-20.817047829884594,-20.688684355517946,-22.57968593670081,-30.212436494427926,-20.7297837757416,-22.506373368002812,-44.78265777035084,-59.9713318584695,-21.119772194255333,-20.732882428905132,-20.858323807117422,-20.859542492274883,-21.090180431538336,-31.258637150563132,-20.89146772369228,-20.78800305913427,-20.67760905251911,-21.68083375442508,-24.03263874505373,-29.295444908704994,-60.41452523611201,-229.62979843498758,-95.34000581877557,-22.042664092843,-29.26480205408588,-23.496507034286182,-21.5567655941936,-20.73144546335568,-20.690552517317027
-20.91736828625714,-21.04500103944675,-20.918983962958794,-22.806490759539827,-30.32441505995471,-20.95762249916647,-22.70870053966626,-44.78396609048221,-59.22703131699723,-21.333406050078363,-20.960595965801293,-21.081555377995375,-21.083873577453126,-21.3007978984077,-31.210737816634428,-21.11286756926847,-21.01577529045167,-20.907913038211525,-21.885417497512563,-24.184369967391028,-29.440638526580486,-59.437155723241936,-227.917753217695,-93.92932584587977,-22.230380163987995,-29.34554167616914,-23.68688193521265,-21.76137551868738,-20.959217794543427,-20.92051099666563
-20.43318832194188,-20.56428047691952,-20.43088578387499,-22.348312790169974,-30.113307104400562,-20.474467898371795,-22.292085675466573,-44.79582668921772,-60.71719034089324,-20.878125825871283,-20.480176435208566,-20.608955536746592,-20.611400808830314,-20.855344921692197,-31.291256606878306,-20.648952393039863,-20.536461792851757,-20.421528152168065,-21.453834934586034,-23.868120385267076,-29.18447936749465,-61.322544252863345,-232.23113004842253,-96.69643123096661,-21.833228439386865,-29.204367783085576,-23.300565447645926,-21.327867817069365,-20.47685098580142,-20.43309242757694
-20.48652408711347,-20.616716999116992,-20.485008695233738,-22.391065175877547,-30.131372404485386,-20.528145712785623,-22.33413211266923,-44.79686766536142,-60.592433150039554,-20.929669636141753,-20.532681565465296,-20.661178612345015,-20.66271489406908,-20.904486136897486,-31.291885624415336,-20.698470431986056,-20.58838203689602,-20.47483267738322,-21.501081160615094,-23.902498503428582,-29.19483252715333,-61.19191761235735,-231.5620802321344,-96.48793421810356,-21.87719093554444,-29.209479426732244,-23.33737824492263,-21.3759991716662,-20.53020802393024,-20.487155532387238
-20.9311884597739,-21.05481535713751,-20.93579173716215,-22.76328442719726,-30.298046487473954,-20.974896062732512,-22.692465258094575,-44.83148606230156,-59.49208545280285,-21.356695685465834,-20.971122936940066,-21.096152731738616,-21.091601223157834,-21.3133620797095,-31.281622200719546,-21.113522140506056,-21.022861339066658,-20.91977401559435,-21.89558074366497,-24.189453298758576,-29.320711164555266,-59.96211739228355,-226.54047631445405,-94.60834360039466,-22.24278861840535,-29.277744889265907,-23.656222913199915,-21.776509900878608,-20.974684606561567,-20.937385046840937
-20.227231448954836,-20.367125355947802,-20.218619040696083,-22.270384198757554,-30.110021771433445,-20.2625294314308,-22.16974686250798,-44.80362976187488,-60.70960900261335,-20.663338531004534,-20.28180062791835,-20.404870972896745,-20.420252122785826,-20.662204348968945,-31.162485738715176,-20.47267856933909,-20.344930042629233,-20.21856999819225,-21.27197441261507,-23.73660772086099,-29.333495865049755,-60.90395979383263,-237.08818571318,-96.44411454505673,-21.655942775697426,-29.28586943133322,-23.216491012411545,-21.135761292395078,-20.26853565072794,-20.220877668670443
-21.26403005935528,-21.38034873021177,-21.27540926378927,-23.013629909613783,-30.43173996306052,-21.311504410148018,-22.945995481596317,-44.96990808669696,-58.869291162216356,-21.68224966009927,-21.29748411933188,-21.421951675417017,-21.408555251092483,-21.61759615602138,-31.316448195348144,-21.415090496597497,-21.344212435249535,-21.251692647156503,-22.189145890575443,-24.40383563036304,-29.352322621663127,-59.37752843322984,-222.61470683361443,-93.73856145912067,-22.514844190111106,-29.293939437764067,-23.87213589161298,-22.077340512890512,-21.308487307798412,-21.27658531827921
-21.277372372066992,-21.397162438912844,-21.286000552508927,-23.072528693292313,-30.450746051018463,-21.321650227525325,-22.981886774149032,-44.886537193481075,-58.57396096347607,-21.686000674007175,-21.313458139405952,-21.434405873311647,-21.427144649944122,-21.6313734897478,-31.25887955347117,-21.440140219657586,-21.36332388958479,-21.266882704703146,-22.204022268591373,-24.415821829545592,-29.469135213235575,-58.849820152169585,-223.33878845169218,-92.9732072100527,-22.52743092255697,-29.36383433542017,-23.920311905661727,-22.087805061623367,-21.320222933320277,-21.28710188051975
-21.353402606098022,-21.481377737802703,-21.356389110594986,-23.272874205715002,-30.64535580600947,-21.38992768638395,-23.114247373476676,-44.933305842740815,-57.78020536454255,-21.737210948009835,-21.396779003164813,-21.506026928117258,-21.51409229881417,-21.702558664147183,-31.104258957629327,-21.54075184258737,-21.453410062867505,-21.347701901444662,-22.277544893277394,-24.49738993420594,-29.796774835349765,-57.430118223347186,-226.5591180773054,-91.14997155383497,-22.588319687092127,-29.538474957240354,-24.074273225783916,-22.150686019714605,-21.392363612126466,-21.35720643867223
-20.912673885562388,-21.042764409003897,-20.912585244001637,-22.839060962941325,-30.359008826917858,-20.950813623241952,-22.722945819628187,-44.7874508587163,-59.05598160804793,-21.32274076993179,-20.958048615194333,-21.07611575009936,-21.082724346279893,-21.296159359456894,-31.16443137692971,-21.1158113708494,-21.01523261268406,-20.90445627386542,-21.882269499722927,-24.186647943964786,-29.51947515610299,-59.09781983448168,-228.97836250633645,-93.52344498546826,-22.224980407746664,-29.387244960815764,-23.70906554588747,-21.75517924791523,-20.9535193573281,-20.914060167179606
-20.57066007812336,-20.705597006397173,-20.566240782945318,-22.553687830605035,-30.227581906128684,-20.607376214561814,-22.4459817247699,-44.7739029560185,-59.87107755078442,-20.99378353717482,-20.620597429104325,-20.74124395074429,-20.75223205250751,-20.980120589434105,-31.161666052303914,-20.795112023565576,-20.68069038462925,-20.562181083608646,-21.5775845891219,-23.96126806632387,-29.421053270856454,-59.99625158368495,-232.85732313062374,-94.95581120551282,-21.941177908011603,-29.332115965859256,-23.46189142705739,-21.446075805438152,-20.611724802852958,-20.56812152659567
-20.9150310611611,-21.035262512073828,-20.92223861035348,-22.70131003024455,-30.288004594131422,-20.9619210394896,-22.654866897647114,-44.9237989790867,-59.822698413254386,-21.350927902822537,-20.952501234786624,-21.081081080500006,-21.070478980256773,-21.29775855225747,-31.346526974406874,-21.086280250393397,-21.001052697633977,-20.901744209772083,-21.878724068692172,-24.180385288440586,-29.201888984402252,-60.54088593032036,-225.93228034266613,-95.4328905397015,-22.229032507135347,-29.20578497920365,-23.60611686349533,-21.764084992378763,-20.96014826200131,-20.92392482693
-20.72378446756459,-20.855203467167403,-20.72215946796406,-22.65999304623968,-30.26260276553738,-20.762299552659172,-22.559570348632455,-44.76715930410691,-59.61007736025753,-21.144619908597523,-20.770505880569424,-20.891717992761546,-20.898378997778924,-21.122092673104014,-31.190103712998244,-20.934790663989567,-20.828193281049863,-20.7147115893502,-21.71354336405409,-24.0591883340117,-29.417984692670032,-59.79841564902436,-230.47697848779154,-94.5472261801507,-22.069524014384868,-29.331875013172237,-23.557870474555692,-21.58572103354287,-20.76530794720922,-20.723898462587226
-20.96418148781485,-21.097224993912214,-20.96241065745986,-22.940615545193193,-30.463231128211817,-20.9994052498358,-22.793585251195175,-44.852678543058204,-58.67189377652387,-21.363220141460165,-21.012257635860763,-21.125037629547485,-21.137480290511775,-21.34276866852277,-31.093576302960102,-21.174796825496987,-21.07179247932463,-20.957905282424708,-21.929441758384716,-24.233933247865842,-29.660707311538896,-58.44067355365007,-230.34331439642,-92.73068053735803,-22.264352010054477,-29.458579353460042,-23.785608949739295,-21.798410113815994,-21.003512945794686,-20.963727682362254
-20.93226751310277,-21.05443216829506,-20.937999457998934,-22.74450211943778,-30.29408790333455,-20.977277054280037,-22.683376491208477,-44.864034070763694,-59.60444075755987,-21.36158341098696,-20.971082873888573,-21.097529322594344,-21.090450842878347,-21.314100689873346,-31.307581395182986,-21.109719597469184,-21.021502320944258,-20.920110839596198,-21.89558264847824,-24.190076593017658,-29.275188835082233,-60.17176985804309,-226.17572518173827,-94.89938288353521,-22.243621728171128,-29.2506227563823,-23.641645186492806,-21.77836367202286,-20.976402836199547,-20.939620600451125
-20.586304765405437,-20.719272158341195,-20.58319817408275,-22.538815157460586,-30.20538944850017,-20.6246021552712,-22.44534573506378,-44.763867547215874,-59.97770094974714,-21.01357732333612,-20.634525042794152,-20.757293509792802,-20.76499024609857,-20.99528411632778,-31.19932475086702,-20.804714656350633,-20.693052814385865,-20.576915803753774,-21.591095144416997,-23.968535361979256,-29.36507529272194,-60.23153671924921,-231.8859583805151,-95.20783391519427,-21.956065817621166,-29.30312591049597,-23.454387557178404,-21.46198400428028,-20.628090518781026,-20.585110865177853
-20.190432312989138,-20.3342295794124,-20.17956606435666,-22.29778104465494,-30.17428012264671,-20.222801706171683,-22.166400701914192,-44.882022337238325,-60.510645529922954,-20.6186320560166,-20.24844268738454,-20.367046568486582,-20.388798961236738,-20.625364319023742,-31.08170164010778,-20.44676090526551,-20.314418259020506,-20.18352708736238,-21.238994185090288,-23.720104110334944,-29.444941897023753,-60.44194285659876,-239.44938041187737,-96.0350980020661,-21.619168014630375,-29.339186625717907,-23.226045680289968,-21.09809695985356,-20.230429438393706,-20.181749696063665
-19.90859734957916,-20.054863507299277,-19.895354765063278,-22.039903705611664,-30.048336587713305,-19.941204121066303,-21.928095876689767,-44.90186187803853,-61.348255949691186,-20.351755291377795,-19.968936528348078,-20.09175139458217,-20.1141680045678,-20.365098621547887,-31.122849539265353,-20.17739058505269,-20.03626039647393,-19.900725943518975,-20.988387100469804,-23.531991826489854,-29.323184999390527,-61.452735001614435,-242.23154184481558,-97.56707961497771,-21.387532625248717,-29.28041161000232,-23.009196291751937,-20.84550291725085,-19.949469893850416,-19.897879286456792
-19.910564735101023,-20.056884020094504,-19.897303403988445,-22.042939809455223,-30.050797116240478,-19.943112544411573,-21.930301222514665,-44.90334697207737,-61.33586815416541,-20.353415686283476,-19.970947819887886,-20.093632631379162,-20.11616783962894,-20.366842602669767,-31.12071788472802,-20.17944279051369,-20.038314104269812,-19.902737303727392,-20.990117737512577,-23.53342289998836,-29.32657016442623,-61.43325263417884,-242.2523203894065,-97.54401993004927,-21.388992170872186,-29.282008771845348,-23.0114487023996,-20.847161100480296,-19.951403428753274,-19.899822998673375
-20.48682727546125,-20.6176162146985,-20.484892165146352,-22.400262221866427,-30.134520093772338,-20.527909524385382,-22.338647285639013,-44.78778317838294,-60.53795899552924,-20.92821767628479,-20.53344849649488,-20.661273988384522,-20.66386473833636,-20.90462393590775,-31.27899124756283,-20.70061740789431,-20.589692999533963,-20.47545567689265,-21.501577163796828,-23.90235491133828,-29.215037192819885,-61.091911537098746,-231.73856451015146,-96.35933205899421,-21.877028175797353,-29.22107669414385,-23.34407498652518,-21.375724668992532,-20.53024429039153,-20.487022208282987
-20.418536650405187,-20.55317176450276,-20.413795970178533,-22.387554383676985,-30.136108739997006,-20.456782170768467,-22.30457082620412,-44.76901398025488,-60.455449038603106,-20.854402083758693,-20.46840497416128,-20.59335255623614,-20.60188245902901,-20.840633537848902,-31.217806448239674,-20.645246127137774,-20.527773259245876,-20.408646878065788,-21.44177184628823,-23.858476053394252,-29.294262903292857,-60.807036623305926,-233.57702659829573,-96.07620133710131,-21.818012874428703,-29.265438355040963,-23.326093362907137,-21.311339318923167,-20.46075103605104,-20.415923095402935
-20.380396289072447,-20.51980793530383,-20.37262495442207,-22.425341465898573,-30.19614886490543,-20.41485621521412,-22.306171785400146,-44.81269666594325,-60.18667758064237,-20.805971391762657,-20.434419352075242,-20.554058721998487,-20.5705488382707,-20.80294580104358,-31.121704908238023,-20.621244432778454,-20.497528935111873,-20.37272408797072,-21.408332672209145,-23.840324826659547,-29.43253442518419,-60.215810333160434,-236.06888616805676,-95.47176069978643,-21.780516627645753,-29.335738048380833,-23.344164441148237,-21.272082774276218,-20.420885658176967,-20.37466338377713
-19.64280707070942,-19.786076651841917,-19.63029310398968,-21.703718345139684,-29.873882454584553,-19.680310334870835,-21.66425379600414,-44.915852231353504,-62.73644319530449,-20.117761960957267,-19.701131575330354,-19.83517725167976,-19.848618423519024,-20.12564636845571,-31.31955012937047,-19.909566570069163,-19.76516093662081,-19.631074629830067,-20.753957881928685,-23.362295203558883,-29.01682453517472,-63.4870587322868,-242.61854397362268,-100.20602729131201,-21.181658477302406,-29.128679647648056,-22.748015283073983,-20.615968648273267,-19.686833093146223,-19.633341735609722
-20.24326026661308,-20.38737627464585,-20.232456940855318,-22.35959011206802,-30.221624233927958,-20.274973839450766,-22.21732215720062,-44.907532387609834,-60.29549804083343,-20.666683118736017,-20.301541350499953,-20.418226995260255,-20.441193270491752,-20.67350230148818,-31.056658925731497,-20.499147576323647,-20.36779129847707,-20.236937604410183,-21.28594801026908,-23.758423156004277,-29.495990280865158,-60.13449231364924,-239.44746399690092,-95.63921315588354,-21.661150892119757,-29.363332917848822,-23.274955113458876,-21.144457688261525,-20.282805374808316,-20.23454959595983
-20.51115798562653,-20.636020653875978,-20.513664917214395,-22.342168404037,-30.14275754832044,-20.55739749386571,-22.32032432326398,-44.925739430542,-60.97761069045676,-20.967899091304645,-20.55337361112866,-20.68660955043897,-20.679170642618914,-20.92757106048774,-31.39347787414261,-20.705513007382624,-20.604166852887857,-20.496857851971125,-21.520420231014658,-23.926472429556014,-29.040086212223304,-61.93437736856059,-230.19810498025953,-97.48956803245886,-21.899139524220704,-29.11493106153223,-23.301729115149215,-21.40220341923333,-20.557076943607253,-20.51590895629295
-20.213599447348688,-20.34322011693687,-20.21177580479509,-22.096537978099164,-30.041205612448106,-20.25821353371372,-22.083659482309066,-44.91870111960699,-61.738656774263056,-20.681964106122503,-20.260220549463178,-20.395657295791967,-20.392702940628066,-20.65459615629468,-31.40831555605903,-20.428904410713553,-20.314004222074878,-20.199281085089126,-21.257670682080466,-23.738006109455448,-28.9703766077149,-62.77179354457247,-233.80399794480712,-98.76045771405025,-21.656199619171154,-29.081883526160283,-23.09348521663376,-21.134899914282457,-20.25954780193543,-20.214375591595324
-20.604177653513265,-20.728583183160694,-20.607276103850722,-22.432846403152624,-30.171833513632016,-20.650002321600937,-22.40118810260286,-44.89980640464252,-60.65203323463703,-21.05428262569284,-20.645716822201816,-20.77733444668083,-20.77023861151225,-21.012881635244003,-31.369450993758598,-20.795285440119596,-20.69657409933855,-20.590426382108753,-21.60324268422774,-23.9832061897124,-29.095729721022728,-61.51075113283626,-229.27575251727453,-96.86603132357362,-21.975026867832078,-29.14711092812233,-23.37808642700587,-21.485055759724563,-20.649625902193254,-20.609380223206152
-21.15356927221453,-21.2752310033679,-21.160352647294424,-22.96866107051348,-30.397386638090925,-21.19718914514167,-22.881745109171494,-44.85263699737173,-58.86018582559827,-21.566923526796405,-21.19142825551928,-21.31333163464532,-21.30793040067445,-21.517793688824973,-31.25741027654655,-21.325064162437045,-21.242396776753147,-21.1429979890892,-22.09399763421892,-24.33504971323514,-29.430964898358454,-59.17287407982235,-224.5863267762117,-93.45196980410714,-22.425641953164675,-29.34135670901174,-23.830936392270004,-21.976156427501135,-21.196426773402866,-21.1616239779436
-20.07276581629819,-20.209643922417825,-20.065509974327565,-22.056735533782202,-29.997806566912846,-20.112050883223922,-22.006699401059265,-44.821477164825716,-61.59873392306145,-20.530613753540383,-20.125125019404585,-20.25605807856025,-20.264038280360435,-20.52283225008585,-31.295229116760563,-20.31291519889939,-20.185131137463483,-20.061186658449202,-21.13453611164342,-23.63642182101367,-29.110695058346,-62.25713522548542,-236.86203486047486,-98.20371270911322,-21.535959742532,-29.169331133990447,-23.049915218584974,-21.00286423336445,-20.116449691225252,-20.06810916606002
-19.860746543246243,-19.99672579546868,-19.85352089890288,-21.81835734417158,-29.92917861770642,-19.902841999126526,-21.809111427031688,-44.931372379637025,-62.58469681313026,-20.340417246112796,-19.91307154525455,-20.050249963934014,-20.05373708328987,-20.329811901045645,-31.411362259962104,-20.102337920687475,-19.971181340786178,-19.846841635883614,-20.946443830882316,-23.512273272923736,-28.921226712602078,-63.6357527650746,-238.50856709647883,-100.14250579530923,-21.366895426770114,-29.06585348358375,-22.85638390054234,-20.8171250501727,-19.906445309272698,-19.85648853136155
-20.69569207387251,-20.82033337800449,-20.698853473480288,-22.531329358456755,-30.202284746411795,-20.74049999029502,-22.485478156706698,-44.859772383289446,-60.279277433793716,-21.137449741092478,-20.73707543789185,-20.866447415782897,-20.860861189749446,-21.09692620838711,-31.334147645464828,-20.88585701705294,-20.788626936001172,-20.68283425429433,-21.6852262571186,-24.038968092372773,-29.172598037204644,-60.995180055914126,-228.54006157580116,-96.11534427534048,-22.049777194912984,-29.192384967729204,-23.460610254995764,-21.566186408205517,-20.74037709240694,-20.700804375792522
-20.69569207387251,-20.82033337800449,-20.698853473480288,-22.531329358456755,-30.202284746411795,-20.74049999029502,-22.485478156706698,-44.859772383289446,-60.279277433793716,-21.137449741092478,-20.73707543789185,-20.866447415782897,-20.860861189749446,-21.09692620838711,-31.334147645464828,-20.88585701705294,-20.788626936001172,-20.68283425429433,-21.6852262571186,-24.038968092372773,-29.172598037204644,-60.995180055914126,-228.54006157580116,-96.11534427534048,-22.049777194912984,-29.192384967729204,-23.460610254995764,-21.566186408205517,-20.74037709240694,-20.700804375792522
-20.914718104810607,-21.033718732115698,-20.922914037932433,-22.68551594968018,-30.292009888673707,-20.962713432717432,-22.64665410232369,-44.96596269779796,-59.9231189733413,-21.35396424531577,-20.951340991976245,-21.080956394973335,-21.068255409734206,-21.29708114203904,-31.367739949378798,-21.081762869460665,-20.998741178801605,-20.90080575787993,-21.87748559182371,-24.18171549794457,-29.164124078595684,-60.7215076532847,-225.74892650083993,-95.70151793866438,-22.228297327830997,-29.181825693284726,-23.59293951987758,-21.764440706620405,-20.96038949094291,-20.92462314815944
-20.723301197979577,-20.850082747827837,-20.7249337621335,-22.590052777806793,-30.21782588996529,-20.765941368140968,-22.525268622265806,-44.80458107921274,-59.994007951894275,-21.156814551091866,-20.76621476482205,-20.892795239748267,-20.891272119386098,-21.122335904135998,-31.28371009572556,-20.919902184553905,-20.81986762774923,-20.71179172887917,-21.71113223662344,-24.05505202538468,-29.26275968586762,-60.52066376056886,-228.84795793918272,-95.45663372772998,-22.071898575544903,-29.245731020921383,-23.507645074194407,-21.58918077613906,-20.76683681481651,-20.726790544032397
-20.53166920577632,-20.665087341980755,-20.528087710988284,-22.48808927123781,-30.18114240374521,-20.570028308457516,-22.398773936681195,-44.76433484764517,-60.1397747203733,-20.961978845764015,-20.580347051641727,-20.703939817895197,-20.71174890848222,-20.944950786864023,-31.207027202985397,-20.752518188739025,-20.63907086284174,-20.522068165844384,-21.54242127166627,-23.93247284887489,-29.338683395612797,-60.43230645053306,-232.3903713748087,-95.50560164495786,-21.911176527907358,-29.288996624982502,-23.41156817680172,-21.4129992953713,-20.573632027850806,-20.53007327261889
-21.190175252531628,-21.316746605976245,-21.193474337573495,-23.07830719512404,-30.483558427612692,-21.22916669927927,-22.951782926054378,-44.834578085482576,-58.38567045007133,-21.588694030172665,-21.2322096212425,-21.34760432922158,-21.351276570054956,-21.552136700389696,-31.16306411643899,-21.376789015452513,-21.287404486239332,-21.182418266407122,-22.129911109261826,-24.371973986784585,-29.61945005050968,-58.32527662561631,-226.25092194982219,-92.34053838524753,-22.4548642425197,-29.4447638603581,-23.91543564063197,-22.005750269130072,-21.23070834562617,-21.194587914428507
-21.86173905845978,-21.973804836946865,-21.878592887047464,-23.58133888652668,-30.739059183556904,-21.908224626569012,-23.465065275690797,-45.117805321677736,-57.19797677420644,-22.24540199682823,-21.890368677852948,-22.005428258226992,-21.99105769671345,-22.166750288747476,-31.258370718865457,-21.98582562616445,-21.936172186244026,-21.852343394436033,-22.724828002506758,-24.802075339709948,-29.701026580545232,-57.21221479398328,-218.39761234275664,-90.62201420913986,-23.007752833300717,-29.504818616376014,-24.35777377557853,-22.614419825002013,-21.904140554139335,-21.878803372128882
-21.459159113025905,-21.5795667045067,-21.467910626205885,-23.27146776997823,-30.567555530093685,-21.50143268680561,-23.1536009049751,-44.90769394798302,-57.93478137984765,-21.85293036224644,-21.495476666275245,-21.611457413951545,-21.607321811283054,-21.799298446401032,-31.21025575926219,-21.62037031598144,-21.546585674795992,-21.450496018863145,-22.368315642277835,-24.543095273140285,-29.632884599383935,-57.94565531792654,-222.6722245733973,-91.68800024943033,-22.67778509942427,-29.458219950530044,-24.087552577890417,-22.250263580451254,-21.50056747197459,-21.468701834369135
-21.000748525700875,-21.114727493616765,-21.013331485885246,-22.71504522730609,-30.3528341260683,-21.052478267339303,-22.693405141968736,-45.138850290740336,-60.0005001763156,-21.446294448241108,-21.033773977588666,-21.16529491745943,-21.145143311529562,-21.373965797338627,-31.42333975601237,-21.14864691343551,-21.076929112549635,-20.985063722042376,-21.950275177614632,-24.2431733215736,-29.081533972037285,-60.9938436602828,-224.51075623238,-96.16009403370268,-22.295676939014403,-29.12436561797169,-23.616457035095383,-21.843216658194088,-21.048067149849842,-21.014978072919156
-20.981878926668344,-21.111712469068713,-20.982209130796072,-22.908273737905404,-30.400973576514755,-21.01968980113967,-22.784714093817936,-44.80184648343828,-58.841361129806344,-21.387502471850937,-21.026979261405973,-21.143592160479113,-21.15057635369608,-21.359919738050568,-31.151745316275704,-21.182800663990598,-21.08415308613234,-20.97409388226469,-21.944252159296504,-24.234611352530035,-29.564878838190257,-58.81438476641233,-228.5717289604347,-93.12029838331337,-22.281852829388132,-29.41187902644517,-23.76703596083987,-21.817131531861577,-21.0223875992656,-20.98358058614795
-20.31002469103681,-20.44596020956145,-20.304100011429444,-22.293301694206644,-30.096036705708386,-20.348053450669347,-22.215331967970712,-44.77755050619467,-60.751066332459914,-20.750892374664353,-20.361147147235435,-20.487230978710603,-20.496670218664935,-20.740518979114555,-31.22623425950802,-20.54270428212586,-20.421248642149635,-20.29992967142694,-21.345332219150624,-23.7879357018251,-29.256909928512307,-61.14924412517664,-234.79772053601633,-96.60639462819574,-21.72857915975323,-29.246001652352206,-23.24572236571089,-21.21374976565199,-20.352430024802892,-20.306357176412863
-20.210204436208397,-20.356741741965145,-20.19812120398061,-22.366367390208772,-30.27299006902743,-20.24030156374598,-22.206114557361335,-44.99141265259499,-60.22435073782124,-20.62991047636036,-20.270675723033378,-20.384718289475565,-20.41141892577187,-20.6409579011195,-31.010495652041783,-20.472569129931472,-20.338450925609674,-20.204854772666632,-21.256129266636965,-23.744351335401532,-29.55738691545661,-59.918905602331115,-241.1976927082904,-95.51429048558052,-21.629448066074865,-29.38971740708056,-23.271387396202634,-21.11181744919124,-20.249072932348668,-20.200181049761913
-19.76714474056247,-19.9126418115548,-19.753770857146844,-21.87507438968254,-29.95276302053084,-19.801573595884484,-21.793464804862175,-44.88983124019275,-61.980813332500475,-20.224107898183874,-19.826999934410626,-19.954760814091053,-19.973923032751905,-20.236725150768535,-31.201255524816716,-20.037156368815353,-19.893407180934773,-19.75769955498047,-20.863376706967895,-23.43760744422794,-29.190110722643617,-62.34899558532928,-242.6432850615906,-98.74587633584754,-21.276120475109295,-29.216620188004796,-22.879305889695704,-20.72197820394868,-19.809295722923004,-19.756540416764054
-19.471389331826575,-19.621056929813445,-19.454781449291204,-21.631541717823527,-29.8717249364954,-19.50487138739011,-21.556905881735027,-44.984978392333446,-62.77833846125638,-19.94042125046618,-19.535093604229893,-19.665151865910897,-19.687583632876496,-19.962601749261285,-31.21979395483587,-19.75825904733066,-19.604081354646294,-19.461741994605063,-20.60119413497124,-23.24789117658129,-29.124493180875202,-63.21024431014247,-246.7203266685549,-100.18880416271855,-21.031357780026344,-29.189058477615177,-22.670239249651527,-20.455663567878922,-19.513912472073315,-19.457844815256188
-20.43311842622011,-20.575668956861772,-20.423906928842605,-22.534785763741567,-30.32089866630388,-20.46464456445033,-22.379330682681807,-44.922596638718076,-59.75595951630865,-20.846704046025597,-20.48997492024068,-20.60368731614412,-20.626291334217733,-20.849001034793385,-31.03417647429449,-20.68075737247161,-20.55533943267104,-20.427485673872173,-21.45527008352799,-23.888597601694823,-29.583625023255763,-59.47884487668544,-237.8023896301322,-94.65404869793409,-21.817719697262266,-29.406907882675757,-23.422749562847894,-21.31493430031353,-20.472078097706316,-20.425763386839606
-20.37771136345201,-20.50806213606432,-20.37578041072342,-22.278999494991368,-30.08959536522148,-20.42015546745287,-22.23660037525682,-44.82612700715502,-61.002652372008924,-20.829512783537545,-20.42428772720784,-20.555196459125963,-20.555629028280798,-20.804677017236365,-31.32767590503062,-20.592232293492827,-20.47962797949563,-20.36518651506874,-21.404098826457986,-23.834379766387404,-29.11767785309773,-61.74275341442249,-232.4693251226713,-97.28234844028643,-21.788712877997025,-29.166481250394718,-23.24420080633136,-21.27939377283448,-20.422106096624812,-20.37809604398121
-20.627322733516152,-20.757116733816545,-20.62650288375859,-22.533325051929147,-30.19223539580795,-20.668083851836403,-22.45937017735904,-44.7763480140762,-60.09520610714067,-21.060152768818128,-20.672842709913372,-20.798393351391265,-20.800988473552422,-21.033819275797352,-31.253227836238455,-20.835296899978697,-20.728784845386222,-20.61659689336174,-21.62667627594497,-23.993105922644663,-29.288899868361675,-60.53183170922222,-230.43469785165675,-95.53591646208233,-21.992077391996595,-29.261498749269368,-23.45604516885193,-21.501381644103905,-20.670197273822296,-20.628437062230297
-20.962647078324284,-21.090051112043934,-20.9645734970249,-22.85078064795868,-30.34819064813709,-21.0027328724418,-22.748543879468706,-44.78861816063839,-59.087528144550234,-21.375848412499316,-21.005618544834203,-21.125728566963463,-21.128184593540077,-21.342493854137054,-31.203024551819126,-21.156521088383208,-21.0607653626828,-20.953446603417945,-21.925923894898492,-24.214901432966187,-29.468306845986163,-59.255519706123955,-227.5934860788382,-93.66717023508588,-22.267607952461077,-29.36094143890537,-23.724185699991807,-21.80193431743972,-21.004295691145394,-20.96603359630724
-20.61878568400233,-20.750768666983873,-20.616437495245037,-22.557760571992528,-30.210400691824276,-20.657676564619557,-22.467677817915078,-44.76391970626565,-59.94172394432148,-21.046223740739855,-20.666127096269257,-20.789293398566144,-20.795652512187583,-21.025440809308986,-31.21010549503035,-20.833608213087302,-20.72393527779395,-20.609144833868772,-21.619828757646754,-23.989093391874572,-29.35634117721083,-60.22650290060588,-231.29377369585785,-95.16718285448724,-21.983435566054354,-29.298547175954763,-23.47215566462871,-21.491803106102836,-20.660771800698647,-20.618326501655957
-20.451816065304065,-20.576674620339134,-20.454177777397035,-22.28046753879566,-30.12754572793596,-20.498595690501556,-22.26693577535775,-44.95574586864779,-61.21602162367043,-20.913746540762173,-20.49427772726158,-20.6287980466808,-20.620626449385824,-20.873175269987204,-31.415593700456625,-20.647262433417755,-20.544735392307043,-20.437009042131237,-21.467449651831572,-23.891636554679465,-28.99545046083121,-62.257370632969085,-230.76755790288465,-97.96433729944403,-21.850817018538716,-29.088519945486418,-23.24993305484497,-21.349620064406267,-20.498176319556826,-20.456518321487824
-21.290839952097425,-21.4021538852235,-21.30650818446875,-22.982486994067287,-30.458926508864728,-21.34251182292043,-22.938756672914856,-45.14818188648575,-59.13731994403025,-21.719351500593216,-21.32078034270822,-21.448451414374325,-21.426928483229982,-21.639310581646228,-31.38271345811968,-21.423608552686105,-21.363096248500742,-21.276284450967243,-22.208484859419425,-24.422846146086865,-29.227220319535157,-59.90326232743372,-221.7585867995123,-94.57681620892158,-22.532685864233965,-29.213039012710773,-23.844247432188755,-22.102825499116346,-21.337324159564982,-21.307700254166743
-20.615240129451013,-20.73740365504689,-20.620119328949134,-22.415310393905862,-30.186734522819535,-20.662996979648007,-22.396779854865393,-44.97420348202477,-60.806283262355834,-21.070900044945628,-20.655229474388772,-20.78853797694292,-20.777740601570496,-21.022775978153938,-31.408612502271687,-20.798664784052555,-20.703995391089407,-20.600420653280725,-21.61166000369028,-23.99510813297903,-29.034082859756587,-61.805060713398575,-228.85849249589648,-97.29325583653957,-21.983884186287412,-29.107328978818884,-23.36402724993315,-21.496383621938378,-20.66163009155661,-20.622255797269393
-21.480371157962573,-21.601141698866098,-21.48892073146845,-23.29890843129774,-30.587366840069897,-21.522156517344694,-23.175918397351168,-44.91265753712115,-57.8437200146611,-21.87178097496291,-21.51698992045106,-21.632038714434774,-21.62878265400714,-21.818988139113024,-31.20038514619423,-21.642355139007464,-21.568470703800763,-21.47206822685026,-22.38771849726386,-24.559352651017715,-29.66148263740921,-57.80594583297376,-222.7312209651716,-91.49523499391208,-22.695360211170904,-29.474199572437335,-24.110182244473727,-22.26908893707108,-21.521491683149236,-21.489670741431016
-21.43874998131471,-21.559234979518227,-21.44737179011615,-23.251120138708085,-30.55502452440025,-21.481117017521132,-23.13533100637623,-44.901863315537014,-57.99496512446554,-21.83381193123963,-21.475157263985437,-21.591548788887977,-21.58731981127691,-21.78048648126993,-31.213091956297326,-21.600634590357874,-21.526255355935575,-21.429955550918375,-22.349965124404072,-24.528907417709306,-29.619020938984733,-58.02599238858237,-222.78224937118543,-91.80266672932073,-22.66091857501646,-29.450220611436222,-24.07030254721117,-22.231939624238755,-21.480255638606238,-21.44819556710052
-21.26021052286979,-21.37930839784682,-21.269331542383455,-23.045362241964163,-30.43741344271799,-21.305243789905102,-22.961327821442673,-44.8994459496617,-58.68170843524878,-21.67184116227179,-21.29578349139035,-21.417807249258004,-21.409150823850062,-21.6152975373009,-31.273971003624816,-21.420958193275723,-21.344969010561552,-21.249229333557672,-22.188032882612145,-24.403334743437842,-29.434105607167723,-59.02302140267966,-223.2515313721103,-93.21984716646983,-22.5130477104932,-29.34333700467748,-23.897870845992585,-22.07277752859175,-21.30347555975487,-21.270472306234492
-20.149225382364545,-20.288394485688297,-20.140770586299936,-22.17523280859619,-30.05515333894504,-20.185804485680848,-22.093079590819812,-44.799222778579576,-61.07382791816862,-20.5936933659009,-20.203280724527254,-20.32937324410973,-20.342449658690573,-20.591290311921203,-31.208714544687933,-20.394336091975006,-20.2655909496888,-20.139532954812534,-21.202616353011155,-23.684123599131556,-29.248870382337746,-61.434311635122114,-237.20699986980804,-97.1439957626949,-21.594215278072365,-29.242855719424306,-23.14108299063144,-21.067645537758764,-20.1913651780463,-20.14317396528778
-19.96504528840757,-20.105512090167963,-19.955208745912195,-22.000656681980757,-29.981482523278537,-20.002097000652242,-21.935329043904563,-44.8295227315882,-61.679579310259186,-20.420898742787717,-20.02047358847269,-20.149689338719966,-20.162607741299812,-20.421924577657112,-31.249589156337983,-20.21753832140161,-20.083264844715597,-19.954516358831597,-21.039170516671206,-23.565388278231904,-29.156508230640526,-62.19376733229241,-239.01178592827895,-98.2638738668822,-21.444061889880725,-29.196387394143223,-22.995660177764666,-20.90335146660692,-20.007929088647696,-19.95785439562666
-19.54529845440847,-19.68980102891285,-19.53176072107769,-21.62029753373593,-29.846889515833183,-19.582614754889658,-21.5852504487912,-44.94672743721078,-63.0251784101886,-20.024918982793178,-19.604803742192054,-19.73983707052113,-19.75409011416865,-20.03571577169749,-31.332703597471713,-19.817386167938373,-19.66955032617577,-19.53341014175232,-20.66777646269159,-23.300999392550814,-28.989264763622508,-63.81532739122147,-243.90027446902556,-100.72589780609358,-21.10177857528772,-29.11678572788078,-22.67755633438508,-20.52862094695693,-19.589514032620865,-19.53491566563603
-20.663230771511135,-20.800541960730342,-20.65775428847429,-22.691017967319215,-30.345285000184198,-20.69722121199678,-22.549607099187106,-44.84097406594676,-59.36315566654255,-21.07330157312915,-20.715265691845538,-20.830210953285235,-20.846521660864138,-21.063964972434004,-31.08349084418728,-20.89222937324016,-20.777342845662908,-20.65673518256758,-21.66068254014361,-24.033381945718965,-29.57505012528867,-59.19256775578077,-233.7613791985557,-93.96207997117021,-22.01331173383909,-29.409147315272364,-23.567789182893996,-21.52580305667679,-20.702754378674395,-20.65942120836985
-20.344068056601277,-20.489246913615524,-20.333213134299438,-22.48523128260112,-30.3365652756763,-20.374228794938656,-22.318317201285225,-44.993197502339,-59.86632852102039,-20.757568444049003,-20.40332665753112,-20.51563602818005,-20.541652030226444,-20.76502526459774,-31.001102017860674,-20.600063624899423,-20.470289471014773,-20.339069232567503,-21.375583188262926,-23.83566056589212,-29.60937410486427,-59.50131159880932,-239.8711873486469,-94.85980645158335,-21.740462883166607,-29.415620080784677,-23.372805905723624,-21.232398901279986,-20.38261807566346,-20.335117658123743
-20.038521575461647,-20.18232301500046,-20.02705110361689,-22.13577364143122,-30.07411421981699,-20.072093367196786,-22.027545099936145,-44.85755668239954,-61.07447963114996,-20.478428778661108,-20.096631821372867,-20.219383225962197,-20.23918963970088,-20.486275874413145,-31.135779901846462,-20.298279977144908,-20.162359298154787,-20.030398118020756,-21.10404904944859,-23.61551776486429,-29.331179402642803,-61.206465205512295,-240.1607702345758,-97.07709448525061,-21.496901955792378,-29.28437170714006,-23.09501116443708,-20.96372523803496,-20.079505156532257,-20.029465951218004
-21.477229603873376,-21.590199038024092,-21.492049549813018,-23.19330036053051,-30.527562161418246,-21.525947176931684,-23.118249405290086,-45.05185634921787,-58.37500442548545,-21.88713983868023,-21.507538394776137,-21.63025679255407,-21.61343031949988,-21.812280651730223,-31.316631077403883,-21.612279031076053,-21.55232762961402,-21.465028174628664,-22.378165773153633,-24.541354060800685,-29.41991607368378,-58.81014898091547,-220.5862711762842,-92.93420095501182,-22.688874138738427,-29.334077997701314,-24.02572167071649,-22.269187285453057,-21.52173081862378,-21.492909859885845
-21.123648676351678,-21.249680603538152,-21.127091769496303,-22.999975630542636,-30.42894490067299,-21.16364042159765,-22.886294225559826,-44.814868924616945,-58.64278803191622,-21.52832367517684,-21.16524696918848,-21.282987155800612,-21.284924310049405,-21.490817519301498,-31.188119690331682,-21.309947939125117,-21.219803971684396,-21.115067040231636,-22.069808831927194,-24.323267724675645,-29.549017424159985,-58.7015311222908,-226.2788177582833,-92.853705931609,-22.400395283625457,-29.406443810812533,-23.851094182855476,-21.94668166397614,-21.164830800511268,-21.1283243460578
-21.147114344009896,-21.26545419709042,-21.156501095042586,-22.9178850016513,-30.381622147675774,-21.19375026063715,-22.853008248126375,-44.927931875940004,-59.130076760009686,-21.56938906238711,-21.182428043468345,-21.307659908347368,-21.296436107998584,-21.510760076106823,-31.313944376413218,-21.30745098102188,-21.230407695474376,-21.134810113465647,-22.085669127008835,-24.328527916266754,-29.322643399853753,-59.664142230094136,-223.8210274622472,-94.15093847456117,-22.419384595718153,-29.276909655840242,-23.790232010487045,-21.97203512835453,-21.191471756612543,-21.157839932176223
-20.730719565895658,-20.860009875643872,-20.730571546573792,-22.634691394531536,-30.23986948690392,-20.771054138699483,-22.55006929725313,-44.772377922705914,-59.75825385588716,-21.15675280311509,-20.77563218122602,-20.899239931486935,-20.902221647430093,-21.128920093435028,-31.231439962053358,-20.93509755863435,-20.831539950564885,-20.720587002022544,-21.718947742278434,-24.060941003182467,-29.351455076294314,-60.09358675612204,-229.59983985650535,-94.9004831330382,-22.076762282112835,-29.29598010025704,-23.541069788850024,-21.593769985756158,-20.773106179668794,-20.732354847926302
-21.24086254329591,-21.360163231882552,-21.249762712159352,-23.027884969450525,-30.428525354640986,-21.28587277721515,-22.945041661532258,-44.89556823777326,-58.73318335177681,-21.65346479673398,-21.276642163190022,-21.39890701935189,-21.390385958889844,-21.59753365769,-31.275287255084056,-21.402680402483828,-21.32591968283066,-21.229822254692177,-22.170776479145477,-24.39064411772725,-29.425235097481,-59.08630508292433,-223.42028316248778,-93.31202699291788,-22.49713842748351,-29.33810773972095,-23.88293850626289,-22.0553816711776,-21.284167726979472,-21.250932022495615
-20.58336702068185,-20.71630405990168,-20.580270649919107,-22.535227924509282,-30.203318700784962,-20.62171551153539,-22.44243043547537,-44.76379305246198,-59.99095237417427,-21.01095235308035,-20.631565481717228,-20.754446445329304,-20.762052644626976,-20.992596755527767,-31.20090039429479,-20.801746813058124,-20.690058040248775,-20.573937822416195,-21.58846234186797,-23.966520632273685,-29.361779927299416,-60.250990130763384,-231.88993235323113,-95.23404854931951,-21.953705461875614,-29.301369064075345,-23.451496695553967,-21.459403282576364,-20.625185420257104,-20.58218880178677
-20.449783609278093,-20.576494978022506,-20.45072351076406,-22.303053706322714,-30.117274390595576,-20.494892903141658,-22.2770932037372,-44.893325385196235,-61.05333306416264,-20.906325753377967,-20.493501739840774,-20.626401827223326,-20.62139436642161,-20.87127720134008,-31.378448727277497,-20.65133425619399,-20.5457449819868,-20.43593416431359,-21.46668961987194,-23.88533306808707,-29.052870309998767,-61.96356090414122,-231.0646444365084,-97.54644833428647,-21.8488827051508,-29.125044478691976,-23.267906010082868,-21.346383955943363,-20.49530776272346,-20.45302100391336
-20.878214901278817,-21.010357736547782,-20.87666712033835,-22.83492934064167,-30.376396027990367,-20.914862845121014,-22.707087473738603,-44.801932620842116,-59.02005169266089,-21.28563161683717,-20.925459993307108,-21.041753535269716,-21.051576975040955,-21.263933940279024,-31.132815906500596,-21.088134219892588,-20.984155867552328,-20.870780052986298,-21.852082762099474,-24.16855181587478,-29.56255176720152,-58.95846564827498,-230.1224646107857,-93.40425117511307,-22.194988390750144,-29.40838420529845,-23.700766852498592,-21.722605685508974,-20.91843937026462,-20.87814370788086
-21.33554971720457,-21.457373261653835,-21.342801770133356,-23.16165632362852,-30.50555618568225,-21.37755493738019,-23.050058739735363,-44.86994668876283,-58.238738553246705,-21.73493838483592,-21.373240728085094,-21.490645434174315,-21.487605537692012,-21.685635684903115,-31.212861389973725,-21.5039661447995,-21.42506772291672,-21.32657276631588,-22.25790162567573,-24.460192876168527,-29.579558559943052,-58.31190427514559,-223.70782309572172,-92.22489350564481,-22.575746927339736,-29.426668080233107,-23.993214963736616,-22.138824083788446,-21.377148163956175,-21.343772797468
-21.138752736248545,-21.262175353087464,-21.144151396214383,-22.977799809208577,-30.404487916378685,-21.180927163171248,-22.880821174122964,-44.82903412777649,-58.78135107937811,-21.548803597597498,-21.17808750794562,-21.298462672241367,-21.295975155920264,-21.504498751089887,-31.230776659418304,-21.316361654942146,-21.230517427641022,-21.128957237314072,-22.08185361679401,-24.32777218759183,-29.47566853995487,-58.996701878197186,-225.22297975482437,-93.22125442107107,-22.413445309978947,-29.36665264247747,-23.836586718017358,-21.961896429948553,-21.18094677824262,-21.14541337697754
-21.007543541126832,-21.140421995991183,-21.00604852466394,-22.98397864130367,-30.49363958196529,-21.042575812134643,-22.832410568945672,-44.869147808061165,-58.54348866094078,-21.403928984035414,-21.055475608927395,-21.167312382253115,-21.179979699053767,-21.382751461829343,-31.086612470796652,-21.21672947835943,-21.114964882891094,-21.00153190432136,-21.96831363032423,-24.264957065376425,-29.68905597565556,-58.27163381203401,-230.13657697783248,-92.49281779121992,-22.300019552071543,-29.473513749138128,-23.821858298174323,-21.83726250828594,-21.046675201702183,-21.007301342576906
-20.52187624993429,-20.65720788390619,-20.517040026973817,-22.50831586196304,-30.204639074032634,-20.558651353195028,-22.40430242849639,-44.77264529530619,-60.01421172595374,-20.94767731332265,-20.57220412346751,-20.693603464352,-20.704678406830002,-20.935141389528052,-31.1682569179641,-20.748472717313774,-20.63247796339536,-20.51320663321514,-21.534098829879863,-23.928672386676396,-29.397362625472987,-60.17335392396925,-233.29285867146123,-95.21852984341365,-21.901054304003203,-29.319601559495496,-23.423606053993076,-21.402317385869722,-20.563099477492,-20.51898517685691
-20.318926972560565,-20.44925180792844,-20.316857411964467,-22.216898263626714,-30.06941270137539,-20.361925539474225,-22.18327652883841,-44.84885078042076,-61.23966397333807,-20.77584347766433,-20.36566632246209,-20.497980177552556,-20.497614104058293,-20.750829021945357,-31.350523527024677,-20.53448085530987,-20.420691423876654,-20.3058890256569,-21.35171380386187,-23.7985406266798,-29.072510801422894,-62.06561044714532,-232.96513304872803,-97.74742155184126,-21.74106484713838,-29.14103970536157,-23.19271804197941,-21.227370519583626,-20.36376366585415,-20.319267678871732
-20.503254093571286,-20.633147424159034,-20.50199949866548,-22.40423285793004,-30.137029866085257,-20.54499920270341,-22.34720406906857,-44.79772473067112,-60.5549370089943,-20.94588733414012,-20.549137390436705,-20.677564272090986,-20.678783911389186,-20.91989903084674,-31.29246256239731,-20.71394364538042,-20.60463870035991,-20.491543844521377,-21.51589401683113,-23.913295226751753,-29.197547327632194,-61.153808940937324,-231.34884220815425,-96.42652921784457,-21.890986988283046,-29.21078662397249,-23.348747052649827,-21.39111140170308,-20.54695276445739,-20.504127869522716
-20.578801234659934,-20.7143392060416,-20.574040679638117,-22.572088508952177,-30.244140558545944,-20.614936855264933,-22.458077436707285,-44.78201981231413,-59.79319931388103,-20.999696223672256,-20.629261046722718,-20.748898974067906,-20.761051061009837,-20.987316503473696,-31.14611535383407,-20.804783300997634,-20.68985033778653,-20.570704140046928,-21.58496829860398,-23.96822864027112,-29.448198320973148,-59.8621918499474,-233.11435663268958,-94.79594160186141,-21.94705474614057,-29.34592498412013,-23.475418966649933,-21.452672484444633,-20.61956581909585,-20.575891147097522
-21.38660599266249,-21.50279569297118,-21.398465341181605,-23.139140703124223,-30.48937293105012,-21.433201127335156,-23.05693946555378,-44.96418152048598,-58.45883351609637,-21.795729373192035,-21.4195933682449,-21.54151718754626,-21.529228506207225,-21.73056987948442,-31.290080382917573,-21.53482669908496,-21.4667954007945,-21.375227365975043,-22.299454828526436,-24.484367291366283,-29.444366582857484,-58.81922787543666,-221.79065585796803,-92.92438617148747,-22.616188635644797,-29.3494002935971,-23.978998928012086,-22.187056630300116,-21.430301436295334,-21.399439399491968
-21.256596028220372,-21.374480323133465,-21.266677639345325,-23.025738584418303,-30.430749753873457,-21.302739058075886,-22.94969501458944,-44.92744298574269,-58.781629265898744,-21.671506255109556,-21.29123927948125,-21.414486954278583,-21.403693223062398,-21.61147321809938,-31.29403373003231,-21.413243768506906,-21.339334074568246,-21.244976138764113,-22.183795158208245,-24.399769107282992,-29.393928940345564,-59.2033581507239,-222.9831013195775,-93.47974635438315,-22.50956566315226,-29.319403485883328,-23.88193494105486,-22.070075488216016,-21.300415598007092,-21.26784323051791
-21.37216641135073,-21.48672602881061,-21.385328170026423,-23.103895749730746,-30.47962841049887,-21.42032253521746,-23.03289462500992,-45.01086523250639,-58.621757242864504,-21.786327072128813,-21.403981410136854,-21.52762138319949,-21.51238985725198,-21.716350741195214,-31.317248667781858,-21.51493434333745,-21.449665903692832,-21.359863648394306,-22.284953428031923,-24.473526808035974,-29.38429407219231,-59.09726695737356,-221.55779064050552,-93.33991648621378,-22.603099877568027,-29.31273639786812,-23.94929534643113,-22.17467094091192,-21.416670788601337,-21.386347061285043
-21.027808642934836,-21.145640082540616,-21.037266223211848,-22.787967464526396,-30.335247762637437,-21.0758917247579,-22.741439277833845,-44.97116700996112,-59.59793724556758,-21.460922955592824,-21.0631843745733,-21.191385515308163,-21.17796894803002,-21.40069031281263,-31.35432714510602,-21.188672324023877,-21.110093486081144,-21.014254364777916,-21.978034800111693,-24.253064941594605,-29.215291213278366,-60.32005339947072,-224.64305017835653,-95.11520848092022,-22.320776410248442,-29.211763107563797,-23.679996643135922,-21.86578260829354,-21.073211872164855,-21.038809486624384
-20.5743515384817,-20.700955622238432,-20.575699255093596,-22.431631388045176,-30.157845680959063,-20.618446663111378,-22.388880633138374,-44.84720562774288,-60.573541278180215,-21.020605783296922,-20.617558497302255,-20.747759231761876,-20.744105462785686,-20.9855392980317,-31.336102588618203,-20.7732154640702,-20.670343922012208,-20.56149971265358,-21.577849306148885,-23.96121691340064,-29.14346700484235,-61.316702272227495,-229.95489607892173,-96.60374386391933,-21.95035452672294,-29.177354335372335,-23.375481803318845,-21.45695109977132,-20.619018661237444,-20.577798919757345
-20.24419458680704,-20.384165295066698,-20.23559917904932,-22.28974014973009,-30.121570008452032,-20.279287484541616,-22.185836457487706,-44.80556915718243,-60.63921443989034,-20.678749545080834,-20.29881289175662,-20.42132748902184,-20.437063691011744,-20.67768969262533,-31.154644294003177,-20.489484894695423,-20.362045910391856,-20.235712521743658,-21.287064034131728,-23.748179556138737,-29.349052021046802,-60.804502784716036,-237.03568292644843,-96.31082808756183,-21.669505871521395,-29.29367946396701,-23.23201438693727,-21.150684677058212,-20.285353757447897,-20.237829125796537
-20.253064981198182,-20.393267750910624,-20.24436969715945,-22.303095995400597,-30.131514754018436,-20.28788931307507,-22.195733911830946,-44.80977507019669,-60.58586757293427,-20.686275649051908,-20.30787597452198,-20.429836779225298,-20.446096659776092,-20.685649559955518,-31.146016369597337,-20.49878423891692,-20.371311776838837,-20.244778194488127,-21.294955416446477,-23.75460465283462,-29.364003751509287,-60.72068034919047,-237.1095051085766,-96.20748252858975,-21.676279863836992,-29.301125736323517,-23.242181409115897,-21.158250262571556,-20.294070680149545,-20.246578338993384
-20.578761046162704,-20.710540997366795,-20.576421358504568,-22.512316313238493,-30.186606440397902,-20.618168108457002,-22.42959994130534,-44.76589812340164,-60.10572582389894,-21.009913562549524,-20.625996005674615,-20.75041082797767,-20.755910370728607,-20.988740209430308,-31.22709549793949,-20.79377430014161,-20.683486851466032,-20.568681842729113,-21.58400141223036,-23.96225832945498,-29.318728783589844,-60.45931996565163,-231.45599080221763,-95.48892299890566,-21.951026052158003,-29.278206530779563,-23.435013242945704,-21.4564256417077,-20.62110612414619,-20.57837893244662
-20.52570545438921,-20.653339682476833,-20.526154753518334,-22.395180418274297,-30.140504152617567,-20.56929656904269,-22.351859514033634,-44.83772708457434,-60.67035958046771,-20.973046162389927,-20.56982124872526,-20.70010402680264,-20.6976441994245,-20.94083259299693,-31.331973159109708,-20.72880956704812,-20.623333021200242,-20.512986556700366,-21.534926737559875,-23.929705378623098,-29.14006360849432,-61.40604635006619,-230.58805271320506,-96.74751180216896,-21.91038420450978,-29.176415864090377,-23.34403898115231,-21.412958258083886,-20.57025718675872,-20.528306599162594
-20.43061588779828,-20.566062179220786,-20.425395880609805,-22.413345881847167,-30.15344437859627,-20.468048669482172,-22.321688190634614,-44.76980001671697,-60.33929612066002,-20.86322338101547,-20.48114815329887,-20.6047610133666,-20.614883538219747,-20.85133368601053,-31.195453259817903,-20.659429451211672,-20.54124167556374,-20.421257910988366,-21.452699138547207,-23.86723182314827,-29.331604752263384,-60.61128187335757,-233.8467523022192,-95.83357873740701,-21.82684999370084,-29.285187618016277,-23.345358823556047,-21.321186122206175,-20.472402458645973,-20.42747980380269
-20.229501173153977,-20.36195054829605,-20.225681265027795,-22.15409832222014,-30.040248602843064,-20.271376354984252,-22.117123322290485,-44.836434640774954,-61.39682366703416,-20.687616016656598,-20.278077133516586,-20.41024397949825,-20.412454413803466,-20.668312943320668,-31.337500423312683,-20.45335381223707,-20.33467613363084,-20.21684649759221,-21.27285723963222,-23.74000916668941,-29.07638789362162,-62.18605275746712,-234.25707381911914,-97.96736213793892,-21.66713012226066,-29.14581293021906,-23.137891527015462,-21.146196809318127,-20.2740298905627,-20.228172166535877
-20.371765408539407,-20.505640562666734,-20.367377354537208,-22.326056131411544,-30.10495201773149,-20.41108652567306,-22.256335106297797,-44.7773496599051,-60.701338983650864,-20.81361205991147,-20.421093715970425,-20.548150698460546,-20.554732325705924,-20.798073812764216,-31.251312693273917,-20.59716997446378,-20.479627270404343,-20.36108000461492,-21.39991198755857,-23.827735609347435,-29.232483733998837,-61.17665718780204,-233.5936977994828,-96.57015788025375,-21.78092692355595,-29.232208543087758,-23.277149266157533,-21.270668834578498,-20.41463366089419,-20.369600489535358
-20.02668904961288,-20.170803507328195,-20.015008466911876,-22.128556985344776,-30.073581929853827,-20.06009881456241,-22.019166957904577,-44.86310578339136,-61.0913464728515,-20.466640496098176,-20.085079035133244,-20.207712222975786,-20.227912998043767,-20.47516565503386,-31.132374527399868,-20.287500643948746,-20.15101923035195,-20.018635447185027,-21.093503371324534,-23.608060592742003,-29.333586080679716,-61.21362289840568,-240.39638802256712,-97.10575640013349,-21.486771308849736,-29.285507722838236,-23.088127918352615,-20.952837149262244,-20.067626674531073,-20.017430345085863
-20.610402231973413,-20.74289399025369,-20.60768833248837,-22.556840458524526,-30.212417678326283,-20.648915864668766,-22.463817886822785,-44.763729234545124,-59.92976034040501,-21.037099743476315,-20.658185870152924,-20.78093589358724,-20.788091362061046,-21.01757973173046,-31.201935101396785,-20.82691308871047,-20.716394901863392,-20.60096071892997,-21.61249107992126,-23.98410601371608,-29.367279090513435,-60.187460508234075,-231.55005706059058,-95.12937582396283,-21.97614107008239,-29.304372582846213,-23.470308602975095,-21.483864511633545,-20.652227997846577,-20.609576485067702
-20.802260130706145,-20.92854250185368,-20.804492321484418,-22.665697307614053,-30.251389298762497,-20.844675790215195,-22.59364745136465,-44.800815115552666,-59.74503679397454,-21.230831554499833,-20.844591622926323,-20.969848552918847,-20.968405846846792,-21.19493449198772,-31.269339839680214,-20.995734175091943,-20.898141739058023,-20.791148217166327,-21.78156339710772,-24.106186893723653,-29.307090957280746,-60.20146051894601,-228.15638660251062,-94.98980792769035,-22.136642057563087,-29.270715114982927,-23.571463145659276,-21.659825328276977,-20.845470642376796,-20.806234555727016
-20.371461821979345,-20.503814469289,-20.36810492151075,-22.3022634049632,-30.093945192119,-20.412149955895064,-22.245035973268685,-44.792986337486695,-60.84176753919134,-20.817815282876385,-20.419581718018122,-20.548431741690766,-20.55231327818529,-20.79836963876872,-31.285665891832856,-20.592287548680304,-20.476746532893728,-20.359957260819908,-21.39922429888389,-23.82816829065518,-29.180255830223892,-61.43632075451319,-233.08332088741187,-96.89214016956241,-21.782133472356374,-29.202954867976857,-23.26040283216586,-21.27194281386439,-20.415003647005346,-20.37037334425938
-20.553655094226002,-20.6887572978879,-20.549073004381007,-22.538320221290043,-30.22002614934022,-20.59036773254955,-22.431661980331583,-44.77360959684223,-59.91854609148241,-20.977634929132346,-20.603752517633716,-20.72462516314186,-20.73569292053667,-20.96442816496386,-31.163325310330237,-20.778934039724902,-20.663930839889524,-20.545124244561503,-21.56242949564528,-23.94994729420767,-29.413744678176222,-60.053422636333316,-233.02157612338428,-95.04218181553375,-21.927155173316812,-29.328231800319873,-23.44883908791587,-21.430791325837678,-20.594763427516156,-20.55097541361232
-20.9597823077303,-21.07974149121033,-20.96733166024075,-22.744235591239697,-30.305041100184912,-21.00653673073242,-22.693621241146502,-44.91974442832699,-59.67953620308698,-21.39277173601188,-20.996898654105863,-21.124754120665646,-21.114196818706844,-21.33884851884432,-31.338138227175087,-21.12925421373913,-21.04542677116386,-20.94673146305728,-21.918667784338123,-24.20863433505776,-29.22779283205456,-60.355846560679794,-225.52730274795982,-95.16164576947732,-22.26572870589189,-29.221076371139684,-23.642529640588368,-21.804106020520727,-21.004708849271438,-20.968949795031865
-20.934190774243646,-21.064108664859617,-20.93429351162194,-22.859133881808333,-30.37014182940339,-20.972308051288937,-22.74142710439248,-44.79078370873324,-58.99575354990489,-21.343104060972912,-20.979395902757123,-21.09713020572909,-21.1036920880708,-21.315998550922476,-31.162210790182655,-21.13636234546163,-21.03650408414275,-20.926059647275274,-21.90149991645213,-24.201246440787013,-29.530426822612192,-59.02267666621272,-228.8058997352948,-93.4129954221697,-22.242728000774523,-29.39327683318556,-23.72609243561559,-21.774516630380994,-20.974969391006518,-20.93573861703068
-20.125960616752995,-20.27287277777718,-20.113326872167633,-22.283209708856717,-30.218500397329578,-20.156386160552106,-22.13182531010819,-44.97315881696812,-60.49079728256386,-20.550831672959294,-20.186768007929093,-20.302613783763455,-20.32891789179898,-20.563371979672635,-31.02873833621676,-20.391216902068397,-20.254756708366926,-20.12014742184333,-21.181127254570214,-23.685259420572752,-29.508016757957655,-60.26031424983733,-241.72077109298,-95.99872763140726,-21.560716491665968,-29.36648579580362,-23.20279049826896,-21.036674558352868,-20.165205659997344,-20.11550020925218
-20.46455074671073,-20.603625872082866,-20.457293466461955,-22.509234432504957,-30.245704443486968,-20.49862549387243,-22.38074980950791,-44.823755993984975,-59.913875659434645,-20.884685650045608,-20.518232729230238,-20.636074798856452,-20.653029290007257,-20.880392191627234,-31.102779934832817,-20.70265548386308,-20.581252399689934,-20.45737948543249,-21.483358490471964,-23.89816442327418,-29.484736876151032,-59.86044675489791,-235.51989826394293,-94.96707806215461,-21.849233024654055,-29.362079602901886,-23.413643846408156,-21.34717036061705,-20.504633362734154,-20.459213076897978
-20.846662036730585,-20.96372899169733,-20.85625745204124,-22.59217573646292,-30.285625840462327,-20.89696814827732,-22.573400564174417,-45.07186748182421,-60.338776693071914,-21.296895612795137,-20.882344481062983,-21.01479719108588,-20.998084194737675,-21.233804968249647,-31.421451620334203,-21.00831571577284,-20.927537819793912,-20.831209683568574,-21.814849642731165,-24.144754473411258,-29.054784423537757,-61.351869401030164,-226.16847923069702,-96.6518263206413,-22.171306485823376,-29.112240855021554,-23.513196632042945,-21.704799193775607,-20.893690050715033,-20.85811234918645
-20.66486433328262,-20.786128840124277,-20.67058383766138,-22.455372206911054,-30.205816868173066,-20.712993372898246,-22.4357662788608,-44.98496556132423,-60.68970661462004,-21.118843441749966,-20.70405049401905,-20.837047870902907,-20.825310128184306,-21.06814782599109,-31.408110126139107,-20.844329205010673,-20.752229666929182,-20.65000255876164,-21.655397823640016,-24.026746134692107,-29.043802510629664,-61.680253458036944,-228.28386968076404,-97.1103238833332,-22.02423916397114,-29.11183595382974,-23.397926379627574,-21.540994926649905,-20.7113021205589,-20.67265833869683
-20.26992428574573,-20.395149171558423,-20.27156709960053,-22.096603016974832,-30.08838775287303,-20.318049384637536,-22.106290564994122,-45.050972625286704,-61.93283085939667,-20.74706962901663,-20.313470046314837,-20.45153930188455,-20.441744279067493,-20.706670270271573,-31.480460669975464,-20.46995172805599,-20.36321598460488,-20.253749690056154,-21.305538637351205,-23.78708932113065,-28.871568918215637,-63.21171393351035,-232.69505438673818,-99.37526347469762,-21.70305708406843,-29.01536901917145,-23.09548833106712,-21.188461290458974,-20.317492800031015,-20.274195800345158
-21.256385631732496,-21.383412788987865,-21.259617398277253,-23.155289743822586,-30.541950703853587,-21.294464155242565,-23.016593246524277,-44.864138620530376,-58.14218260201447,-21.649103362069276,-21.298823553295687,-21.411923384331168,-21.417177736578463,-21.613165617662844,-31.140531650316348,-21.4430040846514,-21.354549460533978,-21.249406062996268,-22.18971775422258,-24.421409770293746,-29.687264651465377,-57.97041092350361,-226.25843593429025,-91.86073865279906,-22.509091605344878,-29.48116795500895,-23.978642724309147,-22.064618548218366,-21.296317754062148,-21.26061384088765
-20.670231666627544,-20.803260966650683,-20.667368903166988,-22.628661215949084,-30.2558044893263,-20.707783025020394,-22.522689462734547,-44.76941896786797,-59.670778081707624,-21.0908639860827,-20.718407808790616,-20.83895166109174,-20.847802377681887,-21.072368539498306,-31.172375449104237,-20.88710269498383,-20.777249066908517,-20.661564291463776,-21.666126522596425,-24.02565936583944,-29.431752058948646,-59.8095616959864,-231.46508384180973,-94.6199433915144,-22.024342568055246,-29.338591530084322,-23.52833751412705,-21.53654258592326,-20.711433273907556,-20.669148293703497
-20.333861714983307,-20.470679066837302,-20.327460064348475,-22.33286738525065,-30.120033174334225,-20.370914823890946,-22.243684198379935,-44.777386971222086,-60.58115782812017,-20.770265048531083,-20.38568349230906,-20.51003050602664,-20.521343089894305,-20.761887343999113,-31.19730988992088,-20.568575663132965,-20.446612826906154,-20.324436261413116,-21.366683204043195,-23.804197858393966,-29.305803920233483,-60.87655204110361,-235.02237874326593,-96.26113291891059,-21.746713992537945,-29.271743565191553,-23.27596755367191,-21.233875865461354,-20.375726609525266,-20.329652554863063
-20.840192389323107,-20.964048090213726,-20.84435695798941,-22.67137833043438,-30.258470636480247,-20.884464201958167,-22.611233879147626,-44.84192596919803,-59.80468339733737,-21.2723332689036,-20.88054856412831,-21.007427757285594,-21.002201724170313,-21.22967272819786,-31.30384958259163,-21.025025251025657,-20.93207542763513,-20.828137220541247,-21.814136627286366,-24.13069267227249,-29.257969482921155,-60.3797805598496,-227.24314301234898,-95.21451736285013,-22.168129422852584,-29.24148695086688,-23.578814808082083,-21.69528348736778,-20.884213938379247,-20.846092216262996
-20.633187931696845,-20.766025013985494,-20.630323154751387,-22.586387776917764,-30.230463857991644,-20.67121042642073,-22.487277115881074,-44.76527161914762,-59.81879407907035,-21.057177798551265,-20.681237625015193,-20.802975922926727,-20.81102679240403,-21.03839622524915,-31.187579044703703,-20.850257095652914,-20.739808620333736,-20.62411586790355,-21.632954535931486,-24.00001856313079,-29.396624594134053,-60.02043857041027,-231.5711587490407,-94.90743165131883,-21.994360292196475,-29.319988197149186,-23.493919626958835,-21.50378599654435,-20.674715178335113,-20.63216596031974
-20.96805486768519,-21.08753769493601,-20.976008926824214,-22.746750436008956,-30.309013899108265,-21.015165872061424,-22.698002612041567,-44.93262907515067,-59.686995704551684,-21.401643709412763,-21.00480461505456,-21.132893675016042,-21.12161621755987,-21.346308487312694,-31.343866470204794,-21.135741702227616,-21.052934004269023,-20.954832058515798,-21.925723638524893,-24.21421640939876,-29.21954573359839,-60.38315477504833,-225.38051614197843,-95.20216975375982,-22.272358411428684,-29.215745684459066,-23.64479118708558,-21.811722836518097,-21.01313652992243,-20.97762208872857
-20.36624358136104,-20.492822365081487,-20.367074492435275,-22.214221298190406,-30.095614213654656,-20.412234515746672,-22.201053144016015,-44.93897574394039,-61.40303923265911,-20.830493932925503,-20.410203231105868,-20.545068746653655,-20.538790904142704,-20.794746367475746,-31.41302870714935,-20.56891981178295,-20.461858297123012,-20.351611751830113,-21.3921204517791,-23.836475225643277,-28.985984971877,-62.4425776188208,-231.83708919690503,-98.24632425336756,-21.781019912890905,-29.085793190520775,-23.19368921820152,-21.272515880837496,-20.41244956658955,-20.36951059849187
-21.013679561641524,-21.1412244897839,-21.01567911390189,-22.90671490890038,-30.38174665681205,-21.053227847208984,-22.796499726330687,-44.79562162314308,-58.90236621613315,-21.42270286101142,-21.05671535812927,-21.175383023810866,-21.178696194682043,-21.389479341268082,-31.187237810585273,-21.20695903670176,-21.112150402892617,-21.004972227203428,-21.971794596299674,-24.25047564165257,-29.512877415099346,-58.995557754261576,-227.4038502117797,-93.30474277155155,-22.309396276514175,-29.38544155985185,-23.770523509180087,-21.847363867967204,-21.0549357059195,-21.017054419197517
-19.993914377236734,-20.139105841223174,-19.981550267977887,-22.112275671762518,-30.077299274076765,-20.026707295320787,-21.997598392168797,-44.88439696878946,-61.119383342803154,-20.433397735656992,-20.053260000136415,-20.17526342591631,-20.196920908112315,-20.44417123415962,-31.117591615540924,-20.25814439961694,-20.119940714149443,-19.986164785380854,-21.064243133631482,-23.587856850743563,-29.347899586130588,-61.19733790810901,-241.17620941409206,-97.15034592267754,-21.458242813537765,-29.29223922012369,-23.071279779234366,-20.922370399171452,-20.03464384990528,-19.98398382745873
-21.15854939507884,-21.278537671266687,-21.166653791414717,-22.951231561051145,-30.39066332699999,-21.203620645024323,-22.87459786140343,-44.88471049981084,-58.96688522023963,-21.57574649065251,-21.195073884622143,-21.318531491875337,-21.310276679250897,-21.521899371026826,-31.284163819353935,-21.324308705793097,-21.244588161726398,-21.14717059957812,-22.09725278640578,-24.336666281384215,-29.38230389045271,-59.38155475442433,-224.10738225271234,-93.74190224297155,-22.42942755630695,-29.312868506607106,-23.817630035316313,-21.98147793473918,-21.202104167266317,-21.167946612550722
-20.11795561560939,-20.250736216898424,-20.113609288050156,-22.04160249277406,-30.005014761067358,-20.160557469741736,-22.018742396751794,-44.87727308691723,-61.82235086604773,-20.584814724093274,-20.167127748200933,-20.301589318335978,-20.302913259707015,-20.566164069926057,-31.375437639685252,-20.34494585799404,-20.223480242377953,-20.104525007877207,-21.173794396135722,-23.67235181125802,-29.0039432245431,-62.74837883472475,-235.3335570983418,-98.78446640089945,-21.576796870774462,-29.106012759246937,-23.044548129653407,-21.04731827603906,-20.16316554533648,-20.11626834469478
-20.615957252810734,-20.745327215153655,-20.615402809923534,-22.515036374134652,-30.183732845664558,-20.657195112339505,-22.44595787255079,-44.78289183038043,-60.17382394031747,-21.050889435275224,-20.661161546062882,-20.7874678053104,-20.789174144836895,-21.023455998004717,-31.265661987300987,-20.822832819598933,-20.716679314539547,-20.6049128255679,-21.61634355894686,-23.985638192388404,-29.266030207435747,-60.65723151562748,-230.3739680667855,-95.7043568578064,-21.98307623910408,-29.24867105186288,-23.441545684091146,-21.491647741206656,-20.659096486160585,-20.617366064447857
-21.053853345734368,-21.17004299973979,-21.064733039404594,-22.79498261623819,-30.35129840497228,-21.10317945065652,-22.754612567853464,-45.023600140785646,-59.63016675729676,-21.489157609965243,-21.088016045631363,-21.21696150133021,-21.2010606637363,-21.423937839378,-31.373385748399123,-21.20850554775591,-21.133539014515243,-21.039698981867613,-22.000012720952977,-24.271065869257008,-29.186303803061392,-60.41967234186983,-224.21506239232008,-95.27491817597605,-22.341223550218736,-29.192448870582425,-23.68581728907278,-21.889705528311396,-21.09980835792525,-21.066259102698993
-20.558725683986914,-20.695716641826703,-20.55302244488505,-22.5746287955109,-30.261693583061923,-20.593793128944228,-22.450934431416783,-44.801784254130936,-59.74793997005348,-20.97729352703432,-20.61049353368178,-20.72869672703066,-20.74316138851496,-20.968123989272538,-31.12044927714953,-20.789166192413823,-20.672150699455678,-20.551225908815407,-21.56725090392057,-23.958093152251422,-29.48352660359569,-59.732750404023726,-233.96570319178556,-94.68514219101137,-21.928794902804217,-29.363097577283014,-23.473419717260974,-21.43323718200027,-20.5990329223203,-20.554860810973043
-20.24192210640296,-20.374886468153548,-20.23777688198676,-22.174917938751854,-30.045607287614786,-20.283215712939715,-22.13195777419611,-44.82193552068827,-61.29698676581801,-20.69737939354305,-20.290847277512036,-20.422148508116294,-20.42543076553184,-20.67949022965447,-31.32072337736116,-20.467113463788618,-20.34799052036877,-20.229651822485,-21.284060393497874,-23.746684268071927,-29.103168685441734,-62.02756636127295,-234.29034677292728,-97.7533381194767,-21.67672040719409,-29.161185073664157,-23.15427951080971,-21.156653792434778,-20.28612616338233,-20.240232482188205
-20.796561387727476,-20.930366107232274,-20.79367022289429,-22.77504391136094,-30.35551078165137,-20.832439578166348,-22.64482822873678,-44.805401373834314,-59.17256380963835,-21.20575783075432,-20.84535105100385,-20.961570600769225,-20.973340019550985,-21.188233759015745,-31.12066613656672,-21.012992863004374,-20.90511954880328,-20.78932547449073,-21.779378711900605,-24.116062689263046,-29.55621673327817,-59.09299464184157,-231.3028842992725,-93.65841636768539,-22.12652579219828,-29.403378981938964,-23.64700811192656,-21.648229962800983,-20.836632348751436,-20.79523023596946
-20.650971248137104,-20.792990972652472,-20.643013896152375,-22.757287536645308,-30.490502057212396,-20.681350351439317,-22.575996145723153,-45.02020265160893,-59.0756424929312,-21.050652728951178,-20.707439521694816,-20.815838173035612,-20.840129627906055,-21.04956515702555,-30.98678257547888,-20.892086295018597,-20.772517077877136,-20.646761583955524,-21.649910228741348,-24.046928177430026,-29.730556266045994,-58.58023660763374,-236.96539958939724,-93.41664247815305,-21.99555511414839,-29.47812430515457,-23.60588021842294,-21.509259063282034,-20.688839053251584,-20.64455493916394
-21.041370618229212,-21.169303240707517,-21.04319739759904,-22.94183336311352,-30.406093221562735,-21.080357597651233,-22.824934869775845,-44.80231808583686,-58.780493937340964,-21.447374479013934,-21.08472460317586,-21.20221693086662,-21.206545135762777,-21.41495751204045,-31.173083832661337,-21.23528159884779,-21.140561319434163,-21.033091066085397,-21.996841946557918,-24.270860136167435,-29.5475348854633,-58.81186425034227,-227.44899637090705,-93.05782720909953,-22.331906275462025,-29.404152259677694,-23.79900165051608,-21.871783037470415,-21.08228581278153,-21.044519467427108
-20.72421017274416,-20.853756798061095,-20.72386269418273,-22.631695295168,-30.239086852494413,-20.76437182795554,-22.546003136804984,-44.77092344268557,-59.76076636921739,-21.150056352659103,-20.76934642947976,-20.892814129388004,-20.89616864680029,-21.122894197530865,-31.228216366891765,-20.929510387796242,-20.82545117045847,-20.714158244037264,-21.71322862596906,-24.05685768818133,-29.355029591012215,-60.08601219224443,-229.73237762175097,-94.89647888426481,-22.07128394484334,-29.29794867995053,-23.538127055634536,-21.587759865515576,-20.76653014702059,-20.7256497963408
-21.05500169724191,-21.17609609336601,-21.061926498430022,-22.858068789041134,-30.345706188821495,-21.099941336796306,-22.787769239294768,-44.86995406071503,-59.24727420846973,-21.477421559908176,-21.092655310059552,-21.21737666054227,-21.209860561661678,-21.426835080756987,-31.29232772279271,-21.226504674680317,-21.142682814113883,-21.04332167715695,-22.00500609216674,-24.26934974014212,-29.336373187359904,-59.72428439573335,-225.06084248366753,-94.24375251510646,-22.34437844372633,-29.286102819876653,-23.738166663243703,-21.888438274604013,-21.098769937320014,-21.06336868229768
-21.0707756135467,-21.19634883749666,-21.074368945605702,-22.93748736577248,-30.3892405652024,-21.111597594050608,-22.83421932898864,-44.80696038815037,-58.85431715773759,-21.480517550595025,-21.11203454748315,-21.231626651344715,-21.23213199386864,-21.442084006857584,-31.209278540867782,-21.256690066550757,-21.166030521558753,-21.06152168839175,-22.02204637292023,-24.285434524069537,-29.492373635825384,-59.01098006099338,-226.3431483083757,-93.27996911309731,-22.357098283500587,-29.375188091439632,-23.79966667580953,-21.899774747877302,-21.112494802058364,-21.075696503851944
-19.87571828619159,-20.02465037691358,-19.861070979982554,-22.051812576458865,-30.09517827650617,-19.906471274571263,-21.9188224774099,-44.97633460799902,-61.23666357263596,-20.314013277909694,-19.93838115343706,-20.058248106057487,-20.084852252078623,-20.332207579251865,-31.06712342443477,-20.151571523824316,-20.007533727120048,-19.868977544396845,-20.95853527140814,-23.515700069475297,-29.395249405249082,-61.16548586716064,-244.0281316566253,-97.360925973448,-21.355125750227565,-29.31339493570967,-23.008822240969856,-20.812512195039233,-19.915788841583048,-19.86354758497521
-20.696286984210754,-20.828740889007612,-20.69388686811412,-22.647138776331005,-30.262213662857313,-20.734125019080405,-22.542202190652844,-44.7687245046448,-59.62457868256277,-21.1164658419821,-20.743935350903264,-20.86454523375029,-20.872699396605302,-21.09651023991895,-31.17673552726007,-20.910930996356097,-20.802386848069265,-20.687531147022217,-21.689267310990225,-24.042361178190358,-29.43210259776496,-59.77224115560262,-231.0727357483786,-94.54658219534561,-22.046151331333476,-29.339031530611642,-23.544933286221795,-21.560280219233803,-20.73755734043351,-20.69564121512138
-20.42112848225731,-20.55199761295596,-20.418948749544814,-22.332291188851105,-30.107447354632377,-20.46271590055814,-22.27956309682611,-44.8026407881032,-60.78435716056238,-20.867727592859318,-20.46797549420565,-20.597291694679146,-20.59919019669756,-20.84434583184867,-31.30044444255052,-20.63643455290917,-20.524001801757933,-20.40924764597991,-21.443000047052656,-23.860719587177535,-29.167844956267395,-61.42362823054428,-232.25900198258236,-96.83565122945498,-21.82359876925274,-29.194971816807776,-23.287641358831188,-21.317385136236815,-20.464976852009354,-20.42118077741207
-20.377187048091937,-20.510925848270563,-20.372906408455723,-22.329661532657738,-30.106292102093853,-20.416582572775205,-22.260270928218485,-44.77741912187311,-60.692880703166885,-20.818988160602878,-20.42639456526485,-20.553480007899417,-20.559889711405674,-20.803100195658043,-31.252459207137584,-20.602078319269182,-20.48482880045065,-20.36647387245061,-21.40470980892236,-23.83124352632638,-29.231917519843776,-61.17135040862668,-233.50694121229714,-96.55812376328187,-21.78546133201749,-29.23184109968038,-23.28039459665902,-21.275615097622758,-20.42007687474121,-20.37512507491575
-21.14929382356761,-21.27291548286893,-21.1545780673484,-22.991707015245943,-30.412749638966147,-21.191206009441746,-22.891950703202006,-44.82815790309202,-58.73102695886971,-21.558055886269482,-21.18877918479794,-21.308680788563557,-21.306665424116,-21.51424455054303,-31.224753497099368,-21.32734343734559,-21.241419237022377,-21.13968755571106,-22.091456819531874,-24.335364641091594,-29.490370697315246,-58.91974830779021,-225.23642913572598,-93.11476354139188,-22.422101856280015,-29.37493735386724,-23.847990550875007,-21.971193346837943,-21.191333223306938,-21.15581904446839
-20.422104261684755,-20.552770224158195,-20.420071044831285,-22.330303600044836,-30.107101463364852,-20.463866720281125,-22.279016335588224,-44.805905821134274,-60.799130877526494,-20.86922209787111,-20.46879316616166,-20.598309293920295,-20.59986230974637,-20.845292447399466,-31.304522357689905,-20.6367607564414,-20.52463645063092,-20.410123081657634,-21.443795101988655,-23.861534709214666,-29.161777054744505,-61.452553953340995,-232.1939781035066,-96.87233502754674,-21.82453333457022,-29.19142974859364,-23.28629743173353,-21.3184390983595,-20.466036585339577,-20.42230719736029
-20.563840748344273,-20.68557864761677,-20.568929416296978,-22.356873099883178,-30.1780346200796,-20.61244176519749,-22.347991628001406,-45.01829415374104,-61.04852021883669,-21.025222640073967,-20.603796318446786,-20.73850898854268,-20.72638276466959,-20.97556195063759,-31.43507732629485,-20.74679188390856,-20.65185457991944,-20.5483666264907,-21.56541938108261,-23.96646215774806,-28.98247726039722,-62.148518549832296,-229.32109152191734,-97.80276000176707,-21.94181550815183,-29.0754536346179,-23.314681854596593,-21.451064519174544,-20.610804534619486,-20.571159292271176
-21.282490091191033,-21.411832862199088,-21.28430811842752,-23.219189452394954,-30.623383531438648,-21.318399009085162,-23.059260564009797,-44.925526929093046,-57.91191882631125,-21.668056111495233,-21.327154305239826,-21.436443615807086,-21.44610543433382,-21.636990818917294,-31.093762938447654,-21.47543548187336,-21.38461939658119,-21.276903798652082,-22.214275343580688,-24.4514638549595,-29.786196832329903,-57.554735521278396,-227.47713287258583,-91.37012148698048,-22.5289559426465,-29.530345275213936,-24.026176129657763,-22.08612082029328,-21.321340744901104,-21.285209186096502
-20.974535496678765,-21.102295578421284,-20.976251697480627,-22.868670230257184,-30.360443706278907,-21.01421140354625,-22.76213220960765,-44.78967886288922,-59.01975475680613,-21.38593230051452,-21.01780066802264,-21.137188362878394,-21.140415593843006,-21.353418433640723,-31.19319261427424,-21.169279880643177,-21.073283821180777,-20.965617377332467,-21.9367628702615,-24.22385302272626,-29.48943646902093,-59.14764292602914,-227.6778809469535,-93.52423371684867,-22.277176344308693,-29.37241926237912,-23.738435101480608,-21.812266766011142,-21.015955487992652,-20.97768455613758
-20.77355114005831,-20.895088283703668,-20.779337182575894,-22.571325062173745,-30.23574298917027,-20.82048309812573,-22.535424518983845,-44.92820315668062,-60.24649882705103,-21.217547360326527,-20.8124630149806,-20.94294608527394,-20.932941587682315,-21.1680175531514,-31.36699393302991,-20.9518985127566,-20.86149776831866,-20.759744374220155,-21.75287710321921,-24.091368792582813,-29.134331471230198,-61.069157495164845,-227.3291689953156,-96.20882218299641,-22.113292062647027,-29.166643624970234,-23.495864127000555,-21.637415387046723,-20.81908125040401,-20.781228678875124
-21.44350137348393,-21.5565030950344,-21.45818946722104,-23.15884821768564,-30.51209984496535,-21.492460100750456,-23.087723383455454,-45.05353636524359,-58.486826066574395,-21.855915779476167,-21.47394895899666,-21.59734707402229,-21.58022359550384,-21.781184194024352,-31.3234630910559,-21.579330204875387,-21.51859818334554,-21.431033704417313,-22.347772240590718,-24.519287667195485,-29.39437433392036,-58.96252380313625,-220.81416019060072,-93.15761391530555,-22.660920601369025,-29.3183903551702,-23.996231465657875,-22.238971494980994,-21.488212467119574,-21.459106338395276
-21.384566257757953,-21.502548527222515,-21.394968310142083,-23.16025009377808,-30.497232295695937,-21.429585941618942,-23.067434797646428,-44.92468148502864,-58.34147073008297,-21.78953788159222,-21.418965377367446,-21.5392508035134,-21.530038205208907,-21.729544795182825,-31.26342706627021,-21.53904668185039,-21.467725574705085,-21.374062590265098,-22.299151659784446,-24.485529575207394,-29.497491735971128,-58.595425803162136,-222.24476475745234,-92.59942562413045,-22.615422858958727,-29.380858608654872,-23.99596655868342,-22.18454491432975,-21.427495893403115,-21.395920745049903
-21.217939293978024,-21.33870041467564,-21.225621289774207,-23.023613955388726,-30.425410276631723,-21.26183576196353,-22.9343024715523,-44.868243689179096,-58.705741034802955,-21.628658099011613,-21.254935018035248,-21.376270267025685,-21.37003088482796,-21.576883477845527,-31.256914306030964,-21.385154191621137,-21.305391652461413,-21.207445875087924,-22.15125385320927,-24.377135825224972,-29.45292881179669,-58.994846470917594,-223.95287041132258,-93.18840323930358,-22.47858878992739,-29.35422034070084,-23.878137183857433,-22.03417070357477,-21.260761056808086,-21.226803641760036
-20.231473018668424,-20.3685735239727,-20.22455932501978,-22.22873663846183,-30.070423283468028,-20.26915356106214,-22.152469272072075,-44.78597462145761,-60.946924117616135,-20.675329160407895,-20.28368686511722,-20.41031273875374,-20.42079649159896,-20.667913514772962,-31.227638641829724,-20.46908721884973,-20.3445134722765,-20.221350300504092,-21.275586452802948,-23.73708524860536,-29.238105939030184,-61.360883115307814,-235.78875164934234,-96.9501820506986,-21.663576688418413,-29.23655404950017,-23.190070744684185,-21.142879387869097,-20.273924206864198,-20.226902360431094
-20.946252349034342,-21.078057391783602,-20.94517524834608,-22.90166792281149,-30.41808179517308,-20.982655457781217,-22.76721416331546,-44.818498233275335,-58.81758546423025,-21.349577571266533,-20.993169586886154,-21.1081204357542,-21.11816486969829,-21.326657268326407,-31.122268431262146,-21.15373345040511,-21.051765483919468,-20.939194940598586,-21.912988707985967,-24.21596829599193,-29.604130255424103,-58.69563338561349,-229.70379953013475,-93.02832541085284,-22.250968354862906,-29.430656439996,-23.756779780159178,-21.783592389691908,-20.986185208694753,-20.946553255457708
-20.250869754095465,-20.387065519925475,-20.244591780502383,-22.234732354714016,-30.069940124891573,-20.289180921536357,-22.163405242058193,-44.78487406993785,-60.9555712399954,-20.695810688901467,-20.30230955516419,-20.429575409574966,-20.438705751934247,-20.6861878421178,-31.24183199397547,-20.485493979833592,-20.362421233073704,-20.240421416569554,-21.292722817959724,-23.749585731817632,-29.2211597583131,-61.41528923421442,-235.2971412959193,-96.99029620432104,-21.68043250035608,-29.22726681920802,-23.19712165875583,-21.161081779863714,-20.29357620986249,-20.246933301673852
-20.250869754095465,-20.387065519925475,-20.244591780502383,-22.234732354714016,-30.069940124891573,-20.289180921536357,-22.163405242058193,-44.78487406993785,-60.9555712399954,-20.695810688901467,-20.30230955516419,-20.429575409574966,-20.438705751934247,-20.6861878421178,-31.24183199397547,-20.485493979833592,-20.362421233073704,-20.240421416569554,-21.292722817959724,-23.749585731817632,-29.2211597583131,-61.41528923421442,-235.2971412959193,-96.99029620432104,-21.68043250035608,-29.22726681920802,-23.19712165875583,-21.161081779863714,-20.29357620986249,-20.246933301673852
-20.052778465596166,-20.193687871026455,-20.042967849988745,-22.101583060933883,-30.029901581163315,-20.088677056391276,-22.01840073381208,-44.81789716111756,-61.28683548499427,-20.49996996057287,-20.10842306354889,-20.234753725922562,-20.249640519854132,-20.501766715459443,-31.20286487024675,-20.304658538084247,-20.171886280243765,-20.043223908605963,-21.11696683564159,-23.621842381111936,-29.238154028659572,-61.6386795109013,-238.60951154021728,-97.51264284651054,-21.513742871845412,-29.238022669068993,-23.0763508024822,-20.98020450929473,-20.09485242753892,-20.045461693922316
-20.07609062478207,-20.22454525827666,-20.06254964721821,-22.25706905118668,-30.230473239209296,-20.10572002728451,-22.098278010637422,-45.02056182502609,-60.54729781336701,-20.50070202746003,-20.138282250568263,-20.25323847112604,-20.281543806419982,-20.51611104755301,-31.00833085921168,-20.346042650057505,-20.20720947640376,-20.07067013748978,-21.13643731271575,-23.655735816008676,-29.526019506636427,-60.25970572958562,-242.9615734102194,-96.10974076410679,-21.517115102885466,-29.373299179468507,-23.17569739778835,-20.99030008166352,-20.115091114447505,-20.064743524155425
-20.104595552000173,-20.25178146499274,-20.09174250897475,-22.265232107606714,-30.210763569571874,-20.134970038397366,-22.114407155827326,-44.97657200179462,-60.54514468702461,-20.530334252530555,-20.16564996010428,-20.28168870205992,-20.30819459099122,-20.54352398268575,-31.029269568488623,-20.37099278474922,-20.233803184121438,-20.09875508244833,-21.162077708152175,-23.671051862546037,-29.501907481432283,-60.32008848992545,-241.98056328324344,-96.09843830602814,-21.542909615808718,-29.363418943710265,-23.18723581211698,-21.01737112479543,-20.143872947963242,-20.093938336527597
-20.044501140570024,-20.18802855606431,-20.033198900554204,-22.13742411568181,-30.071962740604004,-20.078251031816297,-22.03088471170672,-44.8525386368068,-61.07640680841728,-20.48471614553054,-20.102370419754266,-20.225343572573745,-20.24474704205829,-20.491992948316604,-31.14039590075884,-20.30343133764289,-20.167901921372856,-20.036280893279287,-21.10939322502225,-23.619093269789545,-29.325803983556824,-61.22281508991942,-239.9785876570975,-97.08315756062322,-21.50224750538623,-29.28178318362807,-23.097257980547706,-20.969386098515145,-20.085554423760467,-20.035614243204456
-21.200871384969037,-21.321244490647732,-21.20880277718504,-23.000520328241446,-30.413816636490075,-21.24525262683322,-22.91594485893269,-44.874982085548766,-58.79228351749894,-21.613853109359727,-21.23759356630506,-21.359713739178307,-21.352605154258608,-21.561030668447874,-31.267406108669206,-21.36711185883942,-21.28763734232707,-21.190039499069297,-22.135610260996565,-24.365156254530785,-29.427365444291546,-59.12805676293014,-223.94389275789013,-93.37748510738629,-22.46443101718769,-29.339345254028228,-23.858986605490784,-22.019109167735184,-21.24397506911478,-21.210019757632843
-20.646651421029972,-20.771135272496913,-20.64980145354168,-22.478099616663098,-30.185306671124447,-20.692030546006006,-22.440060458249505,-44.88090558304147,-60.48053844255513,-21.092945031292732,-20.688089720273204,-20.818701101342196,-20.812252548661984,-21.051876622816412,-31.35342953140522,-20.837221122082845,-20.739243918803524,-20.633299174756132,-21.641264175102975,-24.00891547725317,-29.13035034386711,-61.274880500966404,-228.9189351418476,-96.52173550947003,-22.009708850463685,-29.167536258667077,-23.41604137786196,-21.52271801048201,-20.69175775435049,-20.651835088358755
-21.172552581960247,-21.292054113665603,-21.18108476765665,-22.95938044420577,-30.39559523962243,-21.21794288497437,-22.88403282023026,-44.894716207916225,-58.954253773753436,-21.589897683122217,-21.208664501436015,-21.33227257650465,-21.323333240393293,-21.534638501758522,-31.288657246100627,-21.33638331080457,-21.25780938619166,-21.16104461535233,-22.10947227775272,-24.345551461132573,-29.378106374847206,-59.38201543398229,-223.89945556360271,-93.74093759435935,-22.440828423114997,-29.310305351153044,-23.824837279797187,-21.994226120925696,-21.216226694305266,-21.182362875065454
-21.452264679194013,-21.566961712842957,-21.46555994685912,-23.188533015291572,-30.517890684600907,-21.49965540650796,-23.106884957990726,-45.00207706484245,-58.34111796531961,-21.859982702403098,-21.483930960946623,-21.605740627096075,-21.59159553115316,-21.79032388996963,-31.297647914642802,-21.593948232260114,-21.53012707628276,-21.44069851916932,-22.357302063972984,-24.52643933714546,-29.45127343890075,-58.70764093101279,-221.07039914027706,-92.76914331635314,-22.669585051553813,-29.353475171216914,-24.02151337099371,-22.246345176249715,-21.496177100878132,-21.466442975138165
-20.670688087599956,-20.810730838788352,-20.663784355228696,-22.744775976905352,-30.43567993826576,-20.70243951264387,-22.578301694632994,-44.94006776831769,-59.14371833284566,-21.073592171405735,-20.725285852419912,-20.836078196693137,-20.857221702480413,-21.069116021924085,-31.023461914643754,-20.906543128151167,-20.789184838659448,-20.665643271718352,-21.667544277832956,-24.051001848036137,-29.67646001400457,-58.765471795694516,-235.50879418188958,-93.53884056958158,-22.015074817981226,-29.455525747857706,-23.602752591924386,-21.52924849997858,-20.70914292202931,-20.665356823119218
-20.79847821760132,-20.91546685904094,-20.80801323950375,-22.541805870445344,-30.27523514366678,-20.849271156328093,-22.529705909110497,-45.09968646714413,-60.53173344373527,-21.253060339024987,-20.834358561229156,-20.967809309845165,-20.950430581789796,-21.189519356349845,-31.438461829805984,-20.96077376448969,-20.879197249919674,-20.78258211714497,-21.77160000169384,-24.116872311745443,-29.016194197721,-61.61560725685783,-226.63504312160757,-97.0467013771835,-22.131692757324068,-29.088113810449542,-23.470220989562563,-21.661997750849746,-20.8458898755149,-20.809949323336507
-20.13570031704758,-20.259518654765277,-20.13814567163106,-21.94084880226135,-30.094964735657697,-20.186393003167865,-21.978572689815277,-45.220947440534026,-62.650654936301024,-20.629994246477366,-20.17919892589096,-20.321028330498628,-20.30719810604648,-20.58409297467012,-31.568965233325134,-20.33357252781169,-20.226660170404156,-20.117621653175174,-21.18522234505272,-23.723050658970543,-28.729458579829387,-64.23144014980659,-234.2148005192893,-100.90073305255223,-21.594372771366217,-28.925673969500856,-22.964155281398842,-21.071228201370168,-20.184984158375528,-20.14103390918291
-20.171623707238027,-20.297830705992773,-20.172281113164413,-22.007283673559204,-30.063126079989893,-20.21977742223134,-22.02453218031917,-45.07682289097046,-62.25503044972639,-20.65473931978869,-20.21626254255194,-20.355608421655344,-20.34624572611942,-20.616769104831455,-31.501590605075933,-20.376691972159602,-20.266387193107125,-20.15511672601007,-21.21863471460171,-23.728648988727457,-28.82972576832234,-63.60806376307629,-233.8585747961434,-99.96415805356027,-21.62337403079929,-28.992534291010763,-23.020511454284318,-21.100899167813957,-20.21949422800235,-20.17504539626021
-21.498438642215152,-21.620325768078054,-21.506217761064587,-23.33402695434826,-30.61932726801547,-21.539099628094707,-23.201124915127558,-44.92011991446016,-57.715442193788704,-21.886005722388482,-21.536056948354613,-21.649343307144072,-21.648268387488677,-21.835960530341797,-31.179185234090752,-21.663716407994606,-21.588490619310765,-21.490850419634523,-22.40481189918862,-24.5764350909598,-29.711981018831,-57.58552978484781,-223.13431540063823,-91.2031055634954,-22.710295883275087,-29.501495383526304,-24.13802276199044,-22.28468650312436,-21.538978358721234,-21.506918698978513
-20.193053622521546,-20.334658826497375,-20.183352375130173,-22.262930435335882,-30.12320252624123,-20.22719184668699,-22.1517085654204,-44.828535328158026,-60.687134395975974,-20.627029218117958,-20.24913368213931,-20.37076963390313,-20.38872529941592,-20.629602961412793,-31.133487684601754,-20.44376965612606,-20.313514180282585,-20.18502127794138,-21.241533372560212,-23.71641647508103,-29.368608610827955,-60.78974620407729,-238.16375428120648,-96.3788038851347,-21.625426763004157,-29.303056889423225,-23.205168583021354,-21.103328447760337,-20.23389098800474,-20.18560642857205
-20.333191102285273,-20.474358240679123,-20.324271026450102,-22.404784846808127,-30.205947537316625,-20.366576094065945,-22.276610449029135,-44.84318631757177,-60.21221988069037,-20.75764165552508,-20.388800658227215,-20.507256134275032,-20.526227680625748,-20.758386501053245,-31.09645399832042,-20.57966991887686,-20.453116218662476,-20.326056972068088,-21.36626683188837,-23.812245822807654,-29.458917546646106,-60.16573796524407,-237.2746201027486,-95.5005107686429,-21.7393572861117,-29.34772085673169,-23.32182544572008,-21.22804082644781,-20.373292636637647,-20.326325074191118
-20.368164125193918,-20.507638051746557,-20.36031116977147,-22.413369614032817,-30.18945389639007,-20.402669725465568,-22.295445695647825,-44.81176999913936,-60.22569759712698,-20.79450217083556,-20.422249801018232,-20.54213132941943,-20.558576375766425,-20.79168330896641,-31.124250423063152,-20.609445084616006,-20.48538123790443,-20.36042587773082,-21.397433906410345,-23.832006539776383,-29.42543923431949,-60.2659298896097,-236.1588020765876,-95.54383604170451,-21.770515576965302,-29.33215180884089,-23.33421323404686,-21.261157902223424,-20.408707949493213,-20.3623664250964
-19.643039223393394,-19.79374196941011,-19.626604937657262,-21.83445597386269,-29.98810013826003,-19.674232800496398,-21.72059397909744,-44.99876113966918,-61.972150131888746,-20.094610008015206,-19.707381280969823,-19.831172156774354,-19.857780547702255,-20.117669531366946,-31.113328724923146,-19.928422484170884,-19.777503902598585,-19.635364318974556,-20.752131683566798,-23.360726863682178,-29.28856734602038,-62.0662023100102,-246.25729629874496,-98.70500236567165,-21.16499949569957,-29.26486189657006,-22.828062394812463,-20.60472661457008,-19.683959755589434,-19.62936518106788
-19.530659552194333,-19.683760113575484,-19.512694438651668,-21.75727159486794,-29.978260656253862,-19.560879215251507,-21.63695209269527,-45.064028070659376,-62.19152499143947,-19.98432443770131,-19.597115906490984,-19.720561723071732,-19.749801215058948,-20.012181549828604,-31.09583926013668,-19.824074599086497,-19.668774391127105,-19.523338743757986,-20.651948831759213,-23.289458134021366,-29.294239648892713,-62.2353805035494,-248.3398101477545,-99.11321865391074,-21.06938466403365,-29.268005202758502,-22.757047421978648,-20.50199185773169,-19.571420133735394,-19.51553055126475
-21.940909240229544,-22.048707643289656,-21.961704478562616,-23.61172079630611,-30.7608350520748,-21.990535759955183,-23.508790498727194,-45.2351764006497,-57.20600732845233,-22.32798929092787,-21.96595079898745,-22.082974933650018,-22.06206550772798,-22.236420455338227,-31.29800209699384,-22.04781587350853,-22.008524928259536,-21.930144823884454,-22.791953705915645,-24.845696661642318,-29.6412825802722,-57.352398319300995,-217.0450322576437,-90.8756436077571,-23.069251108008487,-29.470741106538014,-24.384479062617736,-22.686152041415017,-21.98463502499947,-21.961803368141577
-20.559067442199918,-20.68617250609658,-20.559999789672233,-22.422646028905092,-30.15237911664758,-20.602843385816723,-22.378450663055336,-44.83963651285944,-60.58822615228068,-21.00515019532866,-20.602689742598212,-20.73274034163502,-20.7297707491351,-20.971486815177773,-31.331211939907305,-20.759838855724606,-20.655869574874625,-20.546350563374684,-21.564456416723793,-23.95107381738197,-29.14812054366695,-61.31621275312456,-230.192362390784,-96.60973006694708,-21.937746787650177,-29.180517163605778,-23.367497038605,-21.442990833602366,-20.60361820533773,-20.56211154073486
-20.79501599034619,-20.918678808814906,-20.799201067345308,-22.62162578049383,-30.239831507204073,-20.83984772360481,-22.56890102713789,-44.857299454615415,-59.987910959706156,-21.231343817743472,-20.835364274701426,-20.96344918794605,-20.9573536345957,-21.188108571782376,-31.321159564832975,-20.980070157239634,-20.886496856013963,-20.782483396607024,-21.773538718899495,-24.102108638053547,-29.217236855154564,-60.63693439133056,-227.5420179679228,-95.58601952859794,-22.13111228433953,-29.217633593759768,-23.537165937668465,-21.655190504636323,-20.83943873458813,-20.8010133522994
-21.387131400364165,-21.508396577445623,-21.3949817436389,-23.207917661449738,-30.531570746387143,-21.4292190439962,-23.093482752057934,-44.88469344392539,-58.10907950548636,-21.78409479464679,-21.424276927088908,-21.54105280262247,-21.537615191622216,-21.733080919256302,-31.211115856295805,-21.552657535214298,-21.475830111301747,-21.378300769594563,-22.303991405922588,-24.49483105101994,-29.602716711232695,-58.15423620182271,-223.28193267611292,-91.99397251638423,-22.61832565583497,-29.440284296517177,-24.032893580286373,-22.18530556569029,-21.428636078809802,-21.395877691129385
-19.828765482237184,-19.96418576336681,-19.821847942187894,-21.776210225932672,-29.92442362706042,-19.871692069572163,-21.77664494762948,-44.96618985161925,-62.785468528695034,-20.313312106358048,-19.880824973455937,-20.019362331044224,-20.021416975015917,-20.300988196542065,-31.440954797791584,-20.069278204919854,-19.93819823097646,-19.814268743184336,-20.91802925895502,-23.49643335725428,-28.87838641222622,-63.933083108739766,-238.72122634740614,-100.55682447091348,-21.3419302266921,-29.041136293253004,-22.82260295488961,-20.789681644072168,-19.874978620973913,-19.82488666355223
-21.181409434658427,-21.3007799459328,-21.190072485316716,-22.966877105534838,-30.399384948922545,-21.22684382201284,-22.891216852819674,-44.89706149341215,-58.93314089221684,-21.598400446296058,-21.217396726579253,-21.340930876697954,-21.331864494169054,-21.542754507573964,-31.288591210675605,-21.34462134347508,-21.266465692879414,-21.169909177418244,-22.117336538838224,-24.35129382400443,-29.380952523552637,-59.357853832189605,-223.81089647044078,-93.70554346584757,-22.44809137565311,-29.311964412712182,-23.831261505260734,-22.002202723669665,-21.225081502886578,-21.191338247696624
-20.742642083810303,-20.869187396859967,-20.74450500846879,-22.606950969416715,-30.225351710486123,-20.785329012933747,-22.54120603077784,-44.80535408492791,-59.942167722776006,-21.175253240434476,-20.785323327953343,-20.911700886910687,-20.90999869451714,-21.14011851605054,-31.282333110242263,-20.938111903871125,-20.838848629024685,-20.73117050659135,-21.72831937694201,-24.06753828501675,-29.26987228713805,-60.45966760344925,-228.64432763721976,-95.36500158054022,-22.08778669447418,-29.24966694396965,-23.52204894181271,-21.60656584286151,-20.7861479520728,-20.74633646776768
-20.843295993936124,-20.96847501746713,-20.84646875311816,-22.693011792620435,-30.264569893768904,-20.886353279769445,-22.623248554310315,-44.81401926553101,-59.68552044393867,-21.27160019616296,-20.884661106935376,-21.01012510359602,-21.007242516372045,-21.232645124173818,-31.278211442291706,-21.032407867796106,-20.937401774122208,-20.831952053617787,-21.817715235760893,-24.132627880798303,-29.302836533789634,-60.164854016633875,-227.56161153168546,-94.91997674378683,-22.170520121558386,-29.267950932258298,-23.595643079806827,-21.697157917805246,-20.886710372626908,-20.848170209913192
-21.079676215489776,-21.205289401448344,-21.08327025415806,-22.947443406247874,-30.395170203037004,-21.120390767911996,-22.842695407844488,-44.80794192995663,-58.82113667282367,-21.488652484717186,-21.120958018007318,-21.240284905349814,-21.24096546889889,-21.450285956849676,-31.206347302464582,-21.265539195454533,-21.1750191549653,-21.070516379491554,-22.03006477294224,-24.291659051258293,-29.500663697743242,-58.96378490414459,-226.3145703917954,-93.21406011943917,-22.364400077465476,-29.379802811952814,-23.807924328685235,-21.907695646358288,-21.12132029219893,-21.08458263367977
-20.398358359720998,-20.528027097241747,-20.396974689639116,-22.29076918316982,-30.096253064488593,-20.441237154685364,-22.250572595080822,-44.83393072749958,-60.984306860604,-20.850449313333982,-20.444367113163572,-20.575509844927556,-20.575008523826188,-20.823751356398247,-31.334864145871464,-20.610344679129437,-20.4991661845625,-20.385643761370716,-21.422229168925817,-23.848166341180196,-29.1106212351187,-61.747081822214554,-232.12860954170543,-97.2750044247528,-21.8058822331172,-29.161784710632254,-23.254835425007165,-21.29830621281933,-20.44291160689588,-20.39927629766802
-20.523221080287207,-20.655131458363677,-20.520619766564437,-22.45566733974008,-30.159827417189245,-20.562985215583574,-22.37989157342879,-44.77004091929322,-60.301185327115675,-20.958439785838014,-20.570662589934948,-20.696300919406397,-20.70133313295277,-20.937710909929997,-31.24247523162764,-20.739731036950175,-20.628056603736912,-20.5127498925871,-21.534444779031748,-23.925811442967337,-29.280680763227334,-60.72004061488819,-231.86032507170782,-95.86162125635983,-21.90573108348668,-29.25756501803513,-23.38793757031394,-21.406974242517972,-20.56589133664887,-20.52266122233023
-20.387851538229086,-20.525556248787545,-20.381097265601557,-22.40480569764358,-30.165856435117917,-20.423690624618533,-22.2997916864306,-44.7861572887666,-60.302953676226174,-20.817511106672324,-20.44037080332064,-20.562138169258493,-20.575714019830023,-20.810876538388396,-31.15842951064961,-20.623916824874776,-20.502178514052567,-20.379340800710555,-21.414877877455815,-23.841729390206343,-29.378008148412096,-60.45569045076482,-235.13830885821386,-95.71654115347073,-21.78917135959001,-29.308866323913804,-23.33242672370335,-21.280720478207147,-20.428983112881024,-20.383178202184858
-21.192616947217292,-21.313153326436684,-21.200395032465693,-22.994108441418106,-30.41050642370481,-21.2369201586346,-22.90953857146867,-44.87203004515679,-58.80868177828499,-21.605819840238357,-21.229487969563788,-21.35163408471732,-21.344716114005763,-21.553472236317006,-31.266708734172624,-21.35957007433216,-21.279639022810287,-21.181799035401127,-22.128305734230473,-24.359827252364056,-29.426025119460686,-59.144492570284584,-224.03771580895216,-93.40221130751426,-22.457657943765234,-29.3385559094855,-23.853435430169547,-22.011648211072934,-21.235704420999493,-21.20162269873706
-20.98162340305617,-21.101827941073548,-20.989038564442325,-22.770051760928474,-30.313217424850343,-21.02797373630022,-22.7150453214059,-44.906767827961446,-59.58029050011574,-21.412198980975255,-21.018840050260984,-21.14600738076395,-21.136119157990024,-21.35902299885387,-31.327702521874365,-21.151515808495155,-21.067704542043156,-20.968879382929543,-21.93845724325195,-24.22225630076159,-29.252107387523942,-60.211706160985145,-225.40199200440924,-94.95071556748448,-22.283772212651606,-29.235784209050294,-23.664288438365016,-21.823449628314194,-21.02628900059548,-20.99061658464203
-19.969623268272553,-20.11101079160967,-19.959253843895834,-22.02096299678973,-29.994518687137692,-20.00582768514924,-21.946368704149982,-44.830456106052516,-61.57041684551057,-20.42225505112749,-20.025790949696574,-20.15368396520096,-20.168304225611717,-20.42537072283323,-31.224081976556178,-20.224537092533218,-20.089391673967047,-19.959634710602526,-21.043191293625505,-23.568008478256797,-29.192841162007277,-62.00008470936678,-239.37168623620488,-98.03852472150987,-21.44614541398118,-29.215439335551984,-23.00960383343511,-20.906174094559066,-20.012077901180763,-19.96185994944749
-19.969623268272553,-20.11101079160967,-19.959253843895834,-22.02096299678973,-29.994518687137692,-20.00582768514924,-21.946368704149982,-44.830456106052516,-61.57041684551057,-20.42225505112749,-20.025790949696574,-20.15368396520096,-20.168304225611717,-20.42537072283323,-31.224081976556178,-20.224537092533218,-20.089391673967047,-19.959634710602526,-21.043191293625505,-23.568008478256797,-29.192841162007277,-62.00008470936678,-239.37168623620488,-98.03852472150987,-21.44614541398118,-29.215439335551984,-23.00960383343511,-20.906174094559066,-20.012077901180763,-19.96185994944749
-20.41607235349812,-20.552787545190693,-20.41001446743504,-22.418517078304173,-30.16515391669187,-20.45252709713734,-22.318030610226437,-44.77761167508119,-60.283728967978846,-20.846276215281947,-20.46770700529107,-20.590048269199006,-20.602233256108857,-20.8373326430358,-31.171617329580265,-20.648790372776183,-20.52879867792341,-20.407268425199742,-21.439925645246863,-23.8591901029001,-29.36479089012528,-60.47625903811025,-234.50809716477596,-95.6995209355106,-21.81342223642833,-29.302314272739014,-23.3463498595858,-21.306883248852234,-20.45742494614333,-20.41208237102842
-21.07419762946213,-21.20139180087061,-21.07665094785379,-22.965274462952767,-30.415293371121955,-21.11356702470187,-22.84955018622209,-44.80665570827955,-58.72416034593607,-21.479626985578413,-21.116868315040694,-21.2344404409294,-21.237850749436383,-21.4452421277577,-31.178785499121858,-21.265148303380148,-21.172211020864648,-21.06580700795989,-22.025972146398807,-24.291818814398066,-29.548668820497785,-58.76538220825179,-226.98553838861076,-92.97246950367503,-22.35924970609421,-29.405361629376483,-23.81998151577401,-21.90166088137011,-21.1152103573444,-21.077937339439213
-20.7881584908961,-20.912826580313745,-20.791556628775904,-22.628210428384975,-30.238489998030694,-20.832144014148174,-22.569532244948117,-44.83443300486857,-59.92993978531258,-21.222274514828943,-20.829277401754048,-20.956533835058504,-20.95210181399553,-21.181905469400117,-31.304403891776218,-20.97665743786365,-20.881302432288592,-20.776089300226214,-21.768017134497544,-24.09717768126746,-29.244043283300364,-60.518572104581054,-227.82414400558156,-95.42395797448802,-22.125433662083402,-29.233883526401016,-23.541858727757553,-21.648416159173234,-20.8321807458352,-20.7933580233929
-20.717329254346545,-20.848887061681356,-20.715590211906076,-22.655332145474798,-30.260844599675202,-20.755776009157465,-22.55470154566489,-44.76700943536396,-59.62186226129211,-21.1382887361294,-20.764177939937927,-20.885380702817084,-20.892207959360423,-21.11612066454113,-31.189137448657913,-20.92888230496847,-20.821959427235956,-20.708276130052106,-21.707813398834055,-24.055037967234338,-29.417727669711248,-59.808392872910076,-230.5703696310743,-94.56585403790208,-22.064137009889304,-29.331688691016563,-23.553714776364075,-21.579848192153097,-20.758836944855766,-20.717335672069705
-20.8397739713724,-20.962771475292982,-20.844597426650616,-22.659306489223017,-30.25709265632534,-20.88482105179923,-22.60501318558086,-44.86329414386711,-59.876512945327306,-21.27428775855403,-20.87949130856702,-21.007210463672237,-21.000491811379213,-21.229167497309422,-31.31977390559437,-21.021768585096748,-20.930228120545856,-20.82727251508201,-21.813209323755263,-24.13083168344817,-29.230431121836286,-60.51088715074444,-227.0527145646063,-95.3977937070515,-22.16778172467844,-29.22487995926175,-23.569329179312692,-21.695458470533993,-20.884180684968978,-20.846351451371163
-20.92430000267952,-21.0461994561911,-20.93021594162613,-22.73266572174034,-30.290418782544425,-20.969614832740504,-22.674340467187427,-44.87248911849164,-59.65465422423536,-21.35496318352228,-20.96294219451279,-21.089817221960324,-21.08218782584113,-21.306712458694697,-31.314581340994927,-21.101014793554608,-21.013080791316423,-20.911941033335985,-21.888251592997204,-24.185060530463097,-29.26073837035561,-60.25027596165266,-226.17667009537897,-95.01205223962083,-22.237042394479914,-29.241978111849633,-23.631843420091204,-21.771417057077997,-20.968608210081157,-20.931855224653866
-20.493679827487966,-20.631171305267593,-20.487438566886738,-22.513780085186603,-30.228910049400753,-20.528843614131134,-22.395117323647334,-44.797365276933846,-59.93788784624056,-20.91581213057089,-20.545929920387387,-20.665181807998092,-20.679717256282718,-20.908112462118737,-31.1292207406051,-20.726895707282704,-20.607826420355828,-20.485916378119015,-21.5092364307554,-23.914055871371684,-29.451262599501742,-59.96829319201887,-234.51732996547057,-95.03360113532973,-21.87526717703677,-29.346326040251615,-23.422150422985805,-21.374886451985684,-20.53420489095108,-20.489362385909413
-20.201403232437517,-20.341138836559434,-20.192791084557875,-22.240224378192817,-30.0922614560675,-20.237051185673764,-22.144951645196045,-44.80121691540418,-60.821405783555434,-20.64001136100491,-20.255865651348945,-20.379834482727233,-20.394599960362893,-20.63866093984863,-31.17558484304252,-20.446971835351494,-20.318799126493815,-20.19244566106867,-21.249004635094554,-23.719076839661128,-29.308353793730454,-61.06366442127635,-237.15468367134542,-96.6568891108719,-21.635366966534534,-29.273194671530202,-23.192408804653155,-21.1130975194163,-20.242947113362955,-20.1950948178112
-21.085319114259917,-21.204149260852667,-21.09413073043855,-22.860026264207583,-30.355608837704338,-21.13203004845136,-22.80008822628195,-44.9247590948393,-59.312704420192844,-21.51121355593825,-21.12119267212683,-21.247329953165966,-21.236256807025818,-21.45402819763623,-31.32218762190901,-21.248529925578925,-21.16931392976304,-21.07274597506851,-22.03051770533072,-24.288783024153453,-29.289804279465258,-59.89619422587987,-224.3630413026135,-94.48949922234486,-22.368645854460897,-29.257472002381103,-23.740991950507375,-21.916636255843024,-21.129881234994187,-21.095563039143396
-20.467477002025248,-20.606721696870085,-20.460137054715588,-22.515198053914325,-30.25199564285913,-20.501389321622757,-22.384768259525764,-44.828656522337646,-59.89012091400756,-20.88695102541328,-20.52131089232823,-20.6388359760495,-20.656123876296878,-20.882966465227195,-31.09807624151718,-20.705963654403668,-20.584458773476985,-20.460417334385582,-21.485975979377752,-23.90075426408855,-29.4929489180228,-59.820002738004405,-235.60641184499198,-94.9209700319757,-21.85133441404298,-29.36604065845141,-23.417976688236287,-21.349565681040694,-20.50747465669052,-20.462046835733094
-20.250409545750696,-20.38989392620836,-20.242117210921386,-22.288196191563173,-30.11620820464472,-20.285864014112214,-22.187779599369037,-44.79941105115637,-60.6587543330323,-20.685847531856382,-20.304602808182505,-20.427611504876907,-20.44256898725659,-20.68372790369851,-31.164030250509967,-20.494257040945712,-20.3674665792,-20.241719858931475,-21.29258813795972,-23.75161104441628,-29.336502767372444,-60.85465757672294,-236.7564361543394,-96.3552251379586,-21.675316516121914,-29.287425143787004,-23.232194214289393,-21.15679041246629,-20.291726513413174,-20.244353551936253
-20.084587778997225,-20.219459404874932,-20.078702345649546,-22.037896189778888,-29.994614169971953,-20.125584652388156,-22.003103326018245,-44.846451907076585,-61.750646169904236,-20.547734703079925,-20.135389521018517,-20.26836853838855,-20.272942392410613,-20.534735268452206,-31.339389685834583,-20.318573676041783,-20.193578958981554,-20.072012139889008,-21.144693477618244,-23.647196928625746,-29.05010093427735,-62.55673535987059,-236.15308889580953,-98.5637677214907,-21.54788054447251,-29.134422745970724,-23.038315408775127,-21.015605056417392,-20.12908956508429,-20.08134844544866
-20.170897684433378,-20.30620067456384,-20.164963203309785,-22.135850960147767,-30.0279147991291,-20.210715719278408,-22.084266579211906,-44.80974512397597,-61.356507589536534,-20.62523493556082,-20.221797910193295,-20.35215538227484,-20.35864566054386,-20.613448108027452,-31.293779427635954,-20.404494410329026,-20.280786039024264,-20.159292931975298,-21.221455208253474,-23.69942758353444,-29.129796171176483,-62.00185751826341,-235.5682995868997,-97.78689866314619,-21.616957228075524,-29.178005169553067,-23.117950112972146,-21.091352189958982,-20.214569342963852,-20.167458706833823
-20.570747295632177,-20.70217549492341,-20.56862169573347,-22.498442148849666,-30.178865142812818,-20.61053449119259,-22.419695704474975,-44.76844599823238,-60.165506862406176,-21.00352092936463,-20.61770634303236,-20.7427403160956,-20.747517030796157,-20.981481634936298,-31.23717065921216,-20.784853953278574,-20.67486168501061,-20.560415347278294,-21.576726871537556,-23.956745250369465,-29.300650479254408,-60.55641737982135,-231.37610383505444,-95.61555059798351,-21.944798028243543,-29.26832842305466,-23.424223953013872,-21.449636372032916,-20.613299484474368,-20.570601553592887
-21.325286622052133,-21.43530888851705,-21.342170105286772,-23.003622956082033,-30.47952122052569,-21.37780775391842,-22.96214105793539,-45.194527995302494,-59.10733645021611,-21.754209308544453,-21.35425364344584,-21.48208173125157,-21.458779221793616,-21.670122377568557,-31.391803978401853,-21.452718930977955,-21.39557906520362,-21.31040144142187,-22.238153813513513,-24.44549685638504,-29.217431201404963,-59.90050531840822,-221.3788674858102,-94.59874583735409,-22.559746424859416,-29.205503299454776,-23.86149380395638,-22.13389798617285,-21.372105520577588,-21.34331658897381
-20.939214813078863,-21.05248078911832,-20.95223620026246,-22.64436708822297,-30.346881996761603,-20.992093887180303,-22.634121956487917,-45.203617388643266,-60.29141171947286,-21.391908492083004,-20.972163142851254,-21.105273477016684,-21.083298803585,-21.317026386382963,-31.45322000063417,-21.085780907690737,-21.014283516283918,-20.922668900474147,-21.89434917982676,-24.209303715074398,-29.014724843487073,-61.40963571956935,-225.08789593404143,-96.79786051473405,-22.24432068174907,-29.08087206275797,-23.555253544738736,-21.7886975477254,-20.987293263028572,-20.95399586416455
-20.87748396167528,-21.01029598386396,-20.87551391921581,-22.844876804198925,-30.391068417466307,-20.913569409835134,-22.711652837711398,-44.813046294424545,-58.97351321498308,-21.283283392103133,-20.925342943302184,-21.040759034768943,-21.051755453598805,-21.26304678480542,-31.119615216234394,-21.08934416225937,-20.984542344776987,-20.870389099620628,-21.851623832207313,-24.170342607000926,-29.584962069852715,-58.86485583043059,-230.47863086038117,-93.30226449745518,-22.19370751372462,-29.41943905332506,-23.707244108317443,-21.721316981023815,-20.91744370362398,-20.87697385155477
-20.464666517602424,-20.59779082239149,-20.461065494122156,-22.412588816393896,-30.142716605925408,-20.503853498488986,-22.33543464744043,-44.76923409623165,-60.41494325850991,-20.901140252264018,-20.51320857829789,-20.638849761227846,-20.64528978549936,-20.883568513385363,-31.235704571910393,-20.685988687226008,-20.57144015003243,-20.454354211662086,-21.482548106891034,-23.887974154818,-29.27741343858152,-60.82070668877451,-232.69136511955946,-96.04230509131423,-21.857039537774178,-29.256117274824902,-23.349971539703024,-21.35381641789684,-20.507214419795908,-20.463164643465177
-20.489584065941102,-20.622097891588542,-20.486470076567368,-22.429444664123537,-30.14900115447193,-20.529099672395397,-22.35365643077372,-44.76988260915378,-60.37477721184689,-20.92579311043166,-20.537581001830233,-20.663335118492892,-20.669010196939144,-20.906647282027038,-31.240656336738617,-20.708581598209516,-20.595374049708845,-20.479153908866888,-21.504607389596167,-23.904041513989366,-29.27555029698648,-60.79342163851419,-232.301347190262,-95.98405948733689,-21.877856033266376,-29.25494606660454,-23.365106249932133,-21.376532532503372,-20.53222457006145,-20.48854751922353
-20.280804266278004,-20.420456466017125,-20.27252469511652,-22.323369588529882,-30.13764291640247,-20.315866276703446,-22.216852761809545,-44.80362819201327,-60.530641277010645,-20.713387288873985,-20.335112794256506,-20.45708577390395,-20.47273137892105,-20.711463128318044,-31.14943334478839,-20.524453970197822,-20.39818555345986,-20.272451732414755,-21.31963855224121,-23.772458245378203,-29.36546783052438,-60.67227182597202,-236.67990644574073,-96.11205648361934,-21.69959099960196,-29.301992891586302,-23.26034437228978,-21.18350453363214,-20.321849631603776,-20.274708677859547
-20.806305732517288,-20.940410695610574,-20.80326911306583,-22.79025486348097,-30.369710633162146,-20.841855086436176,-22.65616840998887,-44.81439338242687,-59.11745461578404,-21.214039182407753,-20.85536873809815,-20.97092073285915,-20.983337536270444,-21.197078006469102,-31.11192658550594,-21.023371687531878,-20.91538098045976,-20.7993037798708,-21.788177230900274,-24.12406036443318,-29.5741623975752,-59.003945658470215,-231.431898219537,-93.54915550735474,-22.134131929214504,-29.412373449444047,-23.65871310541049,-21.656608171813616,-20.8461956763671,-20.80480554404105
-20.21314694412677,-20.353626459762598,-20.204148489896635,-22.26524438814435,-30.112657435274034,-20.24806502992583,-22.16138030958803,-44.81105043718371,-60.710722775332016,-20.64870732968442,-20.268234157875145,-20.390882972687304,-20.407115703930803,-20.648874608522814,-31.153459823267205,-20.4604637217677,-20.331790593952878,-20.20468171812891,-21.25944389812733,-23.72801701607351,-29.343663848324447,-60.876955454049984,-237.46247005588913,-96.43732593399423,-21.643600448769295,-29.290901085796747,-23.210556199810483,-21.12255773349316,-20.254305823542914,-20.206409395887075
-20.254669834622064,-20.39400169631138,-20.24648152824122,-22.29017980880797,-30.11596166343441,-20.29021896934581,-22.190502624897533,-44.79773154643034,-60.65623766759002,-20.69020340794388,-20.308727653535318,-20.431829052581346,-20.446572010741722,-20.687736882941042,-31.166149958946775,-20.498013297084285,-20.3714809093596,-20.245933878033195,-21.296375159563638,-23.754255875321334,-29.334323454270017,-60.8586110471443,-236.6572944210749,-96.3530483575199,-21.67900044935899,-29.2863382533644,-23.234253187752994,-21.16075037346556,-20.296021014768478,-20.24871628304768
-20.352838566167797,-20.481131421843862,-20.352346194409023,-22.22360458593766,-30.083778306853414,-20.39738454163864,-22.200187240617325,-44.889496598300795,-61.295463193236124,-20.81301998046736,-20.398015949276083,-20.531585113033277,-20.52810411593086,-20.78228640100166,-31.381796679809533,-20.56130508524953,-20.451265881008464,-20.339002658946455,-21.38104441120452,-23.823638500462074,-29.031203752952507,-62.227039383114004,-232.24182575475555,-97.94882478423958,-21.76960645721867,-29.114748148894865,-23.200367406240822,-21.259212006998478,-20.39835460176542,-20.35475840662937
-20.357452197088783,-20.48765297164358,-20.35557444723216,-22.255539324709982,-30.082326658496676,-20.40021499189371,-22.217239279763515,-44.83675365460492,-61.097131496353626,-20.811433412634603,-20.403978973740564,-20.535521869126523,-20.535432122041406,-20.786148932947718,-31.338559069605807,-20.571887530797774,-20.459078814462632,-20.34467524438961,-21.38598562872337,-23.82220584784639,-29.09740431420542,-61.87749943929681,-232.60304376043663,-97.47347164338373,-21.772373935683973,-29.154922000939365,-23.22493074333452,-21.26158989226011,-20.40206256861083,-20.357926623152608
-21.353941492007884,-21.476520567202854,-21.360691440323798,-23.191829329718374,-30.52839134473125,-21.395133473608805,-23.072662177447064,-44.87160237106129,-58.12778065787212,-21.750197901323716,-21.392275652550737,-21.50836578209026,-21.50686877620933,-21.702771461323344,-31.196498667168523,-21.524462516927517,-21.44478919024218,-21.345500796843172,-22.274984500555373,-24.475353207675308,-29.618539727906345,-58.12956359653586,-223.9208086727876,-91.9787809902285,-22.590900282615884,-29.448165479298794,-24.017488328156414,-22.15486312307485,-21.39510268870766,-21.361618625375982
-21.116818350384683,-21.24505571692609,-21.11870902504929,-23.026264052889527,-30.464157901848907,-21.154942992170845,-22.896889308569108,-44.82584588706571,-58.5090760540326,-21.516586916258923,-21.160405567243625,-21.275577631300415,-21.28133872255159,-21.48443954307595,-31.14943841116424,-21.310087277714747,-21.21669800107355,-21.109314277501003,-22.0647636676403,-24.325340074198756,-29.617155214160817,-58.425656315055335,-227.29994754184304,-92.52860586070973,-22.393655464698192,-29.44170254909948,-23.86859585521809,-21.93892530302304,-21.157128227136983,-21.11990318595987
-21.02541282136272,-21.151743503222743,-21.028310590851362,-22.900911825529292,-30.371687076879255,-21.06593437715506,-22.79817906965516,-44.79863451321265,-58.95277962984781,-21.436636347904983,-21.067381292954657,-21.187206020892262,-21.188512731148975,-21.400317575808266,-31.206842101430894,-21.214645496233707,-21.12185027911307,-21.01617489110151,-21.9817159106297,-24.255817111801296,-29.481791318416054,-59.11517139110515,-226.8589214945296,-93.44367872003782,-22.31957360326188,-29.368918099481995,-23.767860650589483,-21.858739579517813,-21.067106327981794,-21.029694516122973
-20.30429963009104,-20.445839471084216,-20.295065357963573,-22.380362899848915,-30.195250289303743,-20.337606470227374,-22.253041745073702,-44.84604698231371,-60.28544472102407,-20.729933394566576,-20.360253950033492,-20.478967456768185,-20.498226389403545,-20.73160617300499,-31.097181328319294,-20.552380978048745,-20.424791842937488,-20.297128555902965,-21.340520626014438,-23.793115960459303,-29.45029156263407,-60.24713163379171,-237.61485525414952,-95.63310423179573,-21.7153385823841,-29.34323745092688,-23.300741478539017,-21.201951814638218,-20.344440631812347,-20.297151333393934
-19.97674660831846,-20.129175927659574,-19.96113847145945,-22.221013257317857,-30.295191416964695,-20.00422035010472,-22.038479784420307,-45.17865419497041,-60.59860068874726,-20.398804393865696,-20.04248109387073,-20.154288625236994,-20.188005464777923,-20.420734142292293,-30.946226043789565,-20.257647729472147,-20.113679011893836,-19.97253491905553,-21.046977695258924,-23.602077976138315,-29.593970386797466,-60.13104492249089,-246.21336526536896,-96.24919172473922,-21.427741155447727,-29.399260270051762,-23.130402256319176,-20.89642488560587,-20.01499427258636,-19.96333843209775
-19.716136377373466,-19.87106099540649,-19.698313914665576,-21.988122102543944,-30.171573853043796,-19.743653915347377,-21.81984268894132,-45.19203832089741,-61.33206214961865,-20.150782394944038,-19.784054030015195,-19.899525708008287,-19.93419682844754,-20.17917764781498,-30.974547823649413,-20.008771054126168,-19.85682695915123,-19.71118339024826,-20.81495704730309,-23.42458027972857,-29.4940385463104,-60.9869970949937,-248.85827826645684,-97.59236835336576,-21.212341934975047,-29.35393629985913,-22.93320995309879,-20.662282848102425,-19.75509522230258,-19.700805413402055
-18.957649451336124,-19.114168194411373,-18.93585799448535,-21.202576623622573,-29.742875077142344,-18.99000679577422,-21.144777605235383,-45.201842181352035,-64.27392620971051,-19.449702514598066,-19.027672987657876,-19.162452168522517,-19.18954485955004,-19.48693670415343,-31.280226389775052,-19.2721840023317,-19.1008304813054,-18.947402248508553,-20.14706496002024,-22.92271759610529,-29.00644390144365,-64.85554111403894,-253.9875468691963,-102.91531423122954,-20.608445404398314,-29.14632438915043,-22.305721187770637,-19.99474023519027,-19.001108590190135,-18.939428005547928
-19.36384714798697,-19.51939950523195,-19.344136058932463,-21.622980620040753,-29.937253778543607,-19.39350955598016,-21.50442395715442,-45.13291919653871,-62.626768117261236,-19.823862638755713,-19.432496220799827,-19.557065609714147,-19.588264387868108,-19.856922447514968,-31.101322680743372,-19.666586795325973,-19.505664245737133,-19.356468323247935,-20.50378231844026,-23.18188947731898,-29.263455692552,-62.69000601807358,-250.7833999178484,-99.91792729833276,-20.930362389012004,-29.25566580684027,-22.640421315314146,-20.351368441951596,-19.404803302505705,-19.34712490910872
-21.224200449031947,-21.346843024566965,-21.230463095170027,-23.056377848188788,-30.446354696025324,-21.26637441887137,-22.953602004603795,-44.845098972220526,-58.54946060211913,-21.629801475223534,-21.262743763487492,-21.381928755278366,-21.37905644457685,-21.583124684596733,-31.223928464379277,-21.397550849047832,-21.314840321975094,-21.214715223902623,-22.15820155813691,-24.384828921312188,-29.51773931186819,-58.70838651203851,-224.5183064346976,-92.79939196081558,-22.483883992664328,-29.390947659980743,-23.90360852941747,-22.03874073651397,-21.26617000068113,-21.231601223067052
-20.923798784210312,-21.060983399702877,-20.919516671596824,-22.96585098036522,-30.56040203011711,-20.955968704619963,-22.789532115043897,-44.97456238743921,-58.52637224855899,-21.31597389211197,-20.97583622460874,-21.083771916668066,-21.102968041010865,-21.303715558268294,-31.020940329860117,-21.14643023948214,-21.03807072934099,-20.919301436111983,-21.894055118147566,-24.22481756646201,-29.77249468376872,-58.0544900952027,-233.097112641014,-92.41842883464808,-22.22595015003841,-29.50805934437221,-23.79357354409267,-21.7580561355617,-20.961810172941608,-20.920781672859693
-19.56361310784105,-19.711734512458772,-19.54812803347716,-21.70303542322196,-29.892323226976757,-19.597589972157913,-21.62872887485761,-44.94960432619377,-62.55257749031318,-20.02963436542894,-19.625921239417796,-19.75560043802212,-19.776591005114714,-20.04837988820372,-31.220322615047444,-19.84465654636235,-19.693902640004243,-19.55389506428998,-20.682986766930814,-23.306964943375625,-29.135403497960418,-62.98670053845099,-245.3081648899361,-99.78272543217803,-21.108232404028605,-29.192597305289183,-22.732659896482794,-20.53906116005746,-19.60611717848488,-19.551110648160094
-19.75343225609098,-19.89986590098161,-19.73951273955363,-21.87679108894376,-29.961454062559042,-19.7871881514842,-21.788141423229696,-44.903744550343944,-61.94335893411851,-20.208672410711728,-19.814080132957464,-19.94091400789761,-19.961545706846703,-20.223239386024417,-31.181900337304043,-20.026104237472424,-19.881205029526072,-19.74438065658614,-20.851034277265327,-23.42902470918691,-29.214043207261298,-62.24997065026075,-243.20563713270383,-98.66670786889969,-21.26313504373708,-29.22865318296752,-22.87755775719028,-20.708512107723923,-19.795292360505755,-19.742268091468922
-19.681614439221732,-19.836398831984823,-19.663674056927743,-21.948888899848377,-30.138851871715914,-19.709470583056955,-21.78729901865894,-45.17119974190615,-61.46900399467108,-20.119141949998692,-19.749418268185924,-19.866082171461777,-19.900097120148477,-20.147795184641357,-30.99076636056523,-19.974847847583987,-19.822139343195403,-19.67633007692263,-20.78447897224193,-23.39931857209153,-29.464235618516447,-61.17736228563824,-248.8668848057317,-97.83366150309146,-21.185120350612245,-29.34132250167353,-22.902506174343277,-20.632072266659584,-19.720826897169328,-19.666221449125437
-20.122686193713108,-20.275046210832592,-20.107857132102552,-22.37431863951541,-30.426447770360717,-20.14925773451345,-22.171656951341443,-45.26584180169552,-60.11393713181689,-20.53490667174984,-20.18842061328739,-20.296172474865195,-20.331474522692933,-20.554633730840774,-30.90359033361998,-20.399632225068874,-20.259369631777066,-20.11952178201393,-21.17674705650764,-23.710303140867644,-29.69752740277578,-59.48660251848748,-245.88627087816144,-95.39206533266537,-21.545502724062597,-29.444472982890183,-23.254136939099247,-21.025746040357113,-20.160135029977944,-20.109845197871266
-21.85329157791481,-21.962115719817522,-21.872889986484772,-23.533017068991313,-30.714004315384756,-21.902697366861382,-23.435076955422414,-45.19112846988888,-57.41783317412501,-22.244537761283635,-21.879358202835178,-21.997439352032046,-21.977405069033683,-22.156365857881525,-31.299646503358257,-21.9657752960569,-21.92238031431131,-21.842265909817627,-22.713735770848714,-24.787757802866903,-29.599568927082046,-57.616704617966036,-217.66703110369713,-91.24381428717301,-22.997400386680276,-29.44468074778197,-24.316877084617147,-22.607315005935185,-21.89713789120074,-21.873137860886448
-20.80651849081614,-20.937311956106594,-20.805591354431655,-22.737735172513364,-30.30307613155796,-20.84490353325198,-22.6307315742559,-44.773575782365285,-59.36823631837727,-21.22271328741066,-20.85260644058305,-20.972498782340487,-20.979065622054144,-21.198330394743866,-31.179168450977592,-21.013957693682393,-20.9100408457602,-20.79779738640408,-21.78739366990161,-24.114647372616393,-29.460742604487088,-59.495053917384,-229.7856020623081,-94.1015694233334,-22.13760406147497,-29.355167217986214,-23.623566254121855,-21.659951914488172,-20.84776017847128,-20.807216303038746
-20.444114531951335,-20.57610493164481,-20.441219562989897,-22.373395124704057,-30.12325084181851,-20.484490628527652,-22.30844692065591,-44.781445021428866,-60.59393770346006,-20.88552545709632,-20.491782001945616,-20.619274140243064,-20.623445106374877,-20.86510292209846,-31.267739548214635,-20.66242196982674,-20.54892873953166,-20.43302581616265,-21.46388211662745,-23.87460309975107,-29.22311362936128,-61.11523735746544,-232.43215803500559,-96.42479430895139,-21.84138751478336,-29.226193587471613,-23.319800158192123,-21.33670091014311,-20.48730167371608,-20.4433835645673
-20.444114531951335,-20.57610493164481,-20.441219562989897,-22.373395124704057,-30.12325084181851,-20.484490628527652,-22.30844692065591,-44.781445021428866,-60.59393770346006,-20.88552545709632,-20.491782001945616,-20.619274140243064,-20.623445106374877,-20.86510292209846,-31.267739548214635,-20.66242196982674,-20.54892873953166,-20.43302581616265,-21.46388211662745,-23.87460309975107,-29.22311362936128,-61.11523735746544,-232.43215803500559,-96.42479430895139,-21.84138751478336,-29.226193587471613,-23.319800158192123,-21.33670091014311,-20.48730167371608,-20.4433835645673
-20.783174467751735,-20.915565808861793,-20.781120109299252,-22.738169220765215,-30.316356055866287,-20.820363770303057,-22.621514506674433,-44.781541134804606,-59.325416901282,-21.196967395057865,-20.830693364476478,-20.949142267945625,-20.95825192321412,-21.176419784122178,-31.153246656057796,-20.995828357398253,-20.88934221116624,-20.77509575489629,-21.767010441487628,-24.10233976122432,-29.497172681446063,-59.36577752938736,-230.6335842724111,-93.9781285996931,-22.11709950562753,-29.373628274855374,-23.6202362358802,-21.637686410954082,-20.823904533644907,-20.782739667707467
-21.06685258564126,-21.184989244665015,-21.07617188369709,-22.832136243384628,-30.348930529235002,-21.11433641081785,-22.778776625801292,-44.95036265885181,-59.43234192033039,-21.49601983025022,-21.102293772719253,-21.22942186180007,-21.216958057441282,-21.436755481338157,-31.338520681967797,-21.228026806913288,-21.149686863554724,-21.05377711817238,-22.013360655958703,-24.277320268761493,-29.254486280957718,-60.083847038717465,-224.38035858261583,-94.76627412527138,-22.353105174165748,-29.235767037634062,-23.71749420708037,-21.900474002745003,-21.11184949788455,-21.077645945257416
-20.986709691076676,-21.104606280183866,-20.995999985073787,-22.74630984452772,-30.32074504589589,-21.035080793356894,-22.704685831820832,-44.98159915931997,-59.74387966025792,-21.42300027475169,-21.02229376489462,-21.151297343992724,-21.137534049620808,-21.36289608562705,-31.36499215879507,-21.148581441426938,-21.069046075979884,-20.972844667083628,-21.94118624387454,-24.227510110106227,-29.185791513220316,-60.516379082722736,-224.99141850119005,-95.4044560404751,-22.28696830552725,-29.193866718830513,-23.644584589580614,-21.829111439093612,-21.032370471612484,-20.99760981523716
-21.25623900755272,-21.37112780215095,-21.268778898049884,-22.988108198309536,-30.42990402819721,-21.305044877370168,-22.92962146932276,-45.017494451529245,-59.00046567698944,-21.678624963594363,-21.288701052306955,-21.414501055135858,-21.398592341258045,-21.609659300239567,-31.339893692318068,-21.402425391003526,-21.334096222544684,-21.24313087880646,-22.1808375687608,-24.39879698476128,-29.3037468653145,-59.604546851712804,-222.4336140936074,-94.08273941103172,-22.507395112401316,-29.263597665059876,-23.85042869410068,-22.07087888981573,-21.301379323136675,-21.269987186288994
-21.462065010242,-21.570036035219132,-21.481148102720468,-23.12145866705585,-30.540100052309747,-21.51527368858551,-23.073500754079184,-45.24809475619371,-58.76877733552937,-21.88499295842234,-21.48908641180905,-21.61557297380757,-21.590261186103906,-21.79455486866126,-31.385985722547286,-21.579315007608788,-21.52931120221253,-21.447350674933034,-22.359205992264204,-24.53191023529577,-29.266289585428545,-59.497340447251986,-220.12480815619722,-94.04240247162905,-22.67063518012022,-29.234670327291486,-23.96144641387273,-22.25656693750843,-21.508856518030328,-21.482078016852295
-21.32057653223024,-21.436898462430104,-21.332123858262765,-23.07227776319226,-30.457533768167195,-21.367587972968487,-22.99753901468703,-44.96384992769623,-58.673893700336876,-21.73441705677599,-21.353854525560482,-21.47710214975184,-21.464324926093013,-21.66973443636819,-31.30301903415277,-21.470549785776214,-21.4008609582758,-21.30871233395441,-22.24007188819398,-24.44077292958127,-29.39655276068754,-59.10981358131147,-222.23481606399406,-93.34721029659087,-22.561616035365102,-29.32065893097858,-23.922058279961238,-22.127914258543367,-21.36465304736465,-21.333205998857892
-20.874420620909266,-21.010161050566353,-20.870705327139717,-22.88941264452424,-30.468307950208082,-20.90810189985808,-22.7321006266116,-44.88804843405397,-58.77728840817899,-21.273325478855586,-20.925027829983293,-21.036443800642743,-21.052547954881664,-21.259020394621526,-31.06142651707832,-21.094442959280446,-20.98630009946486,-20.868803134324978,-21.849546800126866,-24.18038839930527,-29.6838527481629,-58.463742585399245,-232.21129188761944,-92.89098080675085,-22.187674677095007,-29.466277384759387,-23.735461438074616,-21.715608345502243,-20.91325803588156,-20.872089160130365
-20.569707873803093,-20.71014393866558,-20.562156883486335,-22.64406986052864,-30.36391710901419,-20.601886503080763,-22.488272607839583,-44.903604805910746,-59.44930852752396,-20.9787530014403,-20.62463380024631,-20.737654177852082,-20.758266963634814,-20.97603710489074,-31.042010535243904,-20.808922941974917,-20.688724247458698,-20.564071072394558,-21.577274359318086,-23.97865982517429,-29.61296369727312,-59.163047258060345,-236.0125015324414,-94.09749378014655,-21.93231712701396,-29.42393087893147,-23.519176550267915,-21.438951942747146,-20.608620795785335,-20.563872277154875
-21.87101817575569,-21.985014661105616,-21.88630289512548,-23.616073491164542,-30.767184002364758,-21.915722786781885,-23.48756917209426,-45.09527311133009,-57.056684818661694,-22.249892484350966,-21.901289925390138,-22.0142099633355,-22.00331352814666,-22.176638623072066,-31.231896712815722,-22.001778139318503,-21.94872198973003,-21.862645050896877,-22.735136462798405,-24.815423929032868,-29.766839169906078,-56.95215322327813,-218.9654147346546,-90.24417774916367,-23.01692990981947,-29.54213969145728,-24.38615632448737,-22.62230746743024,-21.912539774965456,-21.8864795189923
-21.38809629035778,-21.512953321052372,-21.393325256255157,-23.26155893904152,-30.59543624831612,-21.427027399822133,-23.121751785372872,-44.895083201805804,-57.86953623429393,-21.77660423662726,-21.428494759027096,-21.54094419317073,-21.543876370284643,-21.734598430047626,-31.15138298679863,-21.565189949269296,-21.482911785264154,-21.381096705279077,-22.307181741362168,-24.50831867634912,-29.7204189299774,-57.682087274571984,-224.81804867346838,-91.40142128005161,-22.618565597399222,-29.502256785881315,-24.07187874444648,-22.18402503627639,-21.42809725168399,-21.394152549279664
-19.557183212317714,-19.700655536580765,-19.544296197064714,-21.61558728439033,-29.846071347255112,-19.595318782238753,-21.588503004956017,-44.95068208854654,-63.08898783295857,-20.03925696067114,-19.615882276499253,-19.751912820802445,-19.764484723296256,-20.047563372802745,-31.356244320889985,-19.82623541662098,-19.67971815197054,-19.544817855639742,-20.6784191303749,-23.31088777842032,-28.960677371582563,-63.954409402413965,-243.4379417147785,-100.87135511161901,-21.11327313754863,-29.10059523838207,-22.67647408796202,-20.540581848057077,-19.601774813721143,-19.5474729797869
-21.076511923366855,-21.208266253658362,-21.07598107893457,-23.039049976459214,-30.518481211354807,-21.111958127334653,-22.88732788253558,-44.87395356559526,-58.39888130058724,-21.47073159715184,-21.123396181694773,-21.234930802094922,-21.246434448532113,-21.446625321844284,-31.09255055895453,-21.280990189903846,-21.182207412939032,-21.070482305721182,-22.0299112073822,-24.310491826088683,-29.70477271721291,-58.12235335613317,-229.3082423539171,-92.24050381565894,-22.357693856122754,-29.48346469076735,-23.870487924790712,-21.899897940863507,-21.11566290591453,-21.077153662986632
-19.67549615743622,-19.817374426052364,-19.663923449267003,-21.71536702426829,-29.878183175665463,-19.7139479930695,-21.683672143947952,-44.91486951550471,-62.74748986638831,-20.15218451808498,-19.73268175791222,-19.867627904920607,-19.879038687690414,-20.156692444726147,-31.342427812533437,-19.937768935420376,-19.795561543821037,-19.66326824261116,-20.782957856651525,-23.38523987001522,-28.990981675952412,-63.57208533915029,-241.85407466400721,-100.26148801904492,-21.21026230343339,-29.113343138194477,-22.760946153145117,-20.646657476458376,-19.7199017025423,-19.666973472539958
-19.918814708536207,-20.058834537713174,-19.909107493644516,-21.944006267001182,-29.957335267861296,-19.956678595079985,-21.89010609674919,-44.84227755403468,-61.913544626073545,-20.38002944764453,-19.97398112518683,-20.104966862695708,-20.11645637015812,-20.38005194060029,-31.280740979713777,-20.171006900606443,-20.03619857250016,-19.90764911657766,-20.998211276330537,-23.536767684006648,-29.105970452895555,-62.5332587295631,-239.18291935238133,-98.71909641083649,-21.40774322269364,-29.1700591802447,-22.950805287173154,-20.86318120082059,-19.96222990674931,-19.911841282927167
-20.106478279978937,-20.249380217440596,-20.095745639708735,-22.192797752494563,-30.09684485309642,-20.140241686230148,-22.082633970882636,-44.845185256191186,-60.897503933853415,-20.543584362827712,-20.16375407386963,-20.28592163665883,-20.305034941511142,-20.549256722779898,-31.132969916926402,-20.362444147891438,-20.22893894569463,-20.09842976471592,-21.164491436386307,-23.659970972231708,-29.34983871665945,-61.011276423594374,-239.31270331725023,-96.7567003416387,-21.553291749006604,-29.29355962167927,-23.144116623059677,-21.025019980031857,-20.147369483637515,-20.098087981584353
-20.173295446233634,-20.312165861734538,-20.165101003310085,-22.195898843053662,-30.06351927126854,-20.20992795167183,-22.11275429809514,-44.7957952726845,-61.00825125997536,-20.616682745567555,-20.227066396584643,-20.352920512705428,-20.36578386886033,-20.613527007591326,-31.206891454999905,-20.417080151846644,-20.28920284066415,-20.16364195386008,-21.223995731223173,-23.699741475848647,-29.256461964666855,-61.359611129667215,-236.92149454974307,-97.02607991067845,-21.614075449698937,-29.246650146832252,-23.158724098029637,-21.08929882529265,-20.215395013737233,-20.16747692896672
-20.090446856696214,-20.2314586746524,-20.0807066632422,-22.143468796834487,-30.0516316770312,-20.125936145651398,-22.05348827083416,-44.81634522797921,-61.130359119746096,-20.534265703457667,-20.146125634172698,-20.27132075700607,-20.286889277105676,-20.536141517507435,-31.185727865747083,-20.3418072723535,-20.209784336113927,-20.081259245446173,-21.15039869429305,-23.646656830527373,-29.270136092707855,-61.42109401808677,-238.42467427002032,-97.21645491270957,-21.54385075305972,-29.254116661685735,-23.1100448204477,-21.013350265377102,-20.132217496277434,-20.08313873352579
-20.490793744658607,-20.627017816561057,-20.485298577870275,-22.48984415519718,-30.201601996530798,-20.527056518591934,-22.38267168891092,-44.77859956616443,-60.05242669144451,-20.916558591588522,-20.54192851873317,-20.662963537765897,-20.675225858804573,-20.906162680534926,-31.15836175100545,-20.720564248959224,-20.602831423869073,-20.48234088778617,-21.506504452073973,-23.909157043973,-29.404675145853624,-60.18398026339088,-233.88151042493575,-95.27208217007272,-21.874678740126342,-29.323075259699007,-23.40610240850725,-21.373746187009367,-20.53185346294311,-20.48726540943248
-20.4821558129792,-20.618160091080185,-20.47676462193613,-22.47708486053424,-30.19234756436325,-20.518677828316356,-22.373074125684,-44.775484969335494,-60.10213740253107,-20.909186684107016,-20.533107339963784,-20.654658911318357,-20.666423581541803,-20.898347791615066,-31.166019243083852,-20.711489398729967,-20.593811158885654,-20.473516475216716,-21.498763615877234,-23.90283894494467,-29.390397477984973,-60.26202638202409,-233.81907882862393,-95.37063949141705,-21.867955799959073,-29.31575887200715,-23.396226802745147,-21.36631856607156,-20.52336341592606,-20.47875149723779
-20.387572923621438,-20.519527077184392,-20.384538062355976,-22.313212769090082,-30.098575743686975,-20.42847776065051,-22.2568142956375,-44.79450123450138,-60.815639733754125,-20.833764197541623,-20.435343239600993,-20.564255042606977,-20.567639197885317,-20.81326859286671,-31.288685419596625,-20.606869298248313,-20.4922149692833,-20.37599025548924,-21.413457759942013,-23.838649835224484,-29.178963226205646,-61.41849178439517,-232.8380317785829,-96.85580472027175,-21.795535163052477,-29.20195407088808,-23.270126482730372,-21.28660988944911,-20.431177028300024,-20.386792509744133
-20.76889006508273,-20.895503244842782,-20.77077995393264,-22.635445060673582,-30.237668908373756,-20.811292342649,-22.565585182183185,-44.80003389697397,-59.83985811065419,-21.199213600244725,-20.811560809939706,-20.937249311064143,-20.93598387101204,-21.16424705291267,-31.27297240278617,-20.964072158023935,-20.865262663605336,-20.757672795562996,-21.751853825523575,-24.084537487520546,-29.29223602876867,-60.31733142605222,-228.4805281599242,-95.16173232209078,-22.10923193796252,-29.262391633602583,-23.545765358827595,-21.629873146941538,-20.812184535387633,-20.77256784669911
-20.746960394306335,-20.873677746547404,-20.748709195801567,-22.613940761878418,-30.228149335553983,-20.78945597379975,-22.5463500079334,-44.80164844338985,-59.91187269434657,-21.178750693586373,-20.78976546452224,-20.915858749205913,-20.91451034679986,-21.144084238859655,-31.27763935827371,-20.942899922483818,-20.84346510700568,-20.735614756216492,-21.73227505352885,-24.07032712118723,-29.278802923475858,-60.41129830777898,-228.6626024908853,-95.2984133202709,-22.091262159292135,-29.254811122294498,-23.5276733894186,-21.610278754354574,-20.790360354491476,-20.750529685306986
-20.690684299868856,-20.8178526533424,-20.69193809588199,-22.561395908618127,-30.205186899654283,-20.7332566573526,-22.498318818720076,-44.80379144202638,-60.08270336400956,-21.125754201186698,-20.73398068983861,-20.86091560512793,-20.85967287298381,-21.09234619990171,-31.286328617466275,-20.8891521911286,-20.787838427233776,-20.679105036149206,-21.682145756613213,-24.034017585433393,-29.250437506628543,-60.62562877503997,-229.19025234439292,-95.61415710901386,-22.045111956019795,-29.238925069112902,-23.483243025043205,-21.55987432199166,-20.734275657551045,-20.693837692005978
-20.60152256306013,-20.734741963977626,-20.5983022350865,-22.558906311037045,-30.217738539057873,-20.639473218650714,-22.461172291921915,-44.76495354323186,-59.90147073092388,-21.026922667619885,-20.649938633850805,-20.772002530879945,-20.780335839964334,-21.009170922516482,-31.18917656860596,-20.82036466163728,-20.70872559119537,-20.592391782939167,-21.60475937973908,-23.979170905164125,-29.385413631995625,-60.1161054159181,-231.90929708806507,-95.05522627251196,-21.968195569014437,-29.31391898306186,-23.470380976211093,-21.47525982495414,-20.64309978821193,-20.60018398214767
-20.596196166818576,-20.722263032662347,-20.598006416389598,-22.447014159001228,-30.165806930564415,-20.640585544367553,-22.405015953105114,-44.8539003536885,-60.53657687953795,-21.042172453199626,-20.638941325888013,-20.769174237581154,-20.76485439984127,-21.005602593543447,-31.339400498301927,-20.792903829845205,-20.691331045129807,-20.58324623825045,-21.59707821490916,-23.975468734142865,-29.14269321535952,-61.28819944798266,-229.65810711694633,-96.55589069842866,-21.968301496669188,-29.176373571385227,-23.38882138396474,-21.476756557772298,-20.64094906842908,-20.600084090935304
-21.224517995280948,-21.340548640072267,-21.236017226051814,-22.969186172394807,-30.415015182610734,-21.27257127225792,-22.908181717377747,-44.985157428624035,-59.02853708373708,-21.646547298620884,-21.25790007556802,-21.383445932390543,-21.369130650116887,-21.581033055877647,-31.330550494364402,-21.375334482528896,-21.30417055125137,-21.211708479367477,-22.153324865175406,-24.37833461484273,-29.313008718136707,-59.60499148862388,-222.84598852179764,-94.07396055576221,-22.48199388134896,-29.269931386655305,-23.834312375243513,-22.04212743180528,-21.269369443462626,-21.237262842590127
-20.41556831861682,-20.540793288947917,-20.41755776033518,-22.24761231618667,-30.116405726851276,-20.462344195208143,-22.236708996674754,-44.961605610336036,-61.32904124545407,-20.879586671399366,-20.45842697616058,-20.593410875947203,-20.585420986605623,-20.839969137725003,-31.42196802548773,-20.61289571669432,-20.509036405623167,-20.40064427089843,-21.435332122642876,-23.869437028821224,-28.979885453273653,-62.396014690213576,-231.17132901096053,-98.16994964609873,-21.821304941348583,-29.07991000328203,-23.22223584919032,-21.31724405009917,-20.462030224690334,-20.419948241007617
-21.395284231975257,-21.508970301785823,-21.409247761482213,-23.11723286624176,-30.490185639228415,-21.444026181172134,-23.048253820541955,-45.03619919424808,-58.60377841900173,-21.809771580240806,-21.426390447460758,-21.550251801313923,-21.53378204667623,-21.737145142426836,-31.32455103832924,-21.534499886301795,-21.471408652357646,-21.382747080293363,-22.304961123933857,-24.488198735725174,-29.37663952499663,-59.100976161490976,-221.2524178498974,-93.35359755644464,-22.62154327528639,-29.30773958695641,-23.960682094343014,-22.195619717007805,-21.4400171453244,-21.410238197476787
-21.57213177455446,-21.680433052180376,-21.591266488275313,-23.237588903368703,-30.57891187955746,-21.6241853862706,-23.175123345927457,-45.211274291144136,-58.368146339298676,-21.98565338160344,-21.598846794721656,-21.723031617163084,-21.6993404514369,-21.896327067943343,-31.357816970778813,-21.68838343854248,-21.63997017036747,-21.558490643729122,-22.4589159924391,-24.601093492123294,-29.36126125349384,-58.94058884242045,-219.3104185472554,-93.20406732258157,-22.76256750939236,-29.29547207195016,-24.06204875652805,-22.35508082838709,-21.61804151214499,-21.592005036615486
-20.779365444478053,-20.909364768594763,-20.778883275526045,-22.696774571050824,-30.275083866374715,-20.818668431718397,-22.599838498632607,-44.76982195331149,-59.52647251176528,-21.19972102478745,-20.8247991965211,-20.946357379184946,-20.95118769428398,-21.17352501703777,-31.202841092653046,-20.98495335519263,-20.88148777404642,-20.77000622498233,-21.762780455960705,-24.094554123581815,-29.41283298919241,-59.74619222757647,-229.590338927002,-94.42925231533752,-22.11602567240125,-29.32953198042652,-23.59127311454565,-21.636467346421824,-20.821121502547715,-20.780571534996287
-20.90702353443411,-21.035031797194065,-20.908340784627104,-22.801220394044538,-30.32316319918548,-20.947031132639406,-22.70200622199422,-44.78196990066373,-59.234077443799244,-21.322870835879144,-20.950585689502464,-21.07135658951967,-21.074213869894855,-21.291248519059838,-31.206337862262213,-21.103903126034496,-21.006044621121987,-20.897678041708517,-21.876318190499287,-24.177990901593123,-29.445089022588597,-59.43102747732248,-228.117777579326,-93.93005685146018,-22.221711779459074,-29.34786936547699,-23.681824811406052,-21.7518589413416,-20.948781278054177,-20.90987545165949
-21.149877035647794,-21.2666636838219,-21.160536443382068,-22.901293055166732,-30.383758494942633,-21.197873281820968,-22.845321672426735,-44.97539111259492,-59.23691298784119,-21.57589657194962,-21.184063854624068,-21.310559430664824,-21.29671568968069,-21.512630921363026,-31.337918809391322,-21.304774277777305,-21.230643368512048,-21.136820151768365,-22.08684393988021,-24.33054856358057,-29.27784833498261,-59.86390522243634,-223.52490421953712,-94.44965924389663,-22.420829383878683,-29.24899454820219,-23.776444955862715,-21.975157936064726,-21.194902867593353,-21.161894723690736
-21.359417086860844,-21.484026653585904,-21.3647130866038,-23.227518245369488,-30.568356487817265,-21.398786890841336,-23.09323011596219,-44.88030012263002,-57.975498270642106,-21.750514800577008,-21.399588857572656,-21.513092149593678,-21.515254033802766,-21.708121655110105,-31.161288943898228,-21.536340586463055,-21.453735835758042,-21.352054267747,-22.28119104346492,-24.486449655827972,-29.68925126813404,-57.838747255259946,-224.7808345763317,-91.61287368372643,-22.59500550486919,-29.485431453815686,-24.043901497814893,-22.158512895156317,-21.39969774328314,-21.365592388315296
-20.691507848470753,-20.830464180285425,-20.685256026304003,-22.748604078028023,-30.41702297160465,-20.723961140057195,-22.588810928328275,-44.90768286096733,-59.15064647306761,-21.095540663482662,-20.745087121549087,-20.856894845940708,-20.876410904408583,-21.08897234365423,-31.04100791033519,-20.924143402768536,-20.80830830320711,-20.686077134376813,-21.686120106423804,-24.061035592643446,-29.654408143441312,-58.825740885044674,-234.72500448690977,-93.55547866659093,-22.033806097354645,-29.446453119329867,-23.60960049016709,-21.549072459174305,-20.730237041229607,-20.686829666328602
-19.979442333452557,-20.121977854349275,-19.968446840968927,-22.050924914984837,-30.01631474338404,-20.01457139116621,-21.963981223130002,-44.837801040553884,-61.42059767242817,-20.427793080575704,-20.036544699606683,-20.16263890574074,-20.179429931494766,-20.43337563309775,-31.1907108881394,-20.237214221029294,-20.10113185686963,-19.970157308094432,-21.051803459803473,-23.574680947278928,-29.24139247403643,-61.7395304521822,-239.84063098521588,-97.73746915069856,-21.45192516566501,-29.240231499704578,-23.030477845048893,-20.913291794434564,-20.02134381258057,-19.970997130928964
-20.783835679912194,-20.922975634923,-20.777903170469386,-22.849818473933894,-30.50374302550732,-20.81547854604181,-22.67566102699038,-44.96899209362974,-58.84052328410424,-21.181057958874277,-20.837647015006578,-20.94661055383945,-20.96753773694833,-21.173763409480493,-31.014048221000046,-21.014744660138284,-20.90102907433767,-20.7792212194039,-21.768786482685126,-24.130532076106146,-29.73197647809426,-58.394166411565415,-234.6738381954131,-92.98684660154984,-22.108709590970406,-29.48426396267942,-23.691789608554394,-21.631065237762346,-20.821953872738696,-20.77932841979773
-22.133152682290426,-22.23951290466405,-22.155897515239865,-23.794290531059467,-30.873331311590213,-22.182557885674107,-23.676439759282545,-45.324993298219695,-56.706072663660834,-22.509494291554418,-22.156601245746284,-22.27059977157219,-22.249131667857974,-22.412758822293252,-31.2875806085366,-22.230715511951214,-22.198896159531635,-22.123370217064735,-22.964660133124937,-24.976149713725,-29.758051543164605,-56.69558561728983,-215.95625500613144,-89.9482274721322,-23.227996127680207,-29.54345903180233,-24.541606987359522,-22.859163985710342,-22.176272584289265,-22.15565725508091
-19.8343144585503,-19.978044105003008,-19.822146019266555,-21.91633204496955,-29.959908545116136,-19.869672503155538,-21.841082869913755,-44.864236155549406,-61.88458440158415,-20.29109293633147,-19.892617526168586,-20.020979509891532,-20.0379244276849,-20.299749312341955,-31.219647499353595,-20.098316619406997,-19.95776117856033,-19.824468441843116,-20.923111793593495,-23.48083035825768,-29.175982580465924,-62.30883061932805,-241.3499971427652,-98.58958210752436,-21.333411796029885,-29.208549844415153,-22.918114094924935,-20.7836812114283,-19.87673261440199,-19.824877540593707
-20.3264255670546,-20.466393769105103,-20.31813641085498,-22.37726126257538,-30.173054616239753,-20.360852993948942,-22.261051160137363,-44.814598124443265,-60.335910317059756,-20.754611960399423,-20.38097457693367,-20.501292576815903,-20.518077486289474,-20.75306220526114,-31.126554347224285,-20.569928915671575,-20.444392815269634,-20.31860979540986,-21.36025938152869,-23.804360014825708,-29.41125238735426,-60.392072735368316,-236.62304689757775,-95.74331505677047,-21.735942075305257,-29.324815562709638,-23.303268133547924,-21.2235436386374,-20.36704340721048,-20.32023991101912
-21.46137272353047,-21.576570950360953,-21.474281872847204,-23.204250608196244,-30.524061032642074,-21.50824670087514,-23.11859297816931,-44.9889519871992,-58.27658913528421,-21.867217308287422,-21.493395304360448,-21.614565799430263,-21.60137764810695,-21.799018281418235,-31.288516280739294,-21.604644874335523,-21.540074962190264,-21.45012925930278,-22.365981613452735,-24.53313805959278,-29.473453084618185,-58.602243930909474,-221.1236156706329,-92.61285179707104,-22.67749309798848,-29.366879564886023,-24.034781240585527,-22.25434841018832,-21.505006903339623,-21.475143588791976
-20.83073221265756,-20.951188326697043,-20.837530900654997,-22.616824787072296,-30.258478050763006,-20.878142193547568,-22.580101789656467,-44.944330350087114,-60.11974247366612,-21.272961044914673,-20.868680145572903,-20.998862661963948,-20.987677014133084,-21.2203067211973,-31.368247319214888,-21.004339491271235,-20.916999623702427,-20.8168534915845,-21.803312568215176,-24.12806049404179,-29.144510925075707,-60.936598406948704,-226.67395650126255,-96.0143202773162,-22.15988523797043,-29.17154750100884,-23.53457131273166,-21.688905052739898,-20.876342987832842,-20.839350514138268
-20.756945478219155,-20.877728394595117,-20.76328738424732,-22.544572346421795,-30.23419613992682,-20.804700754496956,-22.515622527586586,-44.961644402787535,-60.37358318650813,-21.2044468067578,-20.795415618336957,-20.926880863437425,-20.915398858684014,-21.152588562357842,-31.385995301067783,-20.933051899415844,-20.843645632785986,-20.742613536193506,-21.737457021540703,-24.082721495952207,-29.098553681060753,-61.26930618246985,-227.37118600843277,-96.50418501469439,-22.099484540723168,-29.144242003363296,-23.473394315466077,-21.6230906504935,-20.802935683839255,-20.765221143428665
-20.638663753584723,-20.764178741824665,-20.64100564998875,-22.483760461935265,-30.181220546739155,-20.68317976351824,-22.439728027616226,-44.854453479342475,-60.42152922583598,-21.08267660414486,-20.68086890311918,-20.81068022899136,-20.805919790065026,-21.04458842891506,-31.3359824420302,-20.832770565940425,-20.732953231038106,-20.625782311964496,-21.634730841959797,-24.00248322699678,-29.157184692986974,-61.153961705941185,-229.1897404959081,-96.35476137891342,-22.003068917850094,-29.184230749897203,-23.420046323844968,-21.514884292323195,-20.683361613812224,-20.643028188486593
-20.265761244547193,-20.409929439434535,-20.255029162586702,-22.38445921607454,-30.24018659449354,-20.29726518809316,-22.238375067366892,-44.917088282892436,-60.21194664333212,-20.687395366825484,-20.32408671027422,-20.440073125405064,-20.46340844416004,-20.69408724890671,-31.04821872415718,-20.521248536933257,-20.390389532528953,-20.25964222290241,-21.305968916872022,-23.774646912098525,-29.514751236927218,-60.018677634933326,-239.4028154503379,-95.48626548711732,-21.67921350336102,-29.372207123607016,-23.29490975750316,-21.164327598471697,-20.30514774142277,-20.25708597312211
-20.797807587033788,-20.924900526734778,-20.79943352568426,-22.672737393945226,-30.254696200000147,-20.839535648807313,-22.595376650329946,-44.78973481908444,-59.69501742432952,-21.224532368218888,-20.84079657918901,-20.965276174977678,-20.965202947728248,-21.190823010328256,-31.25497639871543,-20.993962654837336,-20.89504822183676,-20.7870813830205,-21.777996776354072,-24.10363966284009,-29.330220507238245,-60.09982140222579,-228.43396772140682,-94.85922162096426,-22.13271709921793,-29.283964450707412,-23.57624280084357,-21.655254040014082,-20.84069332801164,-20.80116393073842
-20.34745465856652,-20.47716198091251,-20.345907702610123,-22.237932454322305,-30.079089940602778,-20.390757602390263,-22.204830553581324,-44.85257828387118,-61.18352431036709,-20.80379087653842,-20.393653680357584,-20.525940416302028,-20.524858126031248,-20.77710065091726,-31.35317240040787,-20.56052497593482,-20.44823465102651,-20.33432849779223,-21.376877110381397,-23.81708581275308,-29.0735296260076,-62.015846598613216,-232.5758783294998,-97.6640434444388,-21.764557156022054,-29.14084504727452,-23.210898789611115,-21.25319039150546,-20.392362894097204,-20.34828967729775
-20.12169869997152,-20.263310488411634,-20.111729359023162,-22.186964023580533,-30.079933007811753,-20.156415975881583,-22.086579421425363,-44.8235947242081,-60.955319968255786,-20.561269211807154,-20.177850133318014,-20.301395736084327,-20.318436283380525,-20.564262895640525,-31.159140190366543,-20.373983934927058,-20.242072610725142,-20.11308892028076,-21.17812084472895,-23.668133754265057,-29.315090688345727,-61.15373393166746,-238.5431598902279,-96.87934992126483,-21.567934525659656,-29.27658832259189,-23.1435161567776,-21.040193372711734,-20.16300916418576,-20.114092729046384
-20.94961691207139,-21.077471787356988,-20.95118303739427,-22.843819202534945,-30.34652714259282,-20.989411860253764,-22.739952437784755,-44.78643124263178,-59.098210584199826,-21.36264124043965,-20.992993104394664,-21.112888676284186,-21.115985653117292,-21.330468764411012,-31.197898882556412,-21.145160708633288,-21.048470948952072,-20.940542760742545,-21.914449326419607,-24.206878730043268,-29.473148243509954,-59.2512651126405,-227.83874539062623,-93.6726009147809,-22.25669657691264,-29.36340308537809,-23.717567697824677,-21.789963333954958,-20.99115969644465,-20.95265343831772
-19.985321278818887,-20.125005387474555,-19.976025348919112,-22.009282968422113,-29.982694415102706,-20.022884484302516,-21.947928881689545,-44.8262966172413,-61.67519600312939,-20.441887122978823,-20.040082755199503,-20.169774366571666,-20.181572726166078,-20.441042711653772,-31.261135758418703,-20.235227272430308,-20.102261329710466,-19.974535574892833,-21.05714970717049,-23.578744395111332,-29.143860448166137,-62.226173361290115,-238.55053635022628,-98.27357689342243,-21.46161107272535,-29.18927018427594,-23.004696707128556,-20.922247662552802,-20.028400179569697,-19.978666641866166
-21.10393913659812,-21.228922214037453,-21.108070930412158,-22.963732737202974,-30.401788282631056,-21.145013731664417,-22.860314335005746,-44.81383261087726,-58.785166670000116,-21.5126862675633,-21.144647987454693,-21.264109327264467,-21.263963051723263,-21.47260282361365,-31.211722700805844,-21.287299745787635,-21.198268523323076,-21.094655707022035,-22.05150926661231,-24.30701282390354,-29.49904293547617,-58.93988801203219,-225.95670733742648,-93.16743259574652,-22.384528290890746,-29.37921690611242,-23.822555416892538,-21.929795620525265,-21.145693125482207,-21.10935755806255
-20.791772859905507,-20.91659614707983,-20.795063796671606,-22.63413593906784,-30.240395787084452,-20.83558782584659,-22.5738860539363,-44.83018603922663,-59.9036917164531,-21.225170291358296,-20.83299910012909,-20.960017351351198,-20.95589868943057,-21.185239930364435,-31.300361649964767,-20.980711493697555,-20.885183064007073,-20.779814440091766,-21.771346771648556,-24.099426608444556,-29.251792572212512,-60.47664658716707,-227.83526898553473,-95.36509242066363,-22.128373839336465,-29.23845018343335,-23.54668076147209,-21.651526744289615,-20.83570091136053,-20.79685593185291
-20.975033041715484,-21.099417474599928,-20.979196406798373,-22.819778632214813,-30.323897351087396,-21.017697026106468,-22.737826840873907,-44.814681714683815,-59.27637917617539,-21.3951172675089,-21.015466046351502,-21.138685355513896,-21.13597323057489,-21.353814595396376,-31.2557431917123,-21.159003060229193,-21.06806794310866,-20.964373566495983,-21.935389300351993,-24.218801041937223,-29.378989274019325,-59.63735033078554,-226.4714458420245,-94.1510174565459,-22.278717322328248,-29.31135924592954,-23.702802415590146,-21.815121411071818,-21.017899871383456,-20.980703250762797
-21.123967740928904,-21.243810097820827,-21.13208383923008,-22.913292566877157,-30.373807605488985,-21.16945431360732,-22.842056704252432,-44.89138351915436,-59.09878630184448,-21.544219468837976,-21.160474569980103,-21.28484459143228,-21.275947007274468,-21.489986392323658,-31.295353926963593,-21.28989921395422,-21.209698469234247,-21.11222719876815,-22.066048299733488,-24.313877778900576,-29.350874365909156,-59.56742525205214,-224.30085677808322,-94.0110275095719,-22.400873238580292,-29.29427805187315,-23.78563936303674,-21.950658397417932,-21.16781971647648,-21.13343573239748
-20.612259113205585,-20.74343958530652,-20.61043237670331,-22.538465786898325,-30.19757326024178,-20.651914077245696,-22.455760310544896,-44.766766823769956,-60.03312519229898,-21.042426115378102,-20.658940654497837,-20.783240751128904,-20.788098193970953,-21.01967119404549,-31.229084006006083,-20.824789254950588,-20.716037755315973,-20.602140488059288,-21.61373127384331,-23.983962684837195,-29.324058496092675,-60.38675671232308,-231.0221532919242,-95.36816457779334,-21.978798959709735,-29.281048796886225,-23.457812972991277,-21.486751300151795,-20.654634302905148,-20.61235350379139
-19.966991729330132,-20.10719866510176,-19.957318780591606,-21.99841156558604,-29.97967351472863,-20.004255599782166,-21.935166695155818,-44.82935307004031,-61.69753633150375,-20.42348800849267,-20.02220758263235,-20.15170701699481,-20.164188580306902,-20.423903639366227,-31.25543700679701,-20.218726282309774,-20.08477822760528,-19.95633715366735,-21.040900120340932,-23.566786642613195,-29.14870788820312,-62.2309134972705,-238.89240871590795,-98.30378665209115,-21.44605569386187,-29.19219268897845,-22.994520019594667,-20.905406822886437,-20.00997457848131,-19.95997050349338
-20.906760982471734,-21.03706443112755,-20.9065098271852,-22.836124404971695,-30.35897607325738,-20.944763501445987,-22.719138080919944,-44.78783222775863,-59.06015524085071,-21.316724509821338,-20.952329950293546,-21.070277865968876,-21.077192079982773,-21.290674305981273,-31.161806152702987,-21.110659883568747,-21.009666656465917,-20.89860547638342,-21.877048303415897,-24.183093738210808,-29.52207985136252,-59.09429799998845,-229.10282358093178,-93.5256237368663,-22.219974375322884,-29.38848288369533,-23.706156330441097,-21.74972208402276,-20.947556316605258,-20.90798877267134
-20.268481176873582,-20.403772550205908,-20.26284356637105,-22.23899598036941,-30.0696033825544,-20.307442160851945,-22.17276470190249,-44.78622212735911,-60.97114118998548,-20.714655789156733,-20.319156073666157,-20.447088559947332,-20.45484283442167,-20.702786740715624,-31.25648309223794,-20.500118813115595,-20.378538312029125,-20.25769266499052,-21.308241623300653,-23.761079431745475,-29.203058112269304,-61.47863491087691,-234.83368574171524,-97.04583513039611,-21.69576894051893,-29.217191559565343,-23.202625929303743,-21.177677294060743,-20.311457868740113,-20.265185829445965
-20.490681255144548,-20.6273894059924,-20.48489294433211,-22.497660535088304,-30.210760830066206,-20.526531788039005,-22.38629719896504,-44.78460597633739,-60.012713511686314,-20.915142487661768,-20.54224040880528,-20.662632419539477,-20.675748669764832,-20.90580123879242,-31.147617808660396,-20.721805352805042,-20.603524908421132,-20.48248237134441,-21.506470936286483,-23.910099224548645,-29.421513544280387,-60.10716621677755,-234.1234275993545,-95.187782446382,-21.873936804492626,-29.331545632735143,-23.411184231214865,-21.373109050341476,-20.531543229646942,-20.486845305489567
-21.462815926800793,-21.587509294119318,-21.468446751770117,-23.33815804408598,-30.651299987118414,-21.501310095567003,-23.189894364782425,-44.9301855916477,-57.649347691713736,-21.84650311773331,-21.503069103089313,-21.613769241578495,-21.617271912824926,-21.803522769978176,-31.13990135401508,-21.63779312020687,-21.557555261255857,-21.456352452624625,-22.374460636494657,-24.562505211607856,-29.77519171545977,-57.383296901253296,-224.55952579979896,-90.98425938130138,-22.680249216110376,-29.532506853873628,-24.136238339666516,-22.251052776199405,-21.50242393785747,-21.46915417157239
-21.170564946982225,-21.30026266440947,-21.171701631911684,-23.106037550957705,-30.539385480446505,-21.207023982906154,-22.95812786365145,-44.8719775877624,-58.23721321623449,-21.563043743859687,-21.215516602318882,-21.327343261792645,-21.336323113158162,-21.53376362316379,-31.110455757397986,-21.367033068836218,-21.2730296583938,-21.16424782342599,-22.113706003044058,-24.370221472136496,-29.70905726618585,-57.98880996422282,-227.90570807022988,-91.97604386952412,-22.436722048230415,-29.488961027003434,-23.931388812725363,-21.985750563117083,-21.209952815620436,-21.1727749455632
-21.312553389489096,-21.43690620500633,-21.317861503955733,-23.174208840109408,-30.52924868582032,-21.352515345868603,-23.04787043551511,-44.86146563000903,-58.141561801094774,-21.70758617879327,-21.352508470063512,-21.467524775123973,-21.468690262488863,-21.66486900054541,-31.175317067795866,-21.489643439388747,-21.40631434685348,-21.304672018522545,-22.238820769202306,-24.451760195948356,-29.64336569603799,-58.07863766097925,-224.81715123922535,-91.9417129532028,-22.55644970969145,-29.46032407214308,-23.999772729882434,-22.116734238887155,-21.353234274068672,-21.31882257320605
-20.445783596528496,-20.57631638543523,-20.44391143243577,-22.353241522306654,-30.11607291417472,-20.487456977311112,-22.299556286706647,-44.80165982733516,-60.71915978670401,-20.891316680344644,-20.492307907696098,-20.621404713220127,-20.62302409659382,-20.867038622270314,-31.29892599821954,-20.659571437248378,-20.548136569684317,-20.43393076284136,-21.46486341880112,-23.87652289803988,-29.17526960472777,-61.34959222015885,-231.97169216215727,-96.72166862125107,-21.84385519792108,-29.19883524157256,-23.305506942221193,-21.339555315959522,-20.489606009670382,-20.446113657321536
-21.031400014580804,-21.15756526794491,-21.034436249867902,-22.90476768701685,-30.373139201739562,-21.07201893369846,-22.802447616856092,-44.79992534082018,-58.944657471430894,-21.44259449266424,-21.07321869279436,-21.19308944058789,-21.194174995148842,-21.405830380944952,-31.2083671164605,-21.219988224022185,-21.127570308010934,-21.02212611316004,-21.98700406262867,-24.259589472514726,-29.48101930558567,-59.110819924912064,-226.76538803724213,-93.43385621137361,-22.324551668101602,-29.36856503568029,-23.771357133508374,-21.864202732904307,-21.073124728288512,-21.03581422011712
-20.41766709704997,-20.545677580784353,-20.41755105550356,-22.28743828035069,-30.103884612968418,-20.46188213377072,-22.25675919988129,-44.868784877008395,-61.061413357976875,-20.873082235675675,-20.46241267759628,-20.59478865902379,-20.59163455855316,-20.841720680778714,-31.363197397472383,-20.624013480159444,-20.51573357656919,-20.40423296598358,-21.438701195516245,-23.863088674447347,-29.070735294582967,-61.92139617427695,-231.59759540064556,-97.50040184159903,-21.822357878643245,-29.13710096098917,-23.253824267365427,-21.31685896136789,-20.462833488096738,-20.419866489219224
-20.65002660859109,-20.78206161345312,-20.647746073068387,-22.59160588116222,-30.22857674191858,-20.688611391353962,-22.49664854466982,-44.76425867937905,-59.82410448702529,-21.074888787696736,-20.697368458096964,-20.819682664566983,-20.82652254982771,-21.05412708141372,-31.199362789554627,-20.864373580896324,-20.755326898660183,-20.640670744615736,-21.647770800198124,-24.010164327385425,-29.382130376431753,-60.063580353373446,-231.13677359788744,-94.93990120335218,-22.008838423871477,-29.312423182019213,-23.500008462897913,-21.51952980643449,-20.691780580441844,-20.649584530537012
-20.590231524250388,-20.725481616804096,-20.585688531668755,-22.579534956103913,-30.24585242136348,-20.62652067049517,-22.46634271406966,-44.78011636833274,-59.775839606746224,-21.011026836269675,-20.640428202316276,-20.760149423834992,-20.77193522674056,-20.997952560854895,-31.148902404322264,-20.815160050288345,-20.700820944536826,-20.582076425326573,-21.59512767343431,-23.97545087666928,-29.446962999139085,-59.85179677779616,-232.91649871026254,-94.76889981399188,-21.95670940512549,-29.34544849861547,-23.48230521444791,-21.46313908681227,-20.631039378305235,-20.587529647215273
-19.86537977371399,-20.00935135230058,-19.853183939733004,-21.95371359671868,-29.979180715194644,-19.900260121102903,-21.871138872909157,-44.86240423905774,-61.735194114045875,-20.318814936599775,-19.923834411667507,-20.0510339355814,-20.068832304727902,-20.32787757358999,-31.20009254824071,-20.12934958436516,-19.989271751769138,-19.85592467871564,-20.950567696835964,-23.500894497475027,-29.207907259581958,-62.09396956145044,-241.25925914500766,-98.30625141542488,-21.357765935144055,-29.22438060702089,-22.947508012719133,-20.810705001622246,-19.907476877176318,-19.855858524853005
-21.229886938469527,-21.351250545471505,-21.237141046346036,-23.044395688839963,-30.43683256470986,-21.27315032120276,-22.949550706275204,-44.85976651635244,-58.62180509682168,-21.63821347807194,-21.267350965181368,-21.38778201007056,-21.382731088354454,-21.58806838734768,-31.244107507485445,-21.398886082106756,-21.318378945708407,-21.219798410474137,-22.16243979181855,-24.38620150613005,-29.481362005328144,-58.85688016306135,-224.06742957157743,-92.99583429404652,-22.48852911485371,-29.370568713971828,-23.89505317734442,-22.044538073223485,-21.2723691467962,-21.238293270015056
-20.407832631004943,-20.543443491699087,-20.40243272337468,-22.391829524751643,-30.14322204625286,-20.44531338504322,-22.302117803377456,-44.77072692831322,-60.40986717790408,-20.84177992863858,-20.4585349030585,-20.582523580333014,-20.592646917040756,-20.830353860012767,-31.19943350637042,-20.63758620159529,-20.518692748589128,-20.398374342892865,-21.432415264538758,-23.852209848263154,-29.31996297051478,-60.699790928295656,-234.05240297905885,-95.96392987926492,-21.80817735143886,-29.279080376101113,-23.327300405464054,-21.30079803925897,-20.449704207501824,-20.40454719552962
-19.507086818709816,-19.64958654128269,-19.494661555855018,-21.54592187610702,-29.830553003522624,-19.54660604996503,-21.536525615158506,-44.99115371794289,-63.42566750349887,-19.99726753659339,-19.565223859553484,-19.703746274435108,-19.713835757231024,-20.002990927740967,-31.410139370365318,-19.774449686664784,-19.62787409830106,-19.493726779345522,-20.63439825057728,-23.28542904286678,-28.888560394187135,-64.45944475929905,-243.61627729065418,-101.54142460833683,-21.07542230058118,-29.0617093590455,-22.6226171478581,-20.49815291107519,-19.552523104558713,-19.49795728893473
-21.545404059327993,-21.661627348018953,-21.557746411181924,-23.3048756753281,-30.576619084602697,-21.59069960350456,-23.202771923602945,-44.97390568065483,-57.93274991904096,-21.942618451573363,-21.57804402194196,-21.696370765199656,-21.685859869706682,-21.877145800880268,-31.256726529605032,-21.690598973486946,-21.625987454657626,-21.53537097506501,-22.442740099846564,-24.592175420955208,-29.5712444250368,-58.093441557451385,-220.93159374624483,-91.87447744051629,-22.747801016675613,-29.425042000092446,-24.119903163645912,-22.329321657596427,-21.588046852875646,-21.55845430013757
-20.445172788824546,-20.586474208648013,-20.43664224041182,-22.526287499224672,-30.29178004939979,-20.477592085551247,-22.380501561693166,-44.88180981186952,-59.80821512907639,-20.861006724085914,-20.500881640452388,-20.616081184945074,-20.636676496329244,-20.86103595760459,-31.058628635692997,-20.689446593310297,-20.565435848855284,-20.438997457863483,-21.466084263969375,-23.892148592791205,-29.548615380018163,-59.609976017320975,-236.94401827818425,-94.75343902861349,-21.829768768366378,-29.391467304314457,-23.420220944364594,-21.327232208283057,-20.484521698992275,-20.438520759196678
-20.180752961474283,-20.31883531357326,-20.17306434793286,-22.190853848648096,-30.056978172106216,-20.218009655876262,-22.113626722586236,-44.79271458861335,-61.05263175773855,-20.625859567407108,-20.233859337942647,-20.360540419401236,-20.372102091464175,-20.620872753508504,-31.22315196585958,-20.422182595086323,-20.295352279409904,-20.170736870336864,-21.23057877393608,-23.704322747200393,-29.2342717730541,-61.457849545250355,-236.5322036703605,-97.12768060915816,-21.621268982793495,-29.234950903398115,-23.156672932888842,-21.09684947106233,-20.223136787323412,-20.17545462717693
-20.238628640023933,-20.372786396549813,-20.23365711752522,-22.189676946846518,-30.048973131607198,-20.2788713542784,-22.13744607125885,-44.804450706573746,-61.19583151652724,-20.690718018686265,-20.28847531566317,-20.41849857573768,-20.42385019824543,-20.67598193547628,-31.2942981954926,-20.467491600068143,-20.346709608165007,-20.22697622637574,-21.281440895017884,-23.743014152224347,-29.141415196511943,-61.83621668802116,-234.67120874346674,-97.5147030189767,-21.67289739908064,-29.18323704413334,-23.164368614960495,-21.152489714859392,-20.282320623816013,-20.23608149614396
-21.1774473925621,-21.301348667072713,-21.18261702383182,-23.025308625461104,-30.43296926793048,-21.2188841930888,-22.919880372900636,-44.82967261850184,-58.615965185821,-21.58341693900187,-21.2171305354087,-21.33603518064128,-21.33483870927701,-21.540234445798124,-31.213179373666627,-21.35584340160244,-21.270111577917092,-21.168217402223817,-22.116948418439616,-24.35536031888224,-29.521574756288636,-58.7505264939633,-225.19695357603737,-92.8791441313137,-22.445241591068566,-29.39247135071696,-23.875774569285486,-21.996181469929887,-21.219183573098448,-21.183806826960105
-20.720553212581986,-20.852611805520528,-20.718494702895118,-22.666593564833036,-30.27060395777487,-20.7585368050539,-22.561453287587977,-44.7692305091861,-59.57031723172005,-21.13993402028991,-20.767832380399124,-20.88832296577668,-20.896076396256838,-21.11894024843429,-31.177851045378034,-20.933529923115163,-20.82603522214482,-20.711789009217565,-21.710857829912616,-24.0582035932331,-29.43730914095662,-59.71569054061302,-230.77323074451664,-94.45340370534166,-22.066315554110766,-29.341983872370715,-23.56190704816308,-21.582249769985065,-20.761829240109268,-20.720221651945216
-20.954543980031044,-21.08164049418745,-20.956661565105197,-22.837651106853407,-30.33939539489198,-20.994967291283462,-22.738817902086403,-44.78885084722251,-59.13898375206301,-21.369149616079763,-20.997263009351396,-21.1179361363345,-21.119752349250366,-21.335046764285554,-31.21096880822698,-21.147615496756774,-21.052123026963226,-20.945117314358267,-21.918501622914263,-24.20875909952712,-29.451788204285755,-59.33888406538594,-227.51620131689177,-93.77753059914069,-22.261106094339308,-29.35191277656226,-23.713779636191923,-21.794938845392895,-20.996376866735616,-20.95814168607934
-21.072114330836612,-21.203736130106122,-21.071647051922916,-23.03225205183953,-30.51120431391559,-21.107704613295894,-22.882192413991422,-44.868307395030186,-58.42170552558282,-21.466952836960374,-21.1188704104577,-21.230707586508395,-21.24192563384159,-21.44261218777609,-31.096064223857482,-21.276313766796385,-21.177580345894903,-21.06598150595991,-22.02591734332695,-24.306644968309396,-29.69676323626318,-58.15957138041797,-229.24080572820952,-92.28571047494148,-22.354222358401124,-29.479492923630346,-23.865228930022713,-21.896093607105943,-21.11134384730001,-21.07283004034358
-21.345005422081837,-21.467225122927104,-21.35199214009677,-23.17725191321151,-30.517109753299543,-21.38658529452192,-23.061722200362105,-44.87020741658763,-58.180972797704115,-21.742761256746242,-21.383031205312303,-21.49975610075354,-21.497522451860124,-21.694451097368415,-31.204320912748546,-21.51453347004131,-21.43521960255384,-21.33630804748385,-22.266691884054797,-24.46795145854142,-29.599816542454093,-58.2169425658832,-223.81625331755893,-92.09629638267127,-22.583546768821094,-29.43788136073576,-24.005774941702413,-22.147068252930154,-21.38637530263977,-21.352940539942715
-20.43449476525186,-20.571782599064925,-20.428156411530665,-22.447501704359922,-30.186696260585343,-20.47030808341663,-22.339286219053808,-44.785412584561485,-60.167754582868,-20.861692422471407,-20.48660863962188,-20.607704759824617,-20.621136155251683,-20.853911360326027,-31.152589771273846,-20.668419263760036,-20.548206920681498,-20.426144034575522,-21.456418505793078,-23.87276140111563,-29.398911833850036,-60.29123268437989,-234.6922390434347,-95.4693539711174,-21.827559246914817,-29.31970339923531,-23.368508584466607,-21.322579474281376,-20.475488866875104,-20.430178093913305
-20.453043007605775,-20.58981213322295,-20.44708267256304,-22.45867519616641,-30.188402855561094,-20.489147652005105,-22.352282155920584,-44.7809641979145,-60.14383595053171,-20.880228996222193,-20.504687658290422,-20.62598880578084,-20.638738244625415,-20.871223633837598,-31.158280352049765,-20.685134519355447,-20.56592364136923,-20.44456975130924,-21.472900208133872,-23.88441884169074,-29.394886004090736,-60.283070469943524,-234.3404624381637,-95.43400757853236,-21.843319944915923,-29.317823877875306,-23.37908784757682,-21.339627727384087,-20.494127604076418,-20.449091548894152
-20.740951286313845,-20.873798120159012,-20.738454304999284,-22.700682284945884,-30.297322574361996,-20.778087460687043,-22.586213173454027,-44.778209177309996,-59.436573473051894,-21.156718554055992,-20.788905765384992,-20.907857404030157,-20.917256258247136,-21.137441302944058,-31.15569403934846,-20.95581764929865,-20.8478006700836,-20.73276596926662,-21.729343096023527,-24.07410021502642,-29.480101565129758,-59.49751635244592,-231.042204616341,-94.17861701936233,-22.082185722729594,-29.364283009214127,-23.588182620266675,-21.599652735969467,-20.781766845374452,-20.740127822790726
-20.526975254058435,-20.65244556343793,-20.529056153729524,-22.366711640676552,-30.144564476020385,-20.572520460927045,-22.33852571545418,-44.89830738509883,-60.859969054124356,-20.980557704786968,-20.5695433294332,-20.701885432841944,-20.695685785948626,-20.942088385246542,-31.375584696619903,-20.72303300581684,-20.62100727156364,-20.51312757648869,-21.534902511342057,-23.93443500540122,-29.0712650144375,-61.751017655991056,-230.1479225526155,-97.22488342720176,-21.91196723307839,-29.13410436692247,-23.322000307877925,-21.415777572244778,-20.572500351624473,-20.531259887411945
-20.605224874133885,-20.729202633430738,-20.608656827166204,-22.428282059859754,-30.173783881073817,-20.651427979538834,-22.399344204204038,-44.913381050497044,-60.685675179025125,-21.056480054159195,-20.6464654751419,-20.778443992359254,-20.770625321539192,-21.01381050561187,-31.37740768092732,-20.79489667645957,-20.696919895327465,-20.59125978508179,-21.60391225909252,-23.984726127690216,-29.083030633071452,-61.57296659841603,-229.19701142654196,-96.95490988529626,-21.975888467868238,-29.139080159062473,-23.374458634288338,-21.4862844055986,-20.650860130125725,-20.610769098272026
-20.61596345507479,-20.73799782125436,-20.620946782559667,-22.41443368781657,-30.187835720052863,-20.66383066071678,-22.39662052532717,-44.9788565361163,-60.81480321515363,-21.071935935636848,-20.655865907241033,-20.78926403934472,-20.77825597653702,-21.023418338545177,-31.41079262774516,-20.798940142910837,-20.70451118759874,-20.60108359295845,-21.61221630930102,-23.995887418384285,-29.030649035909498,-61.821381009816065,-228.83698563965976,-97.31752280253048,-21.984449197541377,-29.10506371728305,-23.363299099594066,-21.497108179490915,-20.66240716470636,-20.623084872919762
-21.22976772635558,-21.34030075983666,-21.245931441322334,-22.91153812755697,-30.44649377890294,-21.282619050836587,-22.8790880056561,-45.203901526412224,-59.41428369700827,-21.665191005420215,-21.259533703690636,-21.388848152468828,-21.365418998388478,-21.582527452976336,-31.40929722125854,-21.360925133560823,-21.30078925956863,-21.214330730063455,-22.15268679183051,-24.38672064871713,-29.15835709431306,-60.302996949745406,-222.23505122366527,-95.1908459127644,-22.48123860430343,-29.168426562972115,-23.78256612090074,-22.048464996681954,-21.277018099007584,-21.24723483118514
-21.22976772635558,-21.34030075983666,-21.245931441322334,-22.91153812755697,-30.44649377890294,-21.282619050836587,-22.8790880056561,-45.203901526412224,-59.41428369700827,-21.665191005420215,-21.259533703690636,-21.388848152468828,-21.365418998388478,-21.582527452976336,-31.40929722125854,-21.360925133560823,-21.30078925956863,-21.214330730063455,-22.15268679183051,-24.38672064871713,-29.15835709431306,-60.302996949745406,-222.23505122366527,-95.1908459127644,-22.48123860430343,-29.168426562972115,-23.78256612090074,-22.048464996681954,-21.277018099007584,-21.24723483118514
-20.47940750805312,-20.602328183350647,-20.483351458146654,-22.28432186027911,-30.149412923802597,-20.52769924052342,-22.279578750105657,-45.0169266079465,-61.28234418272764,-20.944728538916436,-20.5205058788249,-20.656038436729023,-20.644903771115292,-20.898334302635412,-31.443700826776958,-20.667902775149955,-20.56922610059168,-20.46382575779892,-21.490834063307066,-23.91399792203687,-28.955703965046332,-62.42088934678745,-230.2838793184016,-98.20376276713267,-21.873194008688056,-29.061364856205607,-23.253487747787474,-21.37545433227169,-20.526455628448634,-20.48569312741367
-21.072931429806292,-21.193816333319692,-21.08007355157616,-22.87395520229526,-30.35331376860892,-21.117909383886303,-22.80267146031047,-44.87260656415652,-59.19978483797982,-21.494489945074147,-21.110375530670606,-21.234895600477532,-21.227221627665738,-21.443291336214358,-31.29114897303404,-21.24338220748796,-21.16029784978306,-21.061294206901646,-22.020961499225393,-24.280972329738344,-29.343717634047383,-59.66715889817068,-224.8892396454422,-94.15984195372309,-22.359097256460718,-29.2903570150956,-23.75172415975917,-21.9045546857845,-21.11667022287705,-21.081490361213646
-20.816816871816595,-20.945207680622193,-20.817572924413035,-22.7119027681276,-30.2765807743957,-20.857230540583803,-22.622192874459916,-44.77663413788305,-59.52187759879612,-21.23857003497703,-20.860836350199257,-20.983381152455284,-20.985824936007443,-21.20821091846415,-31.224056714634223,-21.016690651329935,-20.91629340921645,-20.80692590517072,-21.79564489830834,-24.117498187097045,-29.387871458182076,-59.80881678009422,-228.76120473553027,-94.47402822228943,-22.147660293762755,-29.31615583317495,-23.60682035444733,-21.671165577488395,-20.85901109370262,-20.81924191334863
-20.728778768961725,-20.855723071797936,-20.730307650663725,-22.598130476212077,-30.221067058510695,-20.771225871771694,-22.531401003949973,-44.800796743168085,-59.96006744006978,-21.161400952383758,-20.7718058025557,-20.898084296627502,-20.896913002040286,-21.127364653629304,-31.278803807693098,-20.92579638558305,-20.82563001649175,-20.717400183469124,-21.716118321181185,-24.05857381319447,-29.272280545448254,-60.46769043520208,-228.85512305564475,-95.38333725777099,-22.076319895102973,-29.251204829116794,-23.514184826629087,-21.593929551549607,-20.77220441863299,-20.732151793399538
-20.412635909754496,-20.551751506333133,-20.40515466828694,-22.45467744923998,-30.210968996381578,-20.44708595743854,-22.333423897123346,-44.812806654955,-60.09513443410812,-20.83656102183303,-20.466377665820975,-20.585561493846765,-20.601937529581726,-20.832721654403493,-31.118116134170045,-20.65199124309578,-20.52933008883852,-20.405068556699486,-21.437060321267623,-23.86195202902868,-29.44660276576107,-60.105373055159184,-235.76139823416162,-95.30462290949953,-21.80709666939112,-29.34296132979702,-23.36900050675683,-21.301041985898355,-20.45303482949555,-20.40715290318476
-19.85595449738195,-19.99255789400419,-19.848290739152116,-21.82281991189425,-29.926380603795902,-19.897518263340555,-21.809069688539235,-44.91859906252392,-62.53830908396554,-20.33396408851038,-19.908735591412388,-20.045347484841457,-20.049875617623286,-20.325068680501854,-31.397550599438027,-20.099502451498246,-19.967434743661634,-19.84235449139976,-20.942302561339726,-23.50724447354362,-28.939177084972894,-63.54394667801157,-238.69627147391276,-100.02829279556238,-21.3623088163936,-29.076823877412544,-22.859059033956402,-20.81215594566955,-19.9013989380291,-19.851244440563537
-19.94937185519331,-20.08422477079344,-19.943145931288463,-21.894883598776936,-29.95454142789566,-19.991657352048115,-21.88110765905925,-44.91097286652264,-62.32172327606727,-20.42467360755166,-20.000593580040086,-20.136857784943633,-20.1395692658948,-20.411260340020878,-31.398897796388958,-20.185884360018058,-20.058073769461313,-19.93561757096516,-21.02473176564061,-23.567312406982854,-28.94850896960069,-63.33149840088336,-237.39295407219075,-99.67487719551235,-21.43919484196151,-29.07874529641284,-22.92084636708941,-20.89642975782615,-19.994908678609224,-19.94600899945749
-20.54640608753611,-20.67949533769984,-20.543088580778683,-22.498507189962346,-30.18491418090688,-20.584930403838573,-22.40977979105509,-44.76405896992368,-60.11351783100044,-20.976469770709183,-20.594785498591715,-20.718413658495315,-20.725825618728773,-20.958602407817033,-31.209402970935486,-20.76598489128637,-20.653281313913347,-20.536752497577336,-21.55549252729063,-23.94195510743141,-29.338670836672385,-60.41136343302467,-232.16803029173568,-95.46456485028298,-21.923490226483832,-29.288998381074393,-23.42088094469748,-21.426416180346973,-20.58840932968103,-20.54506040971994
-21.285210155133775,-21.408123830852997,-21.291474501913267,-23.124352039902895,-30.487805880282856,-21.326654382855715,-23.01175907484305,-44.853890203744996,-58.32839399143339,-21.685657593947212,-21.323907307347216,-21.441305340909157,-21.439611385232535,-21.639437619495897,-31.20561492868027,-21.458221532861845,-21.37645535204074,-21.27636910218863,-22.213296554647712,-24.427910071962863,-29.574722201130953,-58.393375472684184,-224.33446206448033,-92.35676495170887,-22.534167792121178,-29.4231400409795,-23.960327249374913,-22.09315447051205,-21.326669566550482,-21.292508021644885
-20.728436425936135,-20.856830387253893,-20.72891493111673,-22.618911737867336,-30.230483670945617,-20.769588367922452,-22.541453500873533,-44.780584916772604,-59.84052239315097,-21.15709528762097,-20.772619212389152,-20.897311700418527,-20.89868440965887,-21.12694155636833,-31.250141208893602,-20.93006132562849,-20.827734880512438,-20.717814625756727,-21.71651290357971,-24.05874956464285,-29.31981372093311,-60.24407986042862,-229.30447472790956,-95.09265080361264,-22.075408157818387,-29.278352332186785,-23.529441011587597,-21.592481255435775,-20.77122790488408,-20.73072431588076
-20.928248966307283,-21.057694872772423,-20.928647588243134,-22.845536758307663,-30.357868135051227,-20.966823942548587,-22.732345988773744,-44.78649824368419,-59.05126031670254,-21.33880044406785,-20.973038785879368,-21.091521015869077,-21.097176110892754,-21.310610394312125,-31.172921014407645,-21.12911818159482,-21.029751500721957,-20.91982449435927,-21.89598181095009,-24.1958126744785,-29.50983782707353,-59.11918382433539,-228.6164839185915,-93.53262804913385,-22.238207544235536,-29.382507810603855,-23.71583523947821,-21.76961743152953,-20.969261962450485,-20.930113788910155
-20.320625075122685,-20.459799902164555,-20.31276569329217,-22.357754290689186,-30.152771019729293,-20.355765330178134,-22.249596537913884,-44.800093236944264,-60.424547362545034,-20.75143665602694,-20.37448354626972,-20.496046349561034,-20.511360176802512,-20.74829274867617,-31.147008842951198,-20.56213465768206,-20.4372794849335,-20.312344057267477,-21.35507870721332,-23.798681491237044,-29.378757440205554,-60.55095687242595,-236.2289615902184,-95.92037043603204,-21.732540555941945,-29.308815871841176,-23.28978132826944,-21.21937325294376,-20.361600867792724,-20.314903776408823
-21.292145431965178,-21.40920273159758,-21.303005470280024,-23.05207702320227,-30.445589764255075,-21.33873448796498,-22.976540844985966,-44.94616219180848,-58.71891135077623,-21.70636574599976,-21.326060146047737,-21.449275576101602,-21.437450173072175,-21.643876733231146,-31.298451791813086,-21.44523578983172,-21.37358614270925,-21.280409363523464,-22.21510449959601,-24.4225845936767,-29.39654102653278,-59.14626430106089,-222.57294325696503,-93.39792393868905,-22.538527563781635,-29.32080811698679,-23.904642286010642,-22.102203122971357,-21.33608966611052,-21.304124468262813
-20.329274364781615,-20.463556732227364,-20.324486455940573,-22.28747352312519,-30.088769622465804,-20.368602791597343,-22.220658504791857,-44.78181220745948,-60.8280992168606,-20.773416107743436,-20.379015821356642,-20.506644387082318,-20.513399132845176,-20.758954259650913,-31.257379599091955,-20.556729771434053,-20.43774244003697,-20.31845206351206,-21.362154824897807,-23.800331238206184,-29.214251540938662,-61.33055315610834,-234.03771444031946,-96.8014600126036,-21.74608137799955,-29.222615028700215,-23.24457041650732,-21.232594668899274,-20.372263400427194,-20.326764163425793
-21.236947430936947,-21.3600642520547,-21.242897470665927,-23.07654003247545,-30.459861248542538,-21.278598899446386,-22.96881712879753,-44.843622084633935,-58.47338577294687,-21.640443888880583,-21.275878499652762,-21.394224372263512,-21.39233345865251,-21.5949675901763,-31.212943982834307,-21.411595947275625,-21.328421103419025,-21.22780967614733,-22.169983208685903,-24.394756378921187,-29.543090400299267,-58.585204048661964,-224.62709896055293,-92.63165476845457,-22.494358957604952,-29.405097051938434,-23.91989327487157,-22.049861161738527,-21.278631797234944,-21.24400586158901
-20.812366458447507,-20.942762863615982,-20.811725298948854,-22.737753005253968,-30.30040893708909,-20.8510505077449,-22.6330895323263,-44.77289278777026,-59.37883247787352,-21.22915793870611,-20.858102249188303,-20.978341820881397,-20.98427718215023,-21.203797939892713,-31.185506345351655,-21.018490489484936,-20.915229833857012,-20.803486113173758,-21.792486488023915,-24.117826059196766,-29.4518133765763,-59.52690401891438,-229.5837218072868,-94.13332552874421,-22.14269837606825,-29.350543813528375,-23.624432446391133,-21.66551272018665,-20.85373648814511,-20.813351229866193
-20.18190192544242,-20.325329452998027,-20.171189197520473,-22.28230196541617,-30.158662298939625,-20.214634713797334,-22.155694702929992,-44.86940775286773,-60.57244750242584,-20.611738386365932,-20.239588199317136,-20.35895646408999,-20.37995799787327,-20.617871701628093,-31.093476519911313,-20.437508332005425,-20.305291430598178,-20.174736398673804,-21.231455091019406,-23.71308047212621,-29.425318437777463,-60.544080658831625,-239.26034354972683,-96.15077885458467,-21.613017529681443,-29.329970314972506,-23.21480353252497,-21.091044356235003,-20.22209530070082,-20.173398427293183
-20.150454191298984,-20.292960767175337,-20.140101638003394,-22.232920030470673,-30.11588784470817,-20.184188999037282,-22.1197529753247,-44.841775726609896,-60.767376512812035,-20.585233396248494,-20.207351837620212,-20.328881115701744,-20.347870058002545,-20.5898533304152,-31.126773713750637,-20.404435987639992,-20.272326873301562,-20.142552859938736,-21.203599335533905,-23.689160429001653,-29.368732303695108,-60.85425228303096,-238.87257630787857,-96.51870042843382,-21.589442198321517,-29.30287541624835,-23.177911642261193,-21.06444594068994,-20.191212547317665,-20.142390313647038
-20.214178856231605,-20.349444859736387,-20.208395220039833,-22.18108745524658,-30.045513624386786,-20.2536426317301,-22.123254893104683,-44.79840102322567,-61.18729430126955,-20.66496455327932,-20.26494926714479,-20.394273006442678,-20.40126961715087,-20.65307685438388,-31.27771322691563,-20.446816322349363,-20.324088345828866,-20.202919956956993,-21.25992861806056,-23.726596289926327,-29.161145477163892,-61.7736684884324,-235.2228057433504,-97.46211178911315,-21.65192936955338,-29.194787804093632,-23.155150798780546,-21.12965951875383,-20.257554209140817,-20.21082365561002
-20.214178856231605,-20.349444859736387,-20.208395220039833,-22.18108745524658,-30.045513624386786,-20.2536426317301,-22.123254893104683,-44.79840102322567,-61.18729430126955,-20.66496455327932,-20.26494926714479,-20.394273006442678,-20.40126961715087,-20.65307685438388,-31.27771322691563,-20.446816322349363,-20.324088345828866,-20.202919956956993,-21.25992861806056,-23.726596289926327,-29.161145477163892,-61.7736684884324,-235.2228057433504,-97.46211178911315,-21.65192936955338,-29.194787804093632,-23.155150798780546,-21.12965951875383,-20.257554209140817,-20.21082365561002
-20.381235737815768,-20.514555063126664,-20.37724862581271,-22.32742020408979,-30.10467259155503,-20.42097051219705,-22.260893723524337,-44.78006566910876,-60.71540647708535,-20.823931684929043,-20.430097926616984,-20.557582716472762,-20.563301087349974,-20.806978456147164,-31.260462882942385,-20.60479306120767,-20.48817557238146,-20.37033161172984,-21.408210254328992,-23.83391643830577,-29.220612975366976,-61.22102600633413,-233.33034140763328,-96.6148954107237,-21.78916353478068,-29.225533251930763,-23.279380582768756,-21.279633769231545,-20.424280966581488,-20.379473329502485
-19.25878113648433,-19.407436720388908,-19.241995114506793,-21.38464192488137,-29.775624500198944,-19.295120639861032,-21.357456425192545,-45.04986723596343,-63.831062009653934,-19.750478412763893,-19.322145655975017,-19.459430679371295,-19.476938136254375,-19.77086524619317,-31.360199610303745,-19.547739003485596,-19.389493827577752,-19.24672729166859,-20.414710816370153,-23.12056104917787,-28.93058830072389,-64.68888404574507,-247.96769836670694,-102.16516817444645,-20.86621281138865,-29.09571163302941,-22.47711953937031,-20.271391546654534,-19.303348178957943,-19.245434961250467
-20.46059639668138,-20.605459653710373,-20.450433988421626,-22.603602913873665,-30.426894255909893,-20.490177919175707,-22.423086720965784,-45.04392615114945,-59.50165311690844,-20.866746465882976,-20.51961832813404,-20.629117483168482,-20.655984244300704,-20.872297968396893,-30.97532800627007,-20.713001171106093,-20.586369680889277,-20.456334000845835,-21.4795740531328,-23.92023610247559,-29.68582608510436,-59.023223842705704,-239.39654665837952,-94.20017129798148,-21.835486311639965,-29.451842341474013,-23.4700734430757,-21.33628648273068,-20.49857715751875,-20.452173068766623
-20.36669714532199,-20.51143965049654,-20.356145575763474,-22.501772615581142,-30.340199476330014,-20.397025022164165,-22.335660485558353,-44.98451864266032,-59.82131762968157,-20.779653504293677,-20.425560497887428,-20.53788512649156,-20.563432540596317,-20.78618365499475,-31.004329494865097,-20.621133451335304,-20.49226288049019,-20.361654270070165,-21.395816325481196,-23.850156043467372,-29.610955786090123,-59.461549999918134,-239.5025557616219,-94.77639253646558,-21.759662501024685,-29.416965609843025,-23.38787268222422,-21.25307239954261,-20.405266874003427,-20.35803051921414
-19.406193492849685,-19.558993010327974,-19.387840044069666,-21.618135441811088,-29.896167448270454,-19.43765985596869,-21.521708303683198,-45.051628429991695,-62.72586918848209,-19.870944301159668,-19.47253356579556,-19.599934828126177,-19.62696144188591,-19.899243772926134,-31.160348751537462,-19.701887814561854,-19.543811885095998,-19.397702124037043,-20.542457204245505,-23.206450572051928,-29.192638091030787,-62.971569644320724,-248.84898455989773,-100.08371398670978,-20.971553976945046,-29.22295632575497,-22.647828018435792,-20.39325445071739,-19.447911048820323,-19.39087640340421
-20.16821163803098,-20.313693206684913,-20.156426947839694,-22.30329939654016,-30.206102097465923,-20.199422669826433,-22.159277627802183,-44.93201631205547,-60.45371694608808,-20.593646328614792,-20.227731488413834,-20.344504061975996,-20.368885859099734,-20.603469615123444,-31.048902514050955,-20.429126246500335,-20.29482472826804,-20.161999265612963,-21.21897481327255,-23.710002179935312,-29.488461122146667,-60.28129043278486,-240.61033987197575,-95.9278894669769,-21.597824318742216,-29.358610059141817,-23.224415950276672,-21.076103825865765,-20.207716970035438,-20.158586360270583
-21.518194546890356,-21.629819277858665,-21.53428435043736,-23.219673104311266,-30.546830715496064,-21.5677696616693,-23.146882089948825,-45.092956661230495,-58.3281210877789,-21.928138616113465,-21.54739570957426,-21.67031472392947,-21.65163713096787,-21.84915351007629,-31.32625328022305,-21.647606427027345,-21.59119661095273,-21.5056851265698,-22.413780902267373,-24.56729310239482,-29.413072904107572,-58.78779926116073,-220.09913148503037,-92.91819617477496,-22.721591965108495,-29.329477199916298,-24.04813854369967,-22.306198605933474,-21.563011589342036,-21.5350885907013
-21.021258546863702,-21.155561929083245,-21.01898782687677,-23.021788665680752,-30.54872711348775,-21.05501969427435,-22.856595706292403,-44.92208794649254,-58.406086931136514,-21.413371218835195,-21.070570615827915,-21.180006063340763,-21.195334831173135,-21.394838372049925,-31.055797591347854,-21.2340439169456,-21.131044692728548,-21.016081543654625,-21.98099430241715,-24.282163646911062,-29.748970266946003,-58.01939979050671,-231.00014321920017,-92.21806953634135,-22.309569190892745,-29.501824644309103,-23.84882839753071,-21.84808617401558,-21.059763208473505,-21.02018055516966
-20.892568432108927,-21.026504673482354,-20.889973549101992,-22.87908634069399,-30.430859966635033,-20.927594826716454,-22.734466044651015,-44.84355723263264,-58.84313091112185,-21.294524182772427,-20.941472902897917,-21.054944294658274,-21.068102578207792,-21.27651629907429,-31.093277567279586,-21.107266252206134,-21.001522077456293,-20.886173926640765,-21.865439647016263,-24.1855867921117,-29.63549272747155,-58.63565846987355,-231.06274110032894,-93.03714704032123,-22.20477891372023,-29.444280077008848,-23.732352253187692,-21.733658097954567,-20.931989862850525,-20.891379277356318
-20.826246511365916,-20.956599761581653,-20.82568163615985,-22.751755356569692,-30.308257052453172,-20.86485521722385,-22.645504049314827,-44.77441821640974,-59.33372986460097,-21.242101074537775,-20.871929966370082,-20.99187137855956,-20.997899238936032,-21.216575451954636,-31.182505608279815,-21.03195651001365,-20.92906603586512,-20.817457563855882,-21.80490406783342,-24.1272826950761,-29.461120344813175,-59.46703168040814,-229.49623280898618,-94.04804776142406,-22.15407750897998,-29.355597248368422,-23.636127674155027,-21.677915799520022,-20.867543648242133,-20.827286728466234
-20.934242787552694,-21.062869351965638,-20.93522114079496,-22.839297493995346,-30.348406424767447,-20.973485096422664,-22.731636569580363,-44.78468410711501,-59.09256491900697,-21.34644082141732,-20.97830660035963,-21.09765176783412,-21.101929071645575,-21.316241322830745,-31.187178649582226,-21.1324859399049,-21.03437108983936,-20.925442431255508,-21.901009678734034,-24.197973134476182,-29.486957905766204,-59.21087918413858,-228.23247471262823,-93.63676424665091,-22.243656499801098,-29.370574172388338,-23.712329944488186,-21.775637993167987,-20.975560160477546,-20.93669771811272
-20.889973814032903,-21.01533815676083,-20.89314780385812,-22.744545993181383,-30.287972415978864,-20.932472180342742,-22.667126568521702,-44.80572361103848,-59.50203021230784,-21.314099378693395,-20.931377010183244,-21.055551286733785,-21.05354947910636,-21.27559943628441,-31.26125194013583,-21.078784396087748,-20.98448525943186,-20.879114340914775,-21.859662791624036,-24.163271894966638,-29.3448495017832,-59.90676608027241,-227.30460382831222,-94.55209936055292,-22.208741025034186,-29.291978192433852,-23.638570408111494,-21.738618298782896,-20.93298797877524,-20.894770251124523
-20.73637214060628,-20.863127053873445,-20.738062352090786,-22.603376054345485,-30.22354447212667,-20.77892440578423,-22.536976089348464,-44.802754982331564,-59.94783380128015,-21.168908053206902,-20.779232461927695,-20.905534539765593,-20.904123511085817,-21.13435042909917,-31.28017044988903,-20.932636175614352,-20.832919292270503,-20.7249578239779,-21.72281687069846,-24.06348239894755,-29.27190845898584,-60.45879959675146,-228.7476704649587,-95.36728154095533,-22.08259241650957,-29.25091408304483,-23.518803826293663,-21.600829313869877,-20.77982882870512,-20.739898874734358
-20.65226196349434,-20.775755608451323,-20.656192391571295,-22.47080130339336,-30.19001965345145,-20.698487861136854,-22.438625162815544,-44.90990239756998,-60.5450179350357,-21.100919069191487,-20.69298804106385,-20.824375612275368,-20.81628977440135,-21.056937827803587,-31.370576215166732,-20.839444551664204,-20.74323244817106,-20.638442578825366,-21.64565898109681,-24.014102009685505,-29.103357900129314,-61.400743263926515,-228.69915710570575,-96.70023803593264,-22.014297916105573,-29.15049868923152,-23.41043134675166,-21.528379798273328,-20.697776684360043,-20.65823932628468
-20.462558676079325,-20.599199796509133,-20.456709671172117,-22.466683710299357,-30.19188938729155,-20.49869504654693,-22.360013123167477,-44.78042881390692,-60.11997738158206,-20.889360658871578,-20.514083026120893,-20.635304647424242,-20.647948080432787,-20.880026061583305,-31.158083994516666,-20.694092100125726,-20.57524246405769,-20.45409548181457,-21.481371559994606,-23.89067116248853,-29.397672767127805,-60.25655824723269,-234.22907054884712,-95.39144754797388,-21.851211852843797,-29.319304959030237,-23.38599576193402,-21.348217135080624,-20.50363307267149,-20.45870769287267
-20.725026659238665,-20.854530915832747,-20.724711282027222,-22.63191614712161,-30.239074211353355,-20.76521906111603,-22.546437824715206,-44.77116249541005,-59.761291502543074,-21.15092409722419,-20.770126362750815,-20.893623693844376,-20.896913396097002,-21.12365193945025,-31.228828554163904,-20.930179742339423,-20.826197592553825,-20.714959247471523,-21.713941908969492,-24.05735928371438,-29.354237650141336,-60.08855183788823,-229.71196374307266,-94.89895104001404,-22.07197801265118,-29.297513317441283,-23.538386278935857,-21.58852255269446,-20.767359396279268,-20.72649817081626
-20.544182881256187,-20.677555015421664,-20.540672457644135,-22.500610492300684,-30.187410103888737,-20.58247738873632,-22.409866568689736,-44.764151721390455,-60.09765279578045,-20.973636047245996,-20.592804072080032,-20.71613662083567,-20.724021789696643,-20.956456774340595,-31.203988530016165,-20.764642616401765,-20.651531357771567,-20.534660738948965,-21.55358226372183,-23.940784769674913,-29.34668324245093,-60.37693310081097,-232.2978631817956,-95.42623902069366,-21.921396497989786,-29.29326670267986,-23.42198831887221,-21.424159527378734,-20.586080599307973,-20.542639722593655
-21.15534389108852,-21.27657776790256,-21.16246352144874,-22.96465310102346,-30.395450431287266,-21.199330537949287,-22.88034555633517,-44.85989600829656,-58.88567257849792,-21.569640834625346,-21.192855548222678,-21.31515559181888,-21.30902839043659,-21.519318284821363,-31.26419870721098,-21.32537181658139,-21.243456961125368,-21.144569781910043,-22.09529018151074,-24.335714412295797,-29.41882453040078,-59.22399564331069,-224.4537785049104,-93.52179421404128,-22.42705171779864,-29.33433397056244,-23.827967586095617,-21.97797385962903,-21.19837575240841,-21.16373972749038
-21.266653971603034,-21.393163232068833,-21.270278124304916,-23.158212315457437,-30.53833495360449,-21.305099617093077,-23.022056159880655,-44.86179968788426,-58.143960780549286,-21.65986379056634,-21.308607339416543,-21.42210703583682,-21.4265626898199,-21.622645898306608,-31.147534729515684,-21.451464518392644,-21.363965075810494,-21.25949430257633,-22.198697195230697,-24.42676754543013,-29.678146338884332,-57.994308235475614,-225.97022668797177,-91.8786815761494,-22.51781417137189,-29.476901859539968,-23.982194373068175,-22.074186092232516,-21.306733273494228,-21.271269208877758
-20.1747147948607,-20.30177868036897,-20.174720781024188,-22.02151859175639,-30.053717600249225,-20.22205006327679,-22.03252862727339,-45.037554808541884,-62.156242616335845,-20.654779053104633,-20.2198551227961,-20.35843918534799,-20.350575432603268,-20.619500070528378,-31.48154030263807,-20.382519032952814,-20.270864073684574,-20.158690316123174,-21.221855345978327,-23.72620230644917,-28.859059002454174,-63.44098741050156,-233.8875896166767,-99.71928847711122,-21.62571348372987,-29.011941841288913,-23.032306506945638,-21.10288509789907,-20.222157623387684,-20.17745632501897
-20.315716904895705,-20.451771378007393,-20.30973466713309,-22.301252083480705,-30.100322549990736,-20.35359199364721,-22.221405660585106,-44.776891604998326,-60.71848402397443,-20.755776744802716,-20.36692822431684,-20.492716948618313,-20.502441203171504,-20.745672864291603,-31.22142729843977,-20.548624132607472,-20.4271520125223,-20.30573300930549,-21.350419129883825,-23.791702643728172,-29.265373141691516,-61.099336893561464,-234.8092370918537,-96.54109126517699,-21.733033726016657,-29.250488145413577,-23.251957833592506,-21.218659344864072,-20.35803158930677,-20.311979240811247
-20.18129878681053,-20.317540305105663,-20.174778003408385,-22.161686395409113,-30.03858290420436,-20.22018123401022,-22.100507406445153,-44.79807171916307,-61.22460527661824,-20.63188759725079,-20.232913204281772,-20.36188473216892,-20.370180573925197,-20.622469191451053,-31.267243156761694,-20.417446083131868,-20.292795290991013,-20.17029141850591,-21.23085934108781,-23.705093031165216,-29.170193947461236,-61.77890689953101,-235.80996144502924,-97.50434293372749,-21.62421385569134,-29.200343888464346,-23.13718362689102,-21.099487492540554,-20.224479197343783,-20.177227147903302
-20.71148897169675,-20.836343611806623,-20.71453102847799,-22.550718097807867,-30.208178152005814,-20.755967005830392,-22.50123062958464,-44.84940137151031,-60.20121238906714,-21.151342047099927,-20.752977425565422,-20.881788659359998,-20.876762193023225,-21.111452481209355,-31.324930931431233,-20.90205648475634,-20.80480599445924,-20.69887476666366,-21.699489067099787,-24.04860089024144,-29.19143843233325,-60.8805749865206,-228.4582384795827,-95.95077174896254,-22.062672511185152,-29.203529195754577,-23.476707278939276,-21.580081620552477,-20.755966209365567,-20.71645163321407
-20.206772446224534,-20.343953770500136,-20.1997292090945,-22.203817119165063,-30.0592470032649,-20.244596130227503,-22.130588759579894,-44.7892628560008,-61.035455265396806,-20.65241750351339,-20.25909522761887,-20.38625287269018,-20.39655580969302,-20.64524859223643,-31.234973374666335,-20.44511837554411,-20.31990340514493,-20.19648722551174,-21.253628508621144,-23.721087285134924,-29.222263132665507,-61.47744589557382,-235.98729155369293,-97.11691305115521,-21.64352989187943,-29.228314090705624,-23.169498541614622,-21.12093068729442,-20.249361893794642,-20.202108207444848
-21.455089515957614,-21.568173797001837,-21.469743721747342,-23.171800554057917,-30.51733228088662,-21.50388271580602,-23.098815651665866,-45.04982290931653,-58.44188680291068,-21.866419270039223,-21.4855563353294,-21.608647037377008,-21.591784305811426,-21.791928785082757,-31.319794074675926,-21.590985471629107,-21.53033727095104,-21.442758812126026,-22.35830562304767,-24.526908587295136,-29.40587794746811,-58.8982759538278,-220.7506312477461,-93.06228781835549,-22.670607841828808,-29.32548907984395,-24.007326458084243,-22.24932763335268,-21.499687431640474,-21.470640174085872
-20.125041567612183,-20.266773879635828,-20.115017191757662,-22.192580771661802,-30.084210613567883,-20.159629612608043,-22.090557243559644,-44.825547423859625,-60.9317324713178,-20.564001629832426,-20.181292772855407,-20.304583116058883,-20.32187999594475,-20.56722533580847,-31.15494122628361,-20.377571162272808,-20.2456180288638,-20.11652331542566,-21.181082448477376,-23.670553052970938,-29.321915564016127,-61.11574298731472,-238.58722885732277,-96.83366714051674,-21.570407842986665,-29.279966429988338,-23.147695913111296,-21.04299122415474,-20.166280398653026,-20.117371301624445
-19.816099815233144,-19.960775551693636,-19.803344169438205,-21.91318592036374,-29.964846169336894,-19.850804593718273,-21.8316988398675,-44.8751049343969,-61.8641941333256,-20.271490397522214,-19.87520720887778,-20.002772065913092,-20.021148063885548,-20.282215796783397,-31.20224952422041,-20.082950102063734,-19.941080997032312,-19.806616480368234,-20.90683652953239,-23.46912024665286,-29.196685973563923,-62.23302939019117,-241.92099070505597,-98.53816834928706,-21.316936272388144,-29.2192999892249,-22.912619764446156,-20.76628139711331,-19.85824874408499,-19.806068873351776
-20.491617911887605,-20.62861118788643,-20.485662706889027,-22.503350534547064,-30.21707133444222,-20.527218800080927,-22.38936022516317,-44.78883762327015,-59.98589352470351,-20.915239540539147,-20.543427682284534,-20.663411074821816,-20.677042377835384,-20.90650372178282,-31.14096913456541,-20.723511267684813,-20.604936600577147,-20.483576488285504,-21.507342022547032,-23.911395910688462,-29.43221443302659,-60.05720719017679,-234.26489230834838,-95.13212890592635,-21.874302559047404,-29.336891564568244,-23.415045062183047,-21.373620772665628,-20.532357673213685,-20.487604944936383
-20.584002835930953,-20.71792853229754,-20.580267908857515,-22.551580215141698,-30.218417878962455,-20.621483428197937,-22.450484262957424,-44.767217730476986,-59.906298281029976,-21.00883629860726,-20.633047320893972,-20.75466077410265,-20.764025938566867,-20.992807843844908,-31.179436941053865,-20.80526768112222,-20.69236121729557,-20.57510057753676,-21.589283744674702,-23.968453323984306,-29.396289976841764,-60.09065080370002,-232.31711077985145,-95.04633633913957,-21.953191317140867,-29.319490585251714,-23.46268053943377,-21.45897955085215,-20.625400016055657,-20.58215703186247
-20.682286387961554,-20.809961682132943,-20.683145334922386,-22.55989431389827,-30.203894523768184,-20.72447524165259,-22.4942557626361,-44.79664714861437,-60.07101479245979,-21.116619386988305,-20.725998768102603,-20.85258836678128,-20.85213208707365,-21.084596656012767,-31.278877789946694,-20.88253406838811,-20.780278268280963,-20.670903015490758,-21.674884269173624,-24.028532506710217,-29.260649770079695,-60.58866508862786,-229.39454748531867,-95.57032854389801,-22.038053255164808,-29.244945066922362,-23.481333772598074,-21.55200863906253,-20.725711852323844,-20.68504594521721
-21.294078638308328,-21.418470580722154,-21.299292446155384,-23.155300617632367,-30.51691185619279,-21.334152209467813,-23.03108999878127,-44.855684122780445,-58.1983257801716,-21.690343599849122,-21.334079976634033,-21.449515973394334,-21.450537207008626,-21.647833853257488,-31.178560478147652,-21.471676300187806,-21.387859468784832,-21.286064372427404,-22.222206584066804,-24.438698576907715,-29.6299343630981,-58.155467867258174,-224.90036089752053,-92.05013434994382,-22.54121271249063,-29.452816720725973,-23.98387611197591,-22.10017702315257,-21.33485994282021,-21.30028288702722
-20.40315671966169,-20.535733713796603,-20.39973849779307,-22.339135031827475,-30.109030144161174,-20.443364588236676,-22.27544336417717,-44.78311053572645,-60.698381030954174,-20.846223148084423,-20.451380169736087,-20.579195915924807,-20.583881251498205,-20.82734859846894,-31.269239741502822,-20.624046466114855,-20.508883142562997,-20.392038559228467,-21.427540897065686,-23.848188082470262,-29.211921297699085,-61.231243627579275,-232.9211858643159,-96.60670469118347,-21.807636819699777,-29.220406436143442,-23.290444292171347,-21.299810180709407,-20.446374070303506,-20.40195033267048
-20.944211206851463,-21.0727004066953,-20.9453182191457,-22.847727467517927,-30.352523195327244,-20.983493129745003,-22.739759968033198,-44.78591929810142,-59.068733416440395,-21.35601471617775,-20.988144615497504,-21.10740701012247,-21.111560900229556,-21.32543362684833,-31.187199848800898,-21.141828396530656,-21.044128585471135,-20.9354215244636,-21.909890615985404,-24.204552760380572,-29.490130510130207,-59.18403337120037,-228.12686968383366,-93.59519122712751,-22.251907480903437,-29.372387956766232,-23.719609329943093,-21.784639638721938,-20.98552144005209,-20.946782219404483
-20.17110595843065,-20.30810885800195,-20.164064256373923,-22.163068301505405,-30.040647061771153,-20.209400048800195,-22.096835852752058,-44.79586908831247,-61.19230702976563,-20.62024241069641,-20.22335040053615,-20.351643071484965,-20.36115790400584,-20.612706576350813,-31.25289925022466,-20.409659959594602,-20.283869474276294,-20.1604255580334,-21.22190101529779,-23.69820854116946,-29.18908300990652,-61.69913487513743,-236.16573389465395,-97.4210931917538,-21.61500262171237,-29.210830357239356,-23.136601202305034,-21.089596277518616,-20.214025168337667,-20.16650481349509
-20.739697475591417,-20.87255264622967,-20.737190695174434,-22.69948657416449,-30.296663485077737,-20.776836556434354,-22.585125269570614,-44.77806792490588,-59.44028958216284,-21.15553701447692,-20.78766029005747,-20.906633613052776,-20.91603184012501,-21.136285607146213,-31.15587645496054,-20.954614353563063,-20.846558398584154,-20.73150628987813,-21.728223287042574,-24.073249321379354,-29.479417876344193,-59.50222622493894,-231.05190727427942,-94.185483491605,-22.081154418690343,-29.36391626504655,-23.587175715271403,-21.598528484873068,-20.780517724246,-20.738865952336536
-20.725960126086843,-20.860645059096104,-20.722264350068297,-22.714405281871148,-30.325481661836555,-20.76164887379458,-22.586696385541426,-44.80097622770509,-59.346789938619324,-21.138096719661853,-20.775574964271375,-20.892474475514817,-20.904936290117114,-21.122943974704242,-31.121645542248523,-20.946396115777624,-20.83585258104521,-20.71861011409091,-21.71637476835998,-24.068864021507622,-29.531970618490305,-59.2914344060505,-232.04325700343935,-93.97027940841464,-22.06790755644285,-29.38993658142038,-23.594689400315453,-21.584465568268058,-20.76612480306608,-20.723910153053502
-19.94566697734965,-20.083687790177088,-19.93730390666178,-21.940103746063045,-29.955597159723922,-19.98508401617692,-21.899907805091416,-44.85144686902225,-62.007073465399756,-20.410939673631237,-19.999221920532868,-20.131980062131127,-20.140270050965032,-20.406000766127743,-31.320513269779397,-20.19163561150406,-20.05972203249071,-19.933629552938676,-21.021924657296516,-23.55649565935628,-29.055432179533682,-62.75695604968655,-238.27430596195055,-98.95359017961908,-21.43230745565547,-29.141360393833146,-22.952227606762808,-20.889385932733486,-19.989777083351594,-19.940065263798832
-20.140826104223592,-20.28178802338644,-20.131292404076955,-22.196330171529052,-30.07907181149976,-20.175934579591047,-22.09904890145733,-44.815061401455075,-60.94123168921621,-20.580740302461262,-20.196402073902007,-20.320323691337354,-20.33646678392591,-20.582284518993674,-31.16801121755736,-20.390979792759143,-20.260157770504993,-20.132026249112922,-21.195145716923445,-23.68008800696142,-29.306286536042563,-61.16660826178578,-238.10559397861445,-96.86220989329047,-21.58448396729275,-29.27219737129166,-23.153105151829266,-21.057952850179852,-20.18227381263643,-20.133648466502954
-20.561676692158166,-20.699063013918646,-20.55575519165307,-22.58431766506206,-30.27294927722295,-20.596390604583366,-22.45673875991721,-44.81058489989509,-59.7064626524913,-20.978993166329886,-20.613799534348637,-20.73137908934903,-20.746575601383455,-20.97061173418854,-31.110910284669924,-20.79312756008085,-20.67575742495103,-20.554406622296526,-21.56993129766355,-23.961349909910655,-29.499640931532817,-59.657619260513286,-234.1720914411561,-94.60158713590347,-21.930627856677823,-29.3709683168301,-23.480185169532543,-21.435413933182176,-20.601807842610075,-20.557577044652735
-20.149972806399216,-20.290957797633734,-20.140458804380582,-22.20647021859986,-30.08478516930796,-20.18498554730183,-22.107573042619773,-44.81552566900447,-60.90429513033932,-20.589091894416264,-20.20555841731135,-20.32920454030085,-20.345508039356453,-20.59063978546375,-31.16407241872578,-20.399991857288867,-20.26935610869973,-20.141260231059903,-21.20327182158048,-23.68624058759871,-29.31400229405759,-61.11528721548775,-238.06574027925785,-96.79263152868958,-21.59181023749066,-29.276049806863668,-23.16126874710143,-21.06601274883614,-20.191349185423743,-20.142799996427556
-20.49786292349912,-20.63340700490921,-20.4928109670133,-22.486276661223112,-30.193826289115147,-20.534652144573403,-22.383936173953842,-44.772564393964956,-60.083615650761196,-20.92493917627559,-20.54839949580019,-20.670145614859212,-20.681294134137417,-20.912994840001975,-31.17120797131575,-20.72556472109618,-20.608776616442235,-20.489109006410306,-21.512703731745543,-23.912705175774146,-29.38637288444443,-60.25817663401745,-233.51842853071037,-95.3454636607903,-21.881290675245147,-29.313805995561655,-23.404967161389173,-21.38076446335591,-20.53915722551005,-20.494787194561763
-20.57102131741047,-20.70354812933649,-20.568155824076488,-22.515734134744804,-30.191177519670752,-20.60983381190004,-22.428074001766582,-44.76399434531286,-60.070749365753926,-21.00070812236386,-20.618891381842147,-20.74259225200858,-20.74931714119943,-20.981399421701056,-31.21361783590868,-20.78843168100075,-20.67699488266246,-20.561273337143035,-21.577317573626637,-23.957783734623057,-29.338264661027118,-60.378307627358964,-231.79407651540396,-95.3988301329459,-21.944056028636435,-29.288789305426032,-23.43630347867301,-21.448834438074186,-20.613098076634902,-20.570104854604956
-19.945816233739965,-20.086680060414352,-19.9356796168211,-21.98678455892039,-29.976998766564694,-19.982689071762927,-21.920828709966585,-44.83350659991959,-61.71802595148614,-20.402066168486318,-20.001600241861986,-20.130804646176024,-20.14416924240912,-20.40404662723123,-31.247422920504818,-20.199796690999502,-20.064668163694208,-19.93534220996491,-21.022116793398794,-23.552964732021906,-29.156270271231136,-62.22637954869816,-239.3136176893264,-98.32812720572696,-21.427970062792877,-29.196575318805365,-22.98334225484192,-20.885872827309687,-19.988665960081672,-19.938341285962224
-21.344294439310048,-21.463124160031168,-21.353892997004372,-23.12949996870582,-30.48075554777622,-21.388885313002923,-23.036460656460648,-44.90669341065475,-58.41690305034431,-21.750237138914642,-21.379462906479613,-21.499833307705266,-21.491648036183143,-21.69274351756393,-31.259072827868664,-21.50247548708078,-21.428782839545683,-21.333879238696596,-22.263547571977348,-24.459620991885483,-29.491924807927834,-58.668859397202674,-222.69801015776568,-92.70795038303106,-22.582437906203932,-29.377386608076005,-23.969287101015073,-22.148130472633554,-21.387121094499825,-21.354899355584568
-20.883461023675956,-21.01476108508138,-20.882472576234683,-22.82710720417457,-30.362400428259924,-20.920789121747667,-22.70537083119455,-44.792106672156095,-59.06480868174704,-21.292616600638244,-20.929939085437777,-21.04720449492033,-21.05560112698193,-21.26899858099243,-31.148233570061564,-21.09080716803467,-20.987997559738506,-20.875632265640014,-21.856514265346608,-24.169599933069918,-29.53781627785522,-59.05708433181589,-229.6773612362366,-93.50882581315271,-22.200070796388182,-29.396076037871893,-23.696377830219344,-21.728061379997364,-20.923995329678757,-20.883962924086102
-20.689898671769928,-20.82208043920379,-20.687654728726724,-22.636088465339807,-30.25401157150675,-20.728025931320385,-22.53427823244811,-44.766840792995524,-59.66917836048393,-21.111291867829728,-20.73731771947897,-20.85843567062911,-20.86602920124985,-21.090724188394535,-31.184293870464906,-20.90386965063838,-20.795526852052127,-20.68094770014015,-21.68347161416218,-24.037466872151747,-29.417858996117772,-59.8453602654798,-230.98454899379894,-94.63907900492529,-22.041201593278355,-29.33153721348,-23.536429822800724,-21.55485582038401,-20.731325283428156,-20.689426522205316
-20.639489204055785,-20.77202116415497,-20.636845345503033,-22.588248599076397,-30.229593652868513,-20.67772610804956,-22.49074251921803,-44.76467723237238,-59.821187742935024,-21.063818851369,-20.687269258019942,-20.809230977206,-20.816819896956904,-21.04428834388702,-31.19211210765203,-20.855528127530693,-20.745607635079097,-20.630308291266235,-21.638500150511916,-24.003795378480078,-29.391013429798782,-60.037402526558324,-231.40502875536632,-94.92030257077226,-21.9997900144106,-29.31707392857229,-23.496144571803455,-21.509684862548653,-20.681103163492782,-20.63868671685629
-20.846860605656968,-20.974428792029258,-20.84829583184048,-22.731288927998943,-30.284227679585424,-20.887754474934578,-22.643644095689623,-44.782331469256675,-59.48051578027402,-21.268478515534458,-20.890144624658333,-21.0129064504529,-21.014262556836425,-21.23591864390499,-31.23152616169962,-21.043559182954024,-20.9450072395826,-20.836789079611382,-21.822177956089707,-24.136640056920722,-29.383790489889265,-59.78685483406447,-228.2899215766064,-94.4233929281266,-22.172661361464517,-29.31397787283166,-23.62433682239118,-21.698580223421562,-20.889207805839153,-20.84993677282426
-21.19881293226866,-21.315515126958445,-21.209684085907863,-22.950870846677745,-30.40368341854611,-21.24648072831952,-22.889203463418127,-44.968301552533084,-59.069580338780305,-21.621175529993774,-21.232764921726325,-21.358297557278913,-21.344844994229394,-21.55767581329817,-31.326663043318703,-21.35247368708286,-21.279515523791908,-21.186122106048785,-22.13078690621974,-24.36179469193769,-29.313171018792488,-59.63832478344624,-223.14680513136327,-94.1187736695278,-22.461185708317174,-29.27039494350787,-23.81865242711192,-22.01890287010269,-21.243542357732423,-21.210962696182165
-20.585187604893516,-20.716904787570964,-20.582910688517746,-22.518136084976945,-30.18926736863251,-20.62459588087858,-22.43500368749992,-44.76578777839639,-60.08734442585919,-21.01600577076872,-20.632359704362997,-20.756689908447967,-20.762158826135337,-20.994660157533684,-31.226367440167955,-20.79988319523233,-20.68982008958821,-20.575128435986546,-21.58972223277177,-23.966462579315877,-29.32151846788422,-60.43702823872644,-231.39224563404142,-95.45549478589372,-21.956310895378277,-29.27971387784372,-23.439948759672287,-21.462194736980678,-20.62751587679597,-20.58485986642696
-21.08439622377341,-21.20660269347208,-21.090546667738746,-22.903834791842815,-30.36506462966294,-21.128098776977538,-22.822327876624538,-44.844815995666195,-59.059179847229004,-21.50166643475649,-21.122843903674827,-21.24579034694299,-21.24054498565031,-21.454182338817937,-31.26550300778652,-21.259057228811756,-21.173993904472155,-21.073527698144158,-22.032196479805233,-24.28943902237065,-29.39426296496372,-59.4248743224415,-225.15856073065547,-93.81954170604536,-22.36871810674236,-29.320074415231247,-23.775805243655135,-21.914062290793805,-21.127478294892484,-21.091920295014777
-20.923329031384238,-21.04645970160922,-20.928288580179036,-22.74825041650571,-30.292561811239956,-20.96754750739497,-22.681862631607924,-44.842952361000656,-59.55987098032983,-21.35077880563029,-20.962901173973524,-21.088609182547902,-21.083101776058705,-21.306054202416433,-31.292831810596766,-21.10417209709149,-21.014156508790162,-20.911593691852616,-21.888211598225798,-24.18425217617818,-29.298836751504318,-60.07396672785924,-226.4676549642915,-94.76494988750991,-22.236343903879618,-29.26488894309891,-23.644046431760678,-21.769814278372298,-20.967097970962215,-20.929904787750512
-20.917558342237005,-21.039379681283794,-20.923516213580417,-22.724611761591923,-30.287603930384492,-20.963000353615442,-22.6676915632279,-44.876064037751306,-59.68555625096145,-21.34897264548949,-20.956163946998416,-21.083261546047396,-21.0754191315389,-21.300492174209566,-31.317919415668257,-21.094139142343696,-21.006198096941727,-20.905103104070935,-21.882149707030802,-24.180799862475354,-29.25311372375355,-60.29534656627744,-226.21082302349933,-95.07728967882832,-22.231493235504878,-29.23743721306532,-23.625099891114974,-21.765454268124753,-20.961948014106035,-20.925167969040324
-21.0571512449982,-21.184424958611455,-21.059489807370124,-22.94848660131541,-30.405421627230723,-21.09658758306817,-22.83445446905605,-44.80326685706705,-58.775525138643744,-21.4636374440562,-21.09990708150088,-21.21781188429755,-21.22116120351348,-21.42953485754095,-31.18147299612727,-21.248698980459622,-21.15526052896638,-21.048661447321415,-22.01069910090923,-24.280093832180565,-29.537926553945958,-58.83266580055058,-227.09351770153677,-93.06891527560015,-22.34521329797515,-29.399398994444752,-23.805839633270818,-21.8863787514292,-21.09824033395199,-21.06080172616369
-20.14431739426546,-20.282110015512078,-20.13669285831369,-22.147401709821818,-30.03607149269928,-20.18214697172681,-22.078324239796387,-44.798287643823215,-61.22287458988196,-20.593301859802892,-20.197250740708736,-20.325239643200643,-20.33580401439311,-20.587710965457656,-31.244164969656502,-20.38566914333305,-20.258362864551362,-20.13384014748595,-21.19817612597488,-23.680812564147402,-29.196581195859395,-61.703124742839876,-236.66162357113126,-97.45878264097772,-21.592319088891383,-29.215234542976074,-23.12192451238039,-21.06498133769705,-20.18708287055549,-20.139149508084063
-20.157118416419127,-20.295460507672658,-20.14919311032123,-22.169985006924556,-30.04840948379671,-20.194352037544892,-22.094057339217567,-44.7960056407337,-61.120521894987334,-20.603394694240436,-20.210477618850323,-20.3374370415536,-20.349148270749783,-20.599072014728854,-31.225855245410788,-20.399762055176268,-20.272111613070862,-20.14704551074104,-21.209591291501425,-23.68902682726016,-29.225588321996682,-61.53768190686552,-236.79819140506586,-97.25066058477736,-21.601835745184854,-29.230570264971576,-23.13898298000252,-21.075636543856007,-20.199556265372077,-20.151611662478132
-19.913336807515204,-20.054089073854353,-19.90316468733149,-21.95030076775351,-29.9614087051921,-19.950598596615595,-21.890536156282234,-44.84100696958224,-61.86168919732908,-20.372705409552413,-19.969094326504454,-20.099290709190193,-20.112012640130196,-20.374476956456117,-31.264084719134402,-20.167676368411076,-20.031944029321842,-19.902527176139774,-20.993345710680007,-23.532553601302872,-29.127969766434504,-62.42686612390869,-239.50661881826466,-98.60301782016458,-21.402135811003244,-29.182061981862674,-22.954046262665162,-20.85739077170742,-19.9564697896606,-19.905881068451134
-20.647108392184332,-20.785759881226934,-20.640827524912492,-22.696280606283466,-30.371141961081996,-20.680133254574002,-22.54539886082342,-44.87542375956498,-59.31925563983844,-21.055016249508128,-20.70038720599299,-20.813861037972533,-20.832314524166133,-21.048349957548414,-31.0592813052668,-20.879990710373544,-20.76336706059258,-20.641172189952176,-21.646387613135623,-24.027189491597074,-29.609590836315938,-59.0699879201938,-234.6399051277783,-93.8680881467539,-21.99816380559881,-29.424719348862688,-23.567819278775413,-21.509922168267654,-20.68621911937178,-20.642478984635023
-20.504592575179895,-20.63389663187329,-20.50376402043557,-22.396997287882503,-30.13538860269669,-20.546857958422564,-22.34427373864053,-44.807901761502336,-60.602474841355466,-20.94882737115642,-20.550020142266217,-20.679054549782244,-20.679254901476472,-20.921238872703373,-31.304484292813857,-20.713407677150855,-20.60498590110772,-20.49258051982329,-21.516844770516087,-23.914606781991036,-29.17897044652171,-61.24369542875738,-231.1741013450668,-96.5429071771301,-21.892423348519195,-29.199948884597433,-23.34356443155663,-21.392817894123223,-20.54854483841858,-20.50590604184437
-20.672115747266687,-20.794636609731263,-20.67685884760876,-22.478775936232136,-30.200221668228664,-20.71904648067779,-22.450244966287766,-44.93482354425056,-60.55246602081075,-21.121875136666706,-20.712100298080397,-20.84390785015844,-20.83439227276988,-21.07503381138055,-31.382260290530212,-20.855676615289624,-20.76152417959111,-20.65796086403457,-21.662770643883867,-24.028064536577606,-29.087996858395158,-61.447740845597,-228.37394161974294,-96.76653365756013,-22.030434953456705,-29.140146146780417,-23.417496073074485,-21.54665144634558,-20.71792885054591,-20.678894862782162
-20.577574836299103,-20.714772960914637,-20.571823427759654,-22.598093561173417,-30.279631736685786,-20.61232088930623,-22.469877284973315,-44.81072226468983,-59.6657486457421,-20.99420062176109,-20.629521760744513,-20.746935408669973,-20.761997769890414,-20.985321646585124,-31.110327885149566,-20.808167825711394,-20.69137108436532,-20.570334728348406,-21.58411132758058,-23.97197365495482,-29.50524225038268,-59.61089611123339,-234.00357414413378,-94.5280987710248,-21.943816649883683,-29.37396984163325,-23.49202521353315,-21.449757008709213,-20.617679545350793,-20.57362636548208
-20.456874467786758,-20.58637328713686,-20.45577288571546,-22.349724923678973,-30.117351667965345,-20.49938525401433,-22.30237118568175,-44.81798263465464,-60.76998424780235,-20.904523706980186,-20.50258274507842,-20.632533459614926,-20.6324751667602,-20.877432717647,-31.317203389039094,-20.667213655888478,-20.557505415371377,-20.44456400261797,-21.474344364529326,-23.884560718481794,-29.14923906761564,-61.46315601272372,-231.6037092127763,-96.86248590329652,-21.85351123941179,-29.183389301135843,-23.304026349680676,-21.35032192071916,-20.50108104503722,-20.45798572813359
-20.761114312213557,-20.885455245220545,-20.764685312971036,-22.5954809593542,-30.22702660007694,-20.805626746484595,-22.54274426288884,-44.84881893048429,-60.05797363153161,-21.198332594956376,-20.802068977501538,-20.930261011449247,-20.92493765079806,-21.15701766419927,-31.31897414030602,-20.94905200974641,-20.853663486983958,-20.748649079598,-21.743600753965335,-24.080226626325246,-29.21289629794044,-60.705863901859,-227.95443981078247,-95.69207515154092,-22.103322905121914,-29.215601648062552,-23.51468187403948,-21.624573227055826,-20.805471826752193,-20.766537498488116
-21.2581943886126,-21.378734918048313,-21.266175329059404,-23.06268439617739,-30.445812315770738,-21.301960134535335,-22.969628306216308,-44.87339361631992,-58.58518790879648,-21.666422723795485,-21.294928769011804,-21.41555571682216,-21.40938719637431,-21.613933509303713,-31.25111413131846,-21.423875418504522,-21.34536379275326,-21.247924155357317,-22.187321386751524,-24.404035429375547,-29.47760528155359,-58.83747492049889,-223.66304444712551,-92.96063569299707,-22.511765748556833,-29.368611764963745,-23.91131479485055,-22.070281813327476,-21.300846185304877,-21.26729556686299
-21.631662217680287,-21.749390420618525,-21.64309555598524,-23.415325721311003,-30.648140501657977,-21.67494234612578,-23.293221843705588,-44.975907182894034,-57.56302226328313,-22.019226133337874,-21.665450540835288,-21.780189813462577,-21.773255425218093,-21.957535364675643,-31.21879600039305,-21.780304582971407,-21.715001034186745,-21.623102537299506,-22.521943457813308,-24.657009865806927,-29.687112535659153,-57.528480107090175,-221.04893703543772,-91.0726150549143,-22.820002265806377,-29.49185650421643,-24.212249136496805,-22.40613060160304,-21.673110824489957,-21.643638229536013
-21.30405699377725,-21.418853160103698,-21.316815922976197,-23.036364973071176,-30.449723300378977,-21.352555257474087,-22.972458190334216,-45.0121204207481,-58.839918283543895,-21.722921447600655,-21.33627777330837,-21.46115715928309,-21.44560211328813,-21.65368349676932,-31.329653030744723,-21.44898847552711,-21.381833411825212,-21.29130209300054,-22.223809312029235,-24.429437586520415,-29.338149824705365,-59.3881623661848,-222.0702363253644,-93.76502626670387,-22.54688701516124,-29.284634064530042,-23.891631014292308,-22.113662387380614,-21.348914599267154,-21.317945674156785
-19.993698409902713,-20.136229580470133,-19.982755501290953,-22.066070249683452,-30.023932603018295,-20.02870982255098,-21.976927193726397,-44.83690236388527,-61.36498476375286,-20.440896366330417,-20.05077826568991,-20.176496850329887,-20.193470807887586,-20.446410449443732,-31.18515357633916,-20.251153967254957,-20.115401683407395,-19.984528956576856,-21.06444423766033,-23.58404127699614,-29.251917837567234,-61.664270541358505,-239.75077231524872,-97.63333108536997,-21.463371163957845,-29.245438838556204,-23.042743835608235,-20.925880429340793,-20.035503118877912,-19.98528395665095
-20.414667955584388,-20.553238564295285,-20.40750493667905,-22.447714993301233,-30.200181569220387,-20.449557081614696,-22.331044423528198,-44.80260283027542,-60.13265120329651,-20.839901608080527,-20.467924875950523,-20.587806218377477,-20.603249423651103,-20.834940480481322,-31.12987716014196,-20.65251948766336,-20.530470298988128,-20.40683137866909,-21.438845485671656,-23.86197179665737,-29.428921775453773,-60.18250884331705,-235.45461921138968,-95.38229179029962,-21.809595708509598,-29.334381009965846,-23.364971050246282,-21.30349472810208,-20.455271500975464,-20.409517252196615
-20.397720273339743,-20.533465959511627,-20.39220165874508,-22.38327569440021,-30.13958913586236,-20.43516855250629,-22.293899204898686,-44.77140955105343,-60.435871635263574,-20.83208876085208,-20.448550290096048,-20.572626789951006,-20.582859766070364,-20.82101158926509,-31.19981996168604,-20.628068024337534,-20.508788320626167,-20.388250341475636,-21.42342406173467,-23.84561378853697,-29.316953589569096,-60.72893976232916,-234.1710177767168,-96.0101503297424,-21.799814556964314,-29.27750631954646,-23.319953270500427,-21.29168251676219,-20.439603521027742,-20.394327797921296
-20.85343304299678,-20.98806111303165,-20.850270664925556,-22.848823210100274,-30.418959437962542,-20.88818372298345,-22.703803590938158,-44.84467896202479,-58.92286091805693,-21.25648932316746,-20.90298141093191,-21.01654500122438,-21.030450040561494,-21.240217202503864,-31.08911499160446,-21.070914453559276,-20.963457650697112,-20.847079417457998,-21.830516888243658,-24.16005113584892,-29.628921785933755,-58.713692922261856,-231.58147526467093,-93.1758412534917,-22.17197560174497,-29.439954395391545,-23.705436002389813,-21.698067969679432,-20.892824985250364,-20.851718698315644
-19.98262704323146,-20.12084286102103,-19.974244686955025,-21.982479812842456,-29.970362532363666,-20.021527712119063,-21.934746854623462,-44.836344731879606,-61.833782406897186,-20.444045378504835,-20.036239362348393,-20.167828339529198,-20.17697133829778,-20.439619403326688,-31.299585501998543,-20.22842720813964,-20.097083263624477,-19.97101330831927,-21.054701250411725,-23.578771052332396,-29.0899461795998,-62.512501386863235,-238.03419876460134,-98.61521369112943,-21.46168236121473,-29.15978826089207,-22.98636721957638,-20.92172180067404,-20.026375274572064,-19.976940917846214
-20.859413619795408,-20.988796531977954,-20.859619410685806,-22.77185000778531,-30.313778092134772,-20.898601364853736,-22.668619561402547,-44.77623967141275,-59.293533696126225,-21.275291131017795,-20.904217626272718,-21.024519345031365,-21.02923267158861,-21.247268642561288,-31.192586937197227,-21.061498859183356,-20.960661386546203,-20.85039135961071,-21.83424115155781,-24.14805541340965,-29.454117477438466,-59.45396198496774,-228.9180435821523,-94.00002833118796,-22.181904528000743,-29.352260096373687,-23.654794986428577,-21.708301945488053,-20.900901832438066,-20.861196397693792
-21.143610451287177,-21.2607298921296,-21.153978969685323,-22.89891784341162,-30.380705334226917,-21.19136248901393,-22.841793302622673,-44.96581538769654,-59.234237613462454,-21.569277589506772,-21.178054962350927,-21.304408170381866,-21.291061363671837,-21.507011285150377,-31.334318792118037,-21.299787206149148,-21.224906767980436,-21.130666931627264,-22.081496185354695,-24.326442014419413,-29.282990793905064,-59.848877921996916,-223.62616625929056,-94.42567923573806,-22.415856673028944,-29.252335262255563,-23.7743954665373,-21.9694271862714,-21.188531675364157,-21.15534259467295
-21.818166240454197,-21.937566449752246,-21.829012967161507,-23.635679104087302,-30.824881198244007,-21.858515986031314,-23.479544834783844,-45.07278795506359,-56.90423170957061,-22.18916558676306,-21.853461900966163,-21.961513259350824,-21.959625875638153,-22.130460883930944,-31.164198026267677,-21.968479592011793,-21.904939371319056,-21.81202473093759,-22.691970522363793,-24.80111062782713,-29.892923764391064,-56.54801780923866,-221.3160500608664,-89.7206843472949,-22.974953021523476,-29.60672562114142,-24.39588630303714,-22.57281388700581,-21.85776147068638,-21.829213167666037
-20.45795899285856,-20.599697014634277,-20.449260590237426,-22.54733350311959,-30.31502095359059,-20.489937573892675,-22.395727737921924,-44.90237012049414,-59.731544925752615,-20.87177618063484,-20.514069981036585,-20.628282623471012,-20.649789199585907,-20.872443305126957,-31.045088162405946,-20.70302298470884,-20.578925257960744,-20.452107496900425,-21.47747617931353,-23.90313003739188,-29.573754109332647,-59.48477233730971,-237.1881480010872,-94.61093370222457,-21.839347573254162,-29.40316306792501,-23.435835083243,-21.338033709748217,-20.4970669364044,-20.451105522426328
-20.23747772416418,-20.383194506681384,-20.22588988575565,-22.381150768539452,-30.267313383709798,-20.26799740090624,-22.22465687854978,-44.967408180421494,-60.19163634742913,-20.6572582105914,-20.29720678263745,-20.411702748904773,-20.437341687392326,-20.666745636717547,-31.021060273632614,-20.497295941373775,-20.364483881600886,-20.231925486693008,-21.28055479492321,-23.760538962234595,-29.54860878371273,-59.91506145062642,-240.54162738425558,-95.45143270352833,-21.653204109801155,-29.386555786057826,-23.286478539714672,-21.1371354828324,-20.276473783758664,-20.227936824700198
-20.035171891448503,-20.17453616533392,-20.02622856931123,-22.05707230760194,-30.001874501027004,-20.072574510820523,-21.990810042018342,-44.81610518670915,-61.50556841588328,-20.488506989345684,-20.08957988358638,-20.21838838715431,-20.23029087299725,-20.48683189314899,-31.24870138209616,-20.28316978180175,-20.151664001339853,-20.024631976836087,-21.101357450299034,-23.61052209444477,-29.169929817396923,-62.01142923314761,-238.0609975375719,-97.9586019486752,-21.502147587497547,-29.202447353070518,-23.044381020002202,-20.966641169013972,-20.078031873035897,-20.028802951364323
-19.825810269207444,-19.972626788627505,-19.81196791887768,-21.961026942827836,-30.010043273477727,-19.85864306554597,-21.856916902241917,-44.90950106301784,-61.61868746100055,-20.27399057405525,-19.886694933435102,-20.011003829023508,-20.033285785187147,-20.288894574581224,-31.141459003170244,-20.097814997536577,-19.95427657371341,-19.817558727402012,-20.914949705550455,-23.47719227117225,-29.28167069443716,-61.790623652392,-242.98803064355835,-98.06310995407026,-21.320072067070672,-29.260860548319904,-22.943845054030447,-20.771685434264143,-19.867019821085353,-19.81459819125895
-20.768524687275278,-20.901221876284932,-20.76622208432721,-22.727515638439897,-30.312570434624448,-20.80556833873872,-22.610404145733042,-44.78190285000641,-59.35249021391674,-21.18261903897354,-20.816326469451106,-20.934756900308493,-20.944228581962935,-21.162847234650272,-31.15104364853095,-20.982377188650325,-20.875177069018157,-20.76048597706152,-21.753982603410336,-24.092929189691564,-29.49631280274572,-59.38916397865973,-230.84675073960523,-94.02235425953741,-22.104836114092294,-29.37295112865183,-23.61069151072378,-21.624347405759423,-20.809223574529355,-20.767856396804405
-19.89048815667591,-20.03237311570139,-19.87956717719032,-21.94491647184373,-29.96308406983526,-19.926955576509055,-21.878227958736744,-44.845946465748476,-61.84089126743397,-20.348252616485887,-19.94719721208506,-20.07652240820962,-20.09095191128632,-20.352679967812886,-31.244297611163475,-20.148395025462108,-20.01095494454418,-19.880106297782945,-20.97304692796478,-23.517299555254816,-29.151437533575823,-62.3424060377372,-240.13894706435363,-98.53960330427736,-21.38184898398925,-29.194940021862386,-22.946612794937042,-20.835734443936143,-19.933293831615256,-19.88227865400736
-20.889517247271183,-21.01922993856716,-20.889601226858275,-22.808720378938535,-30.337521785536623,-20.928171977349614,-22.698763421077764,-44.78103273660525,-59.163859579078384,-21.302274806266677,-20.93457711114347,-21.05371098587691,-21.059371683416252,-21.27491610873455,-31.1779531370678,-21.091992484618938,-20.99138763543701,-20.880913778782947,-21.861358730722383,-24.16954856892478,-29.488647488701833,-59.26208123423789,-228.91250577076835,-93.74084597914862,-22.20630885002374,-29.37085283426804,-23.68471907823088,-21.734856302844516,-20.930669961904474,-20.891122289761295
-20.563884158424592,-20.69705967714785,-20.560567181404217,-22.51836381629545,-30.19568483230309,-20.602186246615968,-22.42640346781466,-44.763925029393135,-60.042063525357534,-20.992336225504662,-20.612311533786222,-20.73538935653333,-20.743173774442628,-20.974619405109607,-31.201940938653124,-20.78336415293313,-20.670939392108536,-20.554420437598267,-21.57112429662834,-23.953746211278144,-29.35502354394691,-60.30998285320972,-232.10155445583013,-95.32527344862429,-21.937617509692547,-29.297733209904816,-23.437060294199895,-21.441856728278413,-20.605732479733728,-20.562509155961486
-20.29620932213261,-20.43393805088209,-20.289120989875666,-22.30778081037779,-30.112945069583823,-20.33278891364522,-22.216213318755976,-44.78335203813586,-60.642134893096355,-20.73301039674996,-20.348851345046338,-20.472990782082718,-20.485432803881025,-20.726842348577524,-31.18931135561843,-20.53426531523089,-20.410420172793742,-20.286959968799387,-21.333253552284866,-23.78006458818097,-29.309207430411245,-60.91635501030739,-235.65661203136034,-96.35681793967252,-21.714992063462603,-29.273556029744462,-23.253073209444203,-21.19946332687206,-20.337946795215966,-20.291343198235687
-20.637171768554474,-20.768809956725427,-20.635114385843195,-22.57183927243624,-30.216166615246824,-20.67621258490183,-22.481918407964496,-44.76430595946295,-59.90355398093966,-21.06411746271783,-20.684195550382967,-20.807321755457735,-20.813299390696262,-21.042432300632232,-31.211651956281585,-20.85058873320305,-20.74177529420752,-20.627500823169967,-21.636152194568794,-24.000998413406577,-29.35872314773519,-60.18969739263487,-231.0484251338981,-95.10421294042172,-21.998714727328988,-29.299861190030533,-23.48450796243262,-21.508472670643915,-20.67918119191022,-20.63698386491062
-20.770870146560068,-20.896592816617282,-20.773425462461084,-22.62484852191286,-30.234339178388772,-20.814055050854392,-22.561123751190397,-44.815640218868225,-59.90636955524408,-21.2034793930056,-20.812841467967157,-20.93942271595642,-20.936622345267253,-21.16606489963586,-31.289592370920282,-20.96314015767872,-20.865748382305906,-20.75920492591594,-21.753144850006997,-24.08580673943683,-29.264776960778395,-60.444291677945934,-228.21839487225512,-95.33015493638611,-22.111100011794594,-29.24638174223368,-23.537970762063242,-21.632289436595947,-20.81454432644755,-20.77523085014331
-20.67300800152566,-20.802141342214615,-20.672792475500238,-22.571558960819374,-30.209151470046574,-20.713969922072607,-22.496240585018946,-44.77810780895009,-59.982174543705874,-21.104029671214043,-20.717901273199093,-20.843096693321673,-20.845091756570834,-21.075903160087215,-31.252337399268868,-20.878032548397346,-20.773444562499762,-20.66231398015526,-21.66725023734997,-24.02273557488597,-29.301842009606318,-60.40599433916595,-229.91154177062307,-95.34054320659021,-22.02974468715869,-29.268502902050674,-23.488884139943053,-21.54256374134239,-20.715856702266958,-20.6746712900418
-20.806273488480933,-20.93581487205605,-20.806193879034836,-22.71817580134258,-30.284549624504265,-20.845757744510273,-22.621072404188126,-44.77188431200234,-59.4676401526837,-21.225781124087817,-20.85128037741368,-20.972720457411075,-20.977069016183492,-21.198355337993867,-31.204304262671343,-21.009918307459902,-20.907676877616378,-20.796896516961915,-21.786695283518007,-24.1120675750114,-29.418233388773167,-59.68548808060165,-229.26077861355517,-94.33043326924934,-22.138336112293093,-29.33261181777009,-23.60992609058215,-21.66082318240986,-20.848045590824167,-20.80785113630407
-20.5337147899932,-20.662746339285903,-20.53316463518943,-22.423610435954117,-30.146226631311684,-20.57597064469495,-22.36878960226979,-44.80528838981814,-60.51477468199714,-20.97632677293361,-20.578855779045572,-20.707495084546736,-20.707581604340476,-20.94800674869407,-31.30014395954965,-20.741113717430768,-20.63370460013851,-20.521802942082175,-21.542727245135836,-23.933178084256298,-29.192069355722452,-61.13596983124065,-230.87482904816494,-96.38259289333728,-21.916271814791248,-29.207108072406147,-23.366053514761248,-21.418897402510463,-20.577581695142996,-20.535267478644002
-21.27898193040463,-21.398737052664625,-21.28764264899216,-23.07373804729034,-30.45137780984493,-21.32327782874303,-22.98311506793665,-44.887204530829734,-58.57101433526891,-21.68757470011923,-21.315036075450397,-21.43598191986596,-21.428677905674395,-21.63284572694421,-31.259072723989462,-21.441599614442637,-21.36487835810623,-21.268488044664927,-22.20544471871718,-24.416856265302584,-29.469308477935286,-58.847054355338244,-223.3198706789216,-92.96902370740067,-22.528750949315306,-29.36394199012351,-23.921363814616463,-22.089261600436355,-21.32183703628874,-21.288741905063933
-21.390772170447374,-21.51010090492206,-21.400128104148756,-23.184811820007443,-30.51164682353107,-21.434546297655235,-23.08269204058839,-44.90363385855895,-58.22851178053055,-21.792065299055533,-21.42626130466641,-21.5450441559689,-21.538247366817302,-21.735815650985984,-31.24120347153989,-21.549730841663717,-21.476204103024838,-21.38099523336985,-22.305827903445927,-24.49242263825085,-29.544280823610194,-58.39127147107595,-222.6051955461863,-92.31224743347963,-22.621021133570057,-29.407811516934625,-24.01563186654439,-22.189517898745613,-21.433080354633635,-21.40104986255845
-20.223759644009615,-20.360764038110442,-20.21688185329283,-22.218988836566528,-30.065530739544116,-20.261591749218795,-22.144732145017223,-44.78706298774569,-60.985796989094766,-20.668532721344874,-20.275907894288473,-20.402853262237556,-20.41306503509858,-20.660906439982835,-31.23280618077711,-20.461256030172713,-20.336623988143938,-20.213520808244095,-21.268714945086817,-23.732069102392956,-29.228905082782063,-61.418301732899145,-235.80124246394726,-97.02671047995409,-21.657480275109013,-29.231706463782373,-23.182331904544803,-21.13616551204981,-20.266306279953792,-20.219240013744272
-20.65744591120592,-20.783576602650342,-20.659375343062727,-22.511901947027646,-30.188518816205267,-20.70124124906435,-22.460930234053173,-44.83327055399356,-60.29655656698564,-21.098150058043565,-20.70004520577867,-20.828822639895613,-20.825361199194216,-21.061841663822563,-31.317621773106193,-20.853202759908584,-20.75279591090887,-20.645044472461507,-21.65187031627915,-24.013515336793837,-29.19129808808107,-60.95926057500722,-229.17540270565667,-96.0795997075237,-22.018280618572774,-29.20447179485285,-23.443050108399444,-21.53111731511942,-20.701733446528337,-20.661353101427675
-21.52504235717457,-21.643461034567842,-21.53556260710249,-23.312977102825236,-30.585505886032816,-21.568553555832146,-23.19977214103895,-44.9396683161892,-57.85472081979242,-21.918671369024516,-21.559555869958672,-21.676117989199703,-21.66921943415452,-21.859384507237998,-31.228149640174696,-21.67821127865988,-21.60926766094941,-21.515931608010455,-22.426220293847543,-24.583632755098208,-29.622869302691445,-57.9080552615759,-221.70058391023537,-91.6163627466675,-22.731876296102236,-29.454028849898677,-24.124917087820617,-22.31022456353363,-21.56687538485205,-21.536274767511973
-21.65664977139518,-21.77116085378247,-21.670763340857633,-23.398670133707885,-30.629966055089806,-21.702581677185584,-23.293091419231,-45.02364833032932,-57.68700665244175,-22.04965864924428,-21.68767167738187,-21.80510701599958,-21.792817895450156,-21.978903208486603,-31.2601578884837,-21.793608708703555,-21.734639291796597,-21.646707876629183,-22.54167044338755,-24.665143379973294,-29.608342144392132,-57.81161909915173,-219.93353753925714,-91.47161837351308,-22.83907345167633,-29.447896488992143,-24.20072230218639,-22.429647621853405,-21.69931230644016,-21.671303290552597
-20.555281706550332,-20.681625013174447,-20.556774257328186,-22.408101424015705,-30.15140940500899,-20.59978194270833,-22.369873171527793,-44.86090837048198,-60.67070691336019,-21.003897538923468,-20.598363108955095,-20.729250638186087,-20.72490919877189,-20.968047622343093,-31.34798065052916,-20.75365883309134,-20.65080653995435,-20.54213188945124,-21.560673089509304,-23.949889970038615,-29.12060492794133,-61.45926151205806,-230.06076309893186,-96.80769587622318,-21.934874781682147,-29.1638811210152,-23.356034820548444,-21.44022657126736,-20.600204108489343,-20.558910994485835
-21.068772180576534,-21.192924252335153,-21.07340200522893,-22.9147740749394,-30.37209000006966,-21.110869959339276,-22.821946223324005,-44.8173980432295,-58.96697878945169,-21.48226726562823,-21.108834207722794,-21.230081218149355,-21.228060764520624,-21.440119263304986,-31.235332204936697,-21.250146108260015,-21.161615189471853,-21.05877066266675,-22.01941726242891,-24.28142604935567,-29.444464739558754,-59.22268692576893,-225.84756504585914,-93.55465192795192,-22.355780532310327,-29.34869004333636,-23.782746491212205,-21.898931960586275,-21.111113823881308,-21.074762550500473
-20.73056833403628,-20.865457203982597,-20.726767094360735,-22.722621640034482,-30.333491693478464,-20.766049278401592,-22.592536969299,-44.806187698386324,-59.3155972313182,-21.14184723269502,-20.780367456726353,-20.896866877995663,-20.909744340635225,-21.12709128568336,-31.116109657307767,-20.951474820616887,-20.8408074612729,-20.72336130065596,-21.72054036643249,-24.072798439091905,-29.54261001944746,-59.23944877850712,-232.13644285543248,-93.90797060485815,-22.071414350994576,-29.395238112920076,-23.600879230290953,-21.588356034644754,-20.770622352629182,-20.728399913298418
-20.35268212233467,-20.490079922740914,-20.345988646010504,-22.362362632798472,-30.139620682939796,-20.389074859069463,-22.265278957742822,-44.78109543532537,-60.45951291652845,-20.785947758933215,-20.40497358190645,-20.528072485823298,-20.540655839170082,-20.778807045807852,-31.17736300023818,-20.588636434256475,-20.466438020396005,-20.343720829721406,-21.383511933105403,-23.817450569299503,-29.340464184515184,-60.68346991108136,-235.17917508561524,-96.01806885755003,-21.76114012635556,-29.289660377887962,-23.29857209523748,-21.24989138299436,-20.394175814259377,-20.348133702921142
-20.418141639509127,-20.547352081764604,-20.41714395837136,-22.30492241062737,-30.10295500115216,-20.46125972518422,-22.265319649218057,-44.8374566637111,-60.948481703088675,-20.869920229073497,-20.46375187948215,-20.59490941206385,-20.59385608224232,-20.84197308912685,-31.337440524724396,-20.628305162925326,-20.51821615647717,-20.405350121958378,-21.439673952825235,-23.861063426476534,-29.110414480167485,-61.717902669508,-231.8529494237642,-97.22443409554228,-21.822197195905744,-29.16116975903087,-23.267142106935317,-21.316243214616556,-20.462758621687133,-20.41942646246206
-20.8831898752541,-21.00471788601733,-20.88928148424935,-22.68500858689405,-30.274159101236993,-20.929187338033895,-22.634552561731546,-44.892921633859515,-59.835712822426274,-21.318175244538093,-20.9216946653065,-21.049817561861918,-21.041071582884197,-21.268809221378575,-31.333243025280684,-21.059436208775278,-20.97128796522943,-20.87029735708036,-21.85112053885143,-24.15926554979169,-29.21761348667939,-60.51090214966318,-226.4180813608674,-95.39063438414539,-22.20321961207973,-29.21623659365104,-23.591845816827487,-21.73500386747745,-20.92794972548992,-20.890994810693602
-19.79714724981249,-19.94645424928629,-19.78199414505882,-21.97448749126847,-30.051837664953872,-19.82821665757526,-21.850081884105666,-44.97406702850338,-61.501182096538926,-20.24048654078049,-19.860180230292066,-19.981694208510987,-20.00792621401575,-20.259981726326984,-31.087645080323643,-20.075714524895293,-19.92951306186414,-19.789977169734993,-20.88885135489795,-23.462481380719396,-29.350934875456744,-61.503266377622545,-244.6226203705973,-97.84356077185475,-21.291370698161256,-29.293085825205566,-22.945394852601737,-20.74263659757788,-19.837583527833566,-19.78457500908665
-21.329295094871757,-21.453929419053893,-21.334462619027473,-23.19607279359542,-30.54656163034827,-21.368879352062667,-23.065522115655806,-44.86884661262261,-58.06928852271615,-21.722469909715684,-21.369499163079062,-21.483744187078578,-21.485602029169783,-21.68033879340965,-31.167017013545205,-21.50692953198483,-21.423577954100697,-21.32169567071271,-22.254067528995222,-24.464792687453325,-29.66597971690419,-57.967473542993105,-224.88651260862426,-91.79279993542843,-22.57016701728703,-29.472544216418108,-24.01755208361424,-22.13153414517693,-21.369753894345752,-21.335390720954372
-19.971335506442216,-20.114240164045484,-19.960104782490877,-22.048584623946976,-30.018038830763032,-20.006218768664354,-21.959412516161123,-44.84237700183195,-61.4173707401375,-20.419249398044226,-20.02875729176288,-20.154566183418268,-20.171902487837,-20.42564314711426,-31.184502260635483,-20.230250083328443,-20.09362187474887,-19.96218239308538,-21.044576267246796,-23.569596849909136,-29.24859832496862,-61.71666298845535,-240.0714834636783,-97.7261638092395,-21.444722753640793,-29.24391696687524,-23.027445983543984,-20.90563301083583,-20.013139615509974,-19.96265446232967
-21.081866411380638,-21.205385858879627,-21.08701090962533,-22.919510774583575,-30.37349303986205,-21.124419500123363,-22.82936925641864,-44.82509706123848,-58.96919735491578,-21.49597709046569,-21.12138195331373,-21.243006670080167,-21.240028495417818,-21.45209595507712,-31.243220957300398,-21.26091571086148,-21.173669127804327,-21.07164878395849,-22.030787781444964,-24.289325038979143,-29.434268027127416,-59.25068627916198,-225.56746817272887,-93.58518391613065,-22.36662360716652,-29.343008528856743,-23.787532019128655,-21.91102242874958,-21.124394577855053,-21.088363070413184
-20.709312287651734,-20.82822151242991,-20.717043560599837,-22.47260766529486,-30.236373498713604,-20.75916797080275,-22.46123742602433,-45.06059910402795,-60.718319233675885,-21.166190649599102,-20.746808506136723,-20.880682325497787,-20.86549634407541,-21.108336741097702,-31.435360324945837,-20.879917832741405,-20.792972668807696,-20.69362815134274,-21.69336094622373,-24.05943959893185,-29.006047442766494,-61.802722934486766,-227.64176779210396,-97.3056962477604,-22.059705334851806,-29.085037700525337,-23.41215866024494,-21.58181291734599,-20.756499746674745,-20.7190921318267
-20.741567059321753,-20.877858484414972,-20.736986915903312,-22.757353588470515,-30.377455984482324,-20.775797250213145,-22.61374617111558,-44.84318790760403,-59.17458924507953,-21.14853384749327,-20.792658227948717,-20.90691657520998,-20.922391927108166,-21.136532799522893,-31.083822788769616,-20.966077437674564,-20.854134596377847,-20.73517233523132,-21.73063174886339,-24.085833757804437,-29.599905214533756,-58.98218689621838,-232.90323956013575,-93.62315188760246,-22.07854889567013,-29.4229614745704,-23.625311252564092,-21.596653832786817,-20.781001380232496,-20.73856225303473
-20.342118630780845,-20.478647072696283,-20.335924191656556,-22.33693538135694,-30.120387702408685,-20.379353603343308,-22.24904020942444,-44.77591896919954,-60.575689002051334,-20.7786885405547,-20.393685593175913,-20.518191694610838,-20.529098365754475,-20.769616965264117,-31.201104420252236,-20.575842955438976,-20.45439979156001,-20.332607090315257,-21.373999970397254,-23.809413290944015,-29.301968534993556,-60.88271359373938,-234.84548704866225,-96.2574271857319,-21.753781702989613,-29.269724415388367,-23.280030379407602,-21.241520483267376,-20.384049414282334,-20.338112849311177
-20.894903995055394,-21.018716987978944,-20.899259040464173,-22.727934200306276,-30.282200215996042,-20.938750273047788,-22.66070843827937,-44.8328894955971,-59.60829185539794,-21.322786409487218,-20.935076559074925,-21.06075097334043,-21.05609676773791,-21.279996977590923,-31.28857168139519,-21.078549007999143,-20.986818380357345,-20.883283224921044,-21.8631553250594,-24.16590935848921,-29.298672852052064,-60.11353099986104,-226.83922736324521,-94.82893128911593,-22.213000899483827,-29.26506401009646,-23.626352974924092,-21.74405006126788,-20.938566629852158,-20.900906986563857
-20.91583169550624,-21.03838899237104,-20.921211697604868,-22.732648174526716,-30.287814986556555,-20.960627810757824,-22.671108133612382,-44.857564174791136,-59.632879857927826,-21.345411256749735,-20.95499015337449,-21.081428337505855,-21.0748383340072,-21.29905459926568,-31.305296499921653,-21.094910268906688,-21.00568950575379,-20.90373921934825,-21.881106617105342,-24.17945899182477,-29.27491097151304,-60.195626597357936,-226.38481468543048,-94.93661834616256,-22.23016201032713,-29.250666140976577,-23.63137906709226,-21.76348154104199,-20.959906213921823,-20.922851647608102
-20.964073053906926,-21.088535946755545,-20.96814412785823,-22.80940432421943,-30.318870367831426,-21.00675809863609,-22.728371365970037,-44.814071984930365,-59.309032049131545,-21.384801844437536,-21.004592505747357,-21.127986031159878,-21.12528228189609,-21.343732288111468,-31.257292253601864,-21.14851259556167,-21.05721743538218,-20.95336303020224,-21.925601049623424,-24.211592087462463,-29.37302046601847,-59.67891481956318,-226.56323144851987,-94.21173381568619,-22.269706373308843,-29.307952638702865,-23.694009858146647,-21.805293867274965,-21.00697951904156,-20.969666964105194
-21.239853139619175,-21.355259519558455,-21.25191418772796,-22.977429177557937,-30.42224443098114,-21.28833451998928,-22.918070918449168,-45.00298187687991,-59.0203357016733,-21.662238557866992,-21.27273844525558,-21.398468623132356,-21.383259935041163,-21.594840446203865,-31.33620158148546,-21.388180969002395,-21.318519909878887,-21.2268631397868,-22.166563669000677,-24.388234476529806,-29.306341574484033,-59.614628343340534,-222.6335183146188,-94.09291848115241,-22.49423365166073,-29.26550299252963,-23.841347163069376,-22.05605667299413,-21.28487615377127,-21.253142899293238
-21.14785929230903,-21.26498193271076,-21.158237483931895,-22.903353406740017,-30.38239874184427,-21.195573329154072,-22.84567047370179,-44.964809718528784,-59.218848799980776,-21.57318097254709,-21.182290833384098,-21.308551594576304,-21.29525688954263,-21.510926567109863,-31.33315852856797,-21.303965557094322,-21.229167138033944,-21.134952797693856,-22.085319500072824,-24.32914497047699,-29.28636906272079,-59.827766420898584,-223.5947399988713,-94.39465168218481,-22.419365174569627,-29.25438618978762,-23.77816826929887,-21.973220042788515,-21.1927500360934,-21.1595940465595
-21.044863736836476,-21.164756504616847,-21.05270787535044,-22.83169605538889,-30.339000082927747,-21.09096253805242,-22.77040058701415,-44.90216762103671,-59.37600336687084,-21.471208268330532,-21.081645875300524,-21.20771483232529,-21.19800956422393,-21.417143544921455,-31.31543919897924,-21.21248667076274,-21.130537071887936,-21.03248943058468,-21.995004729025787,-24.26267831670564,-29.291194645588632,-59.94439099670209,-224.86778934229108,-94.55993513881049,-22.335718703234267,-29.258882295587565,-23.71657852292353,-21.88001711186424,-21.08923216803351,-21.054188205892746
-20.922666050245365,-21.04459790459995,-20.928552032987593,-22.73139547930247,-30.289776928247022,-20.967965631226043,-22.673075018176895,-44.8719923599559,-59.65802766137938,-21.353373583705974,-20.961337301438128,-21.08821817363644,-21.080625784679835,-21.305216089849168,-31.31447886647274,-21.099520753748322,-21.01149766831053,-20.910310022747367,-21.886808472009093,-24.184006793969434,-29.260498088582683,-60.25365457891399,-226.19581947109685,-95.01713546593284,-22.235705029682446,-29.24185596534747,-23.63075210083908,-21.769942049102603,-20.966971160620716,-20.93019333129158
-20.6694513275975,-20.79572230368877,-20.67130922006921,-22.526421380562557,-30.193471605912002,-20.713015658715833,-22.472784090595027,-44.82679815195489,-60.23901356292881,-21.108771254594334,-20.71212015108317,-20.840480636225653,-20.837409904826856,-21.072867758369128,-31.310928787932163,-20.86543494576102,-20.765058094734748,-20.657224054974826,-21.66268371786833,-24.020953451409003,-29.204987204260803,-60.87526678911884,-229.11523480347455,-95.95997862235895,-22.028050502529087,-29.212443130848577,-23.455052123725988,-21.541682339084314,-20.71359118911691,-20.67326437813529
-20.926969970240652,-21.046798269011724,-20.93453291715694,-22.70855867759763,-30.293285707842664,-20.974119801724008,-22.66305074867561,-44.9333557720961,-59.81091819509993,-21.36297801075189,-20.96411370389512,-21.092783930114,-21.08162960496019,-21.30861971205922,-31.34995120958917,-21.09661791646185,-21.012351724396282,-20.913578506772154,-21.88912594179605,-24.188241980303648,-29.19866033751508,-60.53942849066438,-225.769084302652,-95.43112695750601,-22.238705430116,-29.203488680111803,-23.612357094737,-21.77493338039842,-20.972184079865357,-20.936207052808733
-21.106275744314395,-21.234441241332746,-21.108176247752358,-23.014003570319982,-30.45513554862743,-21.144545452665117,-22.886593266548235,-44.821660401532725,-58.54861433681819,-21.506978541004944,-21.149801237395188,-21.265338038114816,-21.270847327162485,-21.474732226100915,-31.15321294167761,-21.299548198910077,-21.206009405320007,-21.09864838953831,-22.055256248731926,-24.317552771016388,-29.606419631134067,-58.483125215031194,-227.30256078517223,-92.60622972073409,-22.385044013085604,-29.435968431055294,-23.858556341602725,-21.929563948641874,-21.1466815314991,-21.109388985067852
-20.739292764757234,-20.867490895392788,-20.7399442711338,-22.627437396769388,-30.23428816669975,-20.780527708033617,-22.549943914206366,-44.781766373239314,-59.817094503427384,-21.167628917974767,-20.783295018345378,-20.907946375263084,-20.909106816746956,-21.13694207751056,-31.250749335621787,-20.94008942729694,-20.838282147743143,-20.7286584783892,-21.726139416537237,-24.065779393298946,-29.321666155258747,-60.220357505636656,-229.1696432116957,-95.05444424566872,-22.084377876326958,-29.279352367317955,-23.536842621303695,-21.60230020458282,-20.78209546151658,-20.741741230933513
-20.283053037841032,-20.416304107936458,-20.27882535641597,-22.222666264745364,-30.062324482576077,-20.32371667005927,-22.171244394643452,-44.80417105272276,-61.10546258057637,-20.73413492584765,-20.332087895958207,-20.46206695880181,-20.466393386853863,-20.717039239349667,-31.29824618800757,-20.508321988490227,-20.389685779402363,-20.271286295054438,-21.320743786350775,-23.77178090593901,-29.14393880653323,-61.754532894259356,-234.04194185727627,-97.37126270418162,-21.709718339823386,-29.18380925018728,-23.19316951384251,-21.192747390975633,-20.326829091424678,-20.2812070885111
-21.022643877345498,-21.152231927461422,-21.02328562630882,-22.947585743712782,-30.42461206294106,-21.060344400071294,-22.82041454007172,-44.81095690358511,-58.723384815465124,-21.425909917284034,-21.067502331313598,-21.183375498406672,-21.190411620666968,-21.39750326657772,-31.146413133671565,-21.221972303240165,-21.124593062151742,-21.015064994690228,-21.980746154269802,-24.26276218175721,-29.58854785107067,-58.66287431236995,-228.29772963834213,-92.90164930891707,-22.315449105138928,-29.424831236229103,-23.800208541868248,-21.85372132762285,-21.062994751838293,-21.02459822227816
-20.656790062771254,-20.790651760932988,-20.65334945297069,-22.62771044077221,-30.262088964600153,-20.69373176821367,-22.516730821498776,-44.77461351165738,-59.65161472389193,-21.0762310187684,-20.70570849646261,-20.825521924996355,-20.83567918853977,-21.05970427017186,-31.158771518589788,-20.87635680283743,-20.765179951370193,-20.648449303385696,-21.65431987615537,-24.018216886978607,-29.450070789829926,-59.74570659810503,-231.921722077642,-94.5635200127094,-22.012505872709763,-29.347845392026723,-23.525517516139246,-21.523758333602693,-20.697734512064574,-20.65512659860983
-20.356971821133918,-20.490540386119523,-20.352744232120195,-22.3056383619328,-30.095614420497856,-20.396695778411615,-22.240641790172656,-44.782450300441994,-60.78635491523556,-20.800933641805415,-20.406084311797464,-20.533875299579698,-20.53972267646083,-20.784638339463356,-31.26356966705663,-20.581753517546286,-20.46428600721105,-20.345998148938587,-21.38665458547808,-23.81829139090674,-29.21073504273823,-61.306282531313755,-233.58964123364925,-96.74365271353862,-21.769253557884923,-29.220327128810226,-23.2609490322057,-21.25787680454752,-20.40007872145316,-20.35499976986906
-20.50059221144645,-20.637078109597102,-20.494973476400688,-22.504539201891575,-30.21269927599845,-20.53655170317943,-22.393666989477612,-44.7829697991469,-59.995383428263835,-20.92489613918214,-20.55194804810548,-20.672376722270634,-20.685224988861638,-20.91501902859453,-31.149439095993113,-20.730887502019524,-20.613083181357894,-20.492357028441333,-21.515285827604977,-23.916429782579943,-29.421320439014874,-60.093945444892114,-233.96324742079003,-95.15926077269867,-21.88228251342167,-29.331550894640678,-23.417433841314782,-21.38215735182426,-20.54148008072761,-20.496917194506153
-20.494007688243045,-20.631633133416774,-20.487689532653413,-22.51635106084045,-30.232059930119135,-20.529056308794505,-22.39646064726519,-44.79984795328298,-59.92587109671444,-20.915758858785395,-20.546376893383908,-20.665436784796384,-20.680212251054254,-20.908335082283706,-31.12613287046409,-20.727581353359177,-20.608375891956534,-20.48631701610151,-21.50954209839036,-23.914635346440846,-29.456216383864664,-59.94558820653936,-234.5877940134913,-95.00896927607891,-21.87533851444753,-29.34875883089434,-23.42386153931559,-21.37502425737519,-20.534476840999343,-20.489608733904404
-20.537805357785242,-20.66575223551118,-20.538056941533394,-22.41228258670188,-30.145229371701276,-20.58100619218923,-22.364961018095386,-44.82648777361885,-60.595521992859844,-20.983221717090593,-20.582115595769764,-20.711800148227493,-20.710036832305672,-20.95190396939949,-31.32129692954409,-20.741681608347253,-20.63597889156224,-20.52535371534892,-21.545883552816523,-23.93680667174967,-29.159455945669404,-61.29136387227984,-230.56285289662188,-96.58661270569291,-21.920115262293436,-29.187774349225762,-23.35796079077265,-21.423439423199955,-20.582129329234196,-20.540181416037857
-20.214403491444944,-20.357470028555614,-20.20400795757454,-22.310731999250628,-30.171823889604873,-20.247173915404012,-22.182629484956937,-44.86655351796163,-60.484251175124335,-20.642745830790705,-20.271754989710196,-20.390749233005067,-20.411534606066553,-20.647961296066985,-31.091053405930626,-20.46837197495445,-20.33724857046062,-20.207309386656945,-21.260399061232757,-23.734714797097908,-29.436862368920167,-60.442248127739745,-238.9040956465351,-95.99007996704192,-21.639922512747933,-29.335746626541273,-23.239078240922247,-21.120306345647688,-20.25452798809753,-20.20617999992411
-20.819758584518414,-20.947100933306196,-20.821271322986924,-22.699453013143494,-30.267820275661173,-20.861079652910988,-22.617221479708885,-44.785290008919844,-59.59556222168175,-21.244088369220314,-20.86290609568262,-20.986580625335492,-20.987211593016227,-21.211000290764158,-31.243694108229043,-21.016276800722977,-20.917466189528714,-20.809344747616795,-21.797784139690123,-24.11833505085344,-29.355372049496445,-59.953578013084766,-228.3763301112214,-94.65566486113602,-22.15057781161617,-29.298107084503783,-23.59815526495291,-21.674611446900656,-20.8623864496166,-20.822960813789162
-20.526787340476655,-20.658739801124185,-20.52416840416882,-22.460080575848146,-30.161986674141723,-20.56648351629549,-22.383451267473564,-44.76935690575677,-60.28416258676908,-20.9616004562379,-20.574256519735062,-20.69975654509729,-20.70490820731835,-20.940971494952123,-31.24038224289579,-20.743354165443687,-20.631701195310395,-20.51636816724475,-21.53764193771044,-23.92815971696427,-29.284835144425625,-60.694969562123966,-231.85209178374134,-95.8274002982379,-21.908594694451605,-29.259834819043462,-23.391503811231726,-21.410100384907867,-20.569414655350513,-20.526203065987264
-20.374002508362903,-20.500714225514084,-20.374751522225107,-22.224081004884937,-30.09673065130265,-20.419800726481714,-22.208883055585833,-44.930223564469884,-61.358854457172576,-20.83716059181886,-20.418018616690066,-20.552594370443483,-20.546642598018707,-20.80184272996055,-31.40721400520608,-20.57696712203821,-20.46984724433523,-20.35950738537584,-21.399108220768813,-23.84058134801051,-28.996037628857316,-62.37743740770109,-231.78040936629495,-98.15184907006784,-21.78729071941287,-29.09189941282652,-23.201866198895182,-21.27927383743583,-20.420088977912993,-20.377171577558794
-21.04565211003656,-21.16455322360048,-21.05429279839332,-22.819796784526584,-30.33955466074019,-21.09263070754992,-22.764542961516245,-44.931146412421214,-59.4499004488642,-21.47452335873404,-21.081711954884877,-21.208641095918093,-21.19724473207146,-21.41752851179488,-31.331773655532736,-21.209865530673678,-21.12969986659218,-21.032783790105942,-21.99493641305195,-24.263497582284423,-29.261388700534624,-60.080843055040035,-224.67401258781652,-94.75974753790696,-22.3359934564363,-29.240460336105393,-23.7068578942161,-21.88120530682478,-21.090455296187756,-21.05578896328143
-20.264420538076376,-20.389932019297973,-20.265828243164815,-22.09454646982982,-30.084371513989588,-20.312334640158934,-22.10312439241092,-45.04231850868774,-61.928200190544004,-20.741166378560152,-20.308167830466104,-20.44612331289545,-20.436746322859612,-20.701626998102697,-31.476722251910846,-20.46549233079515,-20.358167068057714,-20.2483495119859,-21.3008084357566,-23.782763906627338,-28.87646340567079,-63.194368002745236,-232.7768946169022,-99.3498757945022,-21.698575926484658,-29.018916469994263,-23.093741408808096,-21.183369504116243,-20.311897306466857,-20.26845848618812
-20.763232572154514,-20.891353196858077,-20.76401274456891,-22.651474008576326,-30.24566528189238,-20.804334682057753,-22.571235380193027,-44.78067377108699,-59.73638741083175,-21.18989222940971,-20.807124462127312,-20.93128521019766,-20.93260110981584,-21.158959323795965,-31.245081396556465,-20.963316636517398,-20.862139954617373,-20.7527564707321,-21.7475336126816,-24.08151688063972,-29.33752519117695,-60.11340981481902,-228.99086800962172,-94.90033441145475,-22.103982623404555,-29.288190302803255,-23.556974709035607,-21.623669272292325,-20.805905755062827,-20.76577352602267
-20.510426517287556,-20.641742524459048,-20.508194060536816,-22.43308424429784,-30.14865806753365,-20.55083108070189,-22.363906483878182,-44.77697555642646,-60.40143149728576,-20.94837200537338,-20.55741308346722,-20.68406277813738,-20.68788238031793,-20.926140066047804,-31.25957466904584,-20.72537821909628,-20.61423054476885,-20.499532777546293,-21.522826554115547,-23.917393711750908,-29.25077396663209,-60.88290943284203,-231.74017011200078,-96.07552306532243,-21.895816686463814,-29.241025389176045,-23.370357094684724,-21.396177968852946,-20.553445448557756,-20.510272219473833
-20.6182972302228,-20.7477434501832,-20.617695663956766,-22.518631470332426,-30.18534359078987,-20.659446683864186,-22.448636672638383,-44.781566385887345,-60.158537683784516,-21.052826437321308,-20.66355715615758,-20.789721257129692,-20.791591028345728,-21.02559214084197,-31.263327886025223,-20.825365389417158,-20.719152906251768,-20.607312585341983,-21.618466825327076,-23.987160220842053,-29.27036395154186,-60.63312885204044,-230.38207676840614,-95.67175789758367,-21.984937887317216,-29.25110979564922,-23.44441186547948,-21.493661594339226,-20.661386688480356,-20.619653223078892
-20.714477172788534,-20.84251686161041,-20.71516746266353,-22.59901590569899,-30.221008405440593,-20.75606419819077,-22.526170735627655,-44.786382711719185,-59.921185744563985,-21.145218228714146,-20.758403952070026,-20.883828655098515,-20.884406864838745,-21.114147198481465,-31.261509014016383,-20.915257666146143,-20.813148316140442,-20.7035534304572,-21.703857536971263,-24.04944828174433,-29.297348686213702,-60.369089546189784,-229.2822587919229,-95.26328419255115,-22.064180530076797,-29.265715329819436,-23.513416979701113,-21.580348083279258,-20.757519427695758,-20.717007811706612
-20.923841824134506,-21.05046554318814,-20.926199020358816,-22.79834508800354,-30.316499038670813,-20.96493626098382,-22.707190806340186,-44.79018147631012,-59.28261683259443,-21.3420168707695,-20.966209163668378,-21.088179591876674,-21.088795311069603,-21.306794523051618,-31.228149425512562,-21.116029359451122,-21.020553002397396,-20.913916303253174,-21.89071929101624,-24.187155369099628,-29.412286154936556,-59.55524225472515,-227.51075380192214,-94.07370462478187,-22.236127229620102,-29.330019899941867,-23.68176349778136,-21.767909214470215,-20.96608110648953,-20.92773901221845
-21.065087439094917,-21.18520145272432,-21.072814505758704,-22.855601053329757,-30.34792151331482,-21.110819747004072,-22.790279654252206,-44.89265423204058,-59.2866224560669,-21.48925651381888,-21.101971014784294,-21.227392928458816,-21.21829778768355,-21.435837451499044,-31.306264084973755,-21.23307624729774,-21.151161040988896,-21.05299375375616,-22.013340510832386,-24.275689151163313,-29.313657385551807,-59.814274580906584,-224.7684226542384,-94.37070576295231,-22.35244157672948,-29.272332050308464,-23.73669129786141,-21.897953053376543,-21.10921962560438,-21.07425790175
-20.24028445537883,-20.37948495520023,-20.232122353857008,-22.272673864910495,-30.10532385761049,-20.27606553612953,-22.176359125563728,-44.79592753869828,-60.72208305539202,-20.677330402835228,-20.29424582053004,-20.41790399430011,-20.432228180810664,-20.674647791602172,-31.174391821582113,-20.48357526587103,-20.356854456722257,-20.231360588609775,-21.28357341382098,-23.744421597031735,-29.318782282152057,-60.954521629740874,-236.6733277192224,-96.47926668660114,-21.667595648644618,-29.278471090664098,-23.22036849492757,-21.14817381746132,-20.281786958612347,-20.234383632098936
-21.18484355737769,-21.304146466353643,-21.193570760040615,-22.969563507016154,-30.400798771745333,-21.230310028136294,-22.893887573168822,-44.89837354968132,-58.92619919359893,-21.60173956387913,-21.220769623741088,-21.344290945311865,-21.33514623847503,-21.545895160491,-31.28883945431538,-21.34775797925329,-21.269794196355587,-21.17333783832109,-22.120372676670822,-24.353508816546558,-29.38153836600901,-59.35079389334386,-223.77265647766325,-93.69513662275698,-22.450901604105937,-29.312298674366023,-23.833576001179043,-22.00530343259457,-21.228522208303794,-21.19483200562178
-21.582061956369934,-21.703829244949663,-21.590241260073913,-23.420559901163582,-30.681313393577064,-21.62217496425394,-23.277867875159146,-44.95774331080858,-57.46595053541995,-21.964061870607868,-21.619554101225347,-21.73084381690817,-21.730506003184395,-21.913124382093912,-31.1659686671981,-21.7451855901573,-21.672147683188943,-21.575112764984905,-22.480221017951653,-24.636986945961333,-29.775792901867124,-57.24345086147838,-222.85992624179684,-90.72422211527034,-22.779437669267903,-29.537371077160795,-24.210907083234424,-22.359717952289184,-21.62213221186334,-21.590804679536323
-20.59650462895175,-20.71790037959636,-20.601947168128895,-22.386381092490762,-30.18829273290238,-20.64512242340983,-22.37518616649069,-45.014677668148366,-60.94840149699081,-21.056028909133403,-20.63609015366232,-20.770396199574762,-20.758078036115247,-21.005454528834285,-31.429705620750596,-20.77769131972339,-20.684005411311595,-20.58113183091448,-21.594365021596815,-23.986423456004847,-28.99648352148163,-62.02560641805486,-228.96344892810865,-97.62160416020212,-21.96839803135235,-29.083369056112474,-23.3395980402557,-21.480248096920228,-20.643383848523516,-20.604130875598848
-20.59650462895175,-20.71790037959636,-20.601947168128895,-22.386381092490762,-30.18829273290238,-20.64512242340983,-22.37518616649069,-45.014677668148366,-60.94840149699081,-21.056028909133403,-20.63609015366232,-20.770396199574762,-20.758078036115247,-21.005454528834285,-31.429705620750596,-20.77769131972339,-20.684005411311595,-20.58113183091448,-21.594365021596815,-23.986423456004847,-28.99648352148163,-62.02560641805486,-228.96344892810865,-97.62160416020212,-21.96839803135235,-29.083369056112474,-23.3395980402557,-21.480248096920228,-20.643383848523516,-20.604130875598848
-21.1164750316769,-21.248594492728984,-21.11588859190674,-23.087375188263344,-30.56278830145419,-21.151317595492973,-22.927339874662387,-44.90646795501469,-58.249208487007046,-21.50707946976805,-21.163731840534414,-21.27366628494961,-21.286283490172227,-21.48333016277606,-31.076845767173268,-21.321081892983035,-21.22285733394034,-21.110953743755864,-22.06593818597416,-24.34187142401372,-29.748873042145313,-57.90028997324373,-229.44749060068773,-91.95438137230468,-22.39007156765631,-29.505767227094218,-23.909411269951317,-21.935247880096842,-21.155243936885018,-21.116988013015206
-21.120885586231104,-21.246171895456957,-21.124853826232485,-22.98601258314503,-30.416212549204296,-21.16155550675382,-22.87815067572236,-44.815086169923916,-58.70585911051334,-21.52761431520591,-21.16183459622654,-21.28052774167345,-21.281114997526522,-21.488239970815922,-31.202182218149062,-21.304875610020936,-21.215768500211453,-21.11189799263789,-22.066913479796195,-24.319427580093098,-29.522288231649796,-58.81864758740489,-225.99090385138626,-93.00211206307328,-22.398379130801196,-29.392071918319743,-23.84070846334341,-21.944730212667835,-21.16240038074466,-21.126106758408703
-21.20248576576954,-21.332205676282335,-21.20373649167753,-23.140252316760794,-30.566119788903862,-21.238682757499763,-22.987926447149007,-44.889000221136435,-58.13544977718834,-21.592692561565247,-21.247470110365253,-21.35840866553808,-21.367802367659678,-21.56317809254769,-31.10324729373246,-21.398314225736154,-21.305060414791594,-21.19643973479679,-22.14242586714696,-24.39385058746922,-29.73517594856899,-57.84745879580454,-227.846279170546,-91.783500954746,-22.4629143737511,-29.50274741011443,-23.959709582983283,-22.014262930353244,-21.24167065564883,-21.20475790116612
-21.6065906129158,-21.728256141720486,-21.614937967268812,-23.444990115238276,-30.698791488998936,-21.646601826383147,-23.2999006308442,-44.96962151406001,-57.3978980436604,-21.987121691308804,-21.643988439540248,-21.75476780746836,-21.75452750857491,-21.93574502254495,-31.163329571823866,-21.768861341225325,-21.69657488120361,-21.599795893939003,-22.502305975170668,-24.654604645572967,-29.792443227983355,-57.152606797052776,-222.75794989749488,-90.5962318543791,-22.799732291873394,-29.54680958601791,-24.231601917067223,-22.381770666782298,-21.64655163143194,-21.615461957448325
-20.49373104428932,-20.62120230906765,-20.494215622404685,-22.359439718150487,-30.129389068852166,-20.537754276395397,-22.321830592355614,-44.85322344240237,-60.80992251972327,-20.944249922123767,-20.537831241923413,-20.669008659112595,-20.665867175351167,-20.9115163910946,-31.346677858943462,-20.696914661184472,-20.591029511674392,-20.480655896716183,-21.506300428187092,-23.910309191568242,-29.11056538310913,-61.60233520049928,-230.82147205620316,-97.02966322490408,-21.884412409823636,-29.159337189176224,-23.314381392512907,-21.384728000344346,-20.538587587883782,-20.496422920370808
-20.23039458976762,-20.367883843591915,-20.223234516109255,-22.233915018854336,-30.074601415279865,-20.26774293929,-22.154391996405547,-44.78633024220804,-60.91516909849862,-20.673193752502165,-20.282930863587175,-20.409089165411785,-20.42024941052547,-20.666693973902397,-31.218788255714365,-20.469134840195224,-20.344086967514333,-20.220472154251706,-21.2746680272421,-23.73649042711155,-29.250929523062226,-61.29923560587977,-235.9575371903876,-96.88027676730461,-21.662168049739698,-29.243371211404778,-23.193340149695118,-21.14147123636142,-20.272686399011867,-20.22556673582258
-20.105737509440022,-20.244243919439967,-20.097546290359226,-22.118044462527656,-30.025523343159612,-20.14327521987639,-22.048552063357818,-44.803895545726725,-61.30724640175012,-20.555777291910605,-20.159320673585906,-20.28739836557432,-20.2987193466977,-20.551952210861423,-31.24179591722313,-20.349891774304734,-20.220914207731564,-20.095323864656493,-21.163958404633927,-23.65590153997611,-29.19265722063504,-61.78354108892065,-237.21661968210788,-97.6018404933992,-21.560210338896187,-29.21362089052992,-23.09621176336944,-21.030024229352687,-20.148466983225575,-20.100039514499983
-21.103718798033725,-21.226993452796663,-21.109116553806473,-22.93895813279444,-30.383323375234518,-21.14631063529827,-22.847624638135837,-44.8287313254703,-58.91214460146847,-21.516789770849726,-21.14299205255986,-21.264363038724667,-21.261209484108672,-21.472190588237574,-31.242012797462095,-21.281534830639917,-21.195155817075793,-21.093557020811502,-22.0502680686805,-24.303723082416415,-29.44346870067723,-59.18201984836075,-225.36550366796956,-93.483631391616,-22.384621256611926,-29.348315382401964,-23.80416195478244,-21.930688712189298,-21.146207895373944,-21.11043819786577
-20.37040180136378,-20.50481993175763,-20.365650385201757,-22.333137264155155,-30.109439543948422,-20.4092518846574,-22.25908426476581,-44.77445727341165,-60.65740472244181,-20.81077741428981,-20.420173486470098,-20.546606434845515,-20.554133475181153,-20.79659101881809,-31.239492096313747,-20.59744130978893,-20.479179231414236,-20.359995979633382,-21.398822480811273,-23.826877469415944,-29.250145329861745,-61.092031492023594,-233.80398990666262,-96.46933095824505,-21.779241129946904,-29.241897680183953,-23.281837435080075,-21.268891722096807,-20.41304300897536,-20.367859415252155
-20.664898851077933,-20.791499216141617,-20.66649863300636,-22.52629278191929,-30.192365604612295,-20.70820547391446,-22.470926659052804,-44.820720509304664,-60.2279325887249,-21.103662217607432,-20.70782911359687,-20.835958122207124,-20.833406848779997,-21.06867952299806,-31.305889502591867,-20.862034064538324,-20.761049255373123,-20.652805995726887,-21.658788038424113,-24.01784160793622,-29.2122055811937,-60.84677515471225,-229.23174920190363,-95.92354674989335,-22.024240815415784,-29.216811365766784,-23.45459602101058,-21.537386798557257,-20.70892363546251,-20.668453193861488
-20.979307902694757,-21.106433408012737,-20.98148657807248,-22.864171369443973,-30.354460396302905,-21.01950347247815,-22.761762027288768,-44.791078593453435,-59.05123342927955,-21.391968797362683,-21.022018677570195,-21.142046211358817,-21.144208911100268,-21.357846578607877,-31.203916463456615,-21.171973404935617,-21.076990678738547,-20.97010053964859,-21.940737137384502,-24.22577415239768,-29.47206131697689,-59.2173605126386,-227.39972545950366,-93.60651368230882,-22.28140320466028,-29.363145567634966,-23.735840217798504,-21.81700926667317,-21.02096555368707,-20.982926453857345
-20.81579031178122,-20.934275074633632,-20.824141606561906,-22.577155249128282,-30.265850746330564,-20.865097055417337,-22.55426911601368,-45.025903753154566,-60.340144036502274,-21.264726169290256,-20.852506639414408,-20.984553949242397,-20.96986549840253,-21.205971109142435,-31.407336632140293,-20.982930296487915,-20.898875301044082,-20.800788609554107,-21.788374548632266,-24.12299348676389,-29.0735426181661,-61.30546192760089,-226.5767248494138,-96.56918241134568,-22.146789637494678,-29.125906798845683,-23.500876790111008,-21.676655511458296,-20.862398602146733,-20.826022559893506
-20.844336037180444,-20.962680188800434,-20.852877025827308,-22.604876843589672,-30.27459543671501,-20.893521993537167,-22.57908441427781,-45.01888596250539,-60.2424575744366,-21.291245623505887,-20.88083072229387,-21.012405521597763,-20.997802815440068,-21.23215029087121,-31.40062539794967,-21.010452383592778,-20.927226139127367,-20.829503311632628,-21.81384248240424,-24.140306252256586,-29.090924219823446,-61.1779118536644,-226.2976405705313,-96.38084740426896,-22.170150192341467,-29.136379946991312,-23.524408571334533,-21.702116512814825,-20.890803158758917,-20.854713493840038
-21.24749904214376,-21.367252556885088,-21.256062029410344,-23.04084919243802,-30.434487117396415,-21.29205200299944,-22.954270218281767,-44.88651730796525,-58.677851124710614,-21.65847512321507,-21.283621234004627,-21.405291118063822,-21.397630706530332,-21.60381394409833,-31.266411968838007,-21.410728783740282,-21.33332579485954,-21.236742215713058,-22.17710095103354,-24.395635852480755,-29.44452725390647,-58.99385425508795,-223.49994543527959,-93.18048423086036,-22.502754625827183,-29.34943167684051,-23.893565569819536,-22.06110291019702,-21.290562893238402,-21.257213027091456
-21.23085729955773,-21.34926084860169,-21.240442728778497,-23.005694690987927,-30.419943008166403,-21.27674824257692,-22.929736190137188,-44.91642891038986,-58.832728668244684,-21.646457561093236,-21.26596838112375,-21.389307126949873,-21.37912323573327,-21.587962447814416,-31.29202582530781,-21.389795287554985,-21.314405217455196,-21.21928289240054,-22.161055084068796,-24.383185807245734,-29.389727886185533,-59.25500944878797,-223.2662987519818,-93.55479001675076,-22.488537488080663,-29.316994579741223,-23.864682508895623,-22.046839933422532,-21.274621624058387,-21.24164277574107
-21.21773850921353,-21.339408629341715,-21.224718440563468,-23.03593044759772,-30.432687540626723,-21.260827975304004,-22.94060850909531,-44.85487406651552,-58.6408094347071,-21.626219457298344,-21.25547794038514,-21.3758707808258,-21.37121790639903,-21.576946890099556,-31.241833483546706,-21.387999638252733,-21.30672009854899,-21.20770471426892,-22.15172398356344,-24.378469909445883,-29.48154812532546,-58.871362997971424,-224.22882056973828,-93.0197514385207,-22.47853779824321,-29.370585452329152,-23.887587237792996,-22.033509648859823,-21.26016826555019,-21.225885010009005
-21.3337996559178,-21.450333755292878,-21.345213825881412,-23.08867686780327,-30.464311318147185,-21.380515550942963,-23.011029784046737,-44.95725515251344,-58.61365849643212,-21.746108761795576,-21.367198107042636,-21.489970508529744,-21.47770078984959,-21.68203581984614,-31.296772671389554,-21.48425612531338,-21.414456366024847,-21.32215100365977,-22.25217059965856,-24.44965463683191,-29.41330923469077,-59.0199649668977,-222.1940023372491,-93.21542979344913,-22.572684823975674,-29.33078282948661,-23.935945572494507,-22.13966768798664,-21.37769511230339,-21.346271085444588
-21.029640198497724,-21.153978243789087,-21.034007763540032,-22.87637328798426,-30.352292976844154,-21.071893937805356,-22.787445579594458,-44.81431105264245,-59.08849274544586,-21.445641131773034,-21.069926783866137,-21.191903497207523,-21.189751540966306,-21.40409496589761,-31.242071698043297,-21.212390230525095,-21.12271246111391,-21.019409915771472,-21.984383129908093,-24.25527494300829,-29.419953897155864,-59.38189415440837,-226.1303809326069,-93.78481412752052,-22.323584116088625,-29.33471699303565,-23.750307479042483,-21.86387737554027,-21.07216142222844,-21.035427602641203
-21.470995366187267,-21.582788483711308,-21.486794642301525,-23.172985421667825,-30.52565011675615,-21.520798152656454,-23.104991684834523,-45.0917631329084,-58.4762377836748,-21.884163861079323,-21.500488405950414,-21.624248677420333,-21.605370366081427,-21.80572613784965,-31.33404877660287,-21.60194697036785,-21.544198247186603,-21.458172461728473,-22.37136183054197,-24.53664544253868,-29.380873295069684,-58.985741060412074,-220.44270012577664,-93.20747429532109,-22.682573371231864,-29.30958141819699,-24.00811939154065,-22.2638821874836,-21.516052326063573,-21.487677344100447
-20.47777769782616,-20.592817503333,-20.488152008429577,-22.193623117357085,-30.26874107620167,-20.533163946517007,-22.23352490007476,-45.4247510879411,-62.007742704196204,-20.967065137760084,-20.514630670905767,-20.655087375645277,-20.630969244177788,-20.894935501577436,-31.590704527128658,-20.639450717797498,-20.555553148283856,-20.458203864677714,-21.48297369405989,-23.951712902014528,-28.72227846260715,-63.665427413372484,-230.28060117332024,-100.18034446534884,-21.86780274233532,-28.896884793307024,-23.170603801707557,-21.37878848159304,-20.52848529947837,-20.490661384247957
-21.015567756902392,-21.13920387664727,-21.02041810267986,-22.851692272750803,-30.33932297533439,-21.058563367214564,-22.769541714143077,-44.82412025611417,-59.19135112749096,-21.43446391369321,-21.055311816749512,-21.17837371777227,-21.174826864585082,-21.391045507760893,-31.25836231942631,-21.19629758057864,-21.107426316942064,-21.004859721126312,-21.971313568578417,-24.245043810868765,-29.38636991220792,-59.550494001621786,-225.9964573538167,-94.01619282418149,-22.312099447443064,-29.315565409306867,-23.730456769799193,-21.851765655320566,-21.05848814860516,-21.021875049095975
-20.651181053358666,-20.779811027828462,-20.65125892963616,-22.54115140162187,-30.195212840009468,-20.692779924960153,-22.47273177728336,-44.7873276238131,-60.10570248772571,-21.08535225088953,-20.695718597370483,-20.822004084548283,-20.822843300525314,-21.055920273560062,-31.269502391861426,-20.855052151920678,-20.750722712356083,-20.640040189802814,-21.64751134188467,-24.008411598594734,-29.268373671434347,-60.59586076423939,-229.8985315606531,-95.60003330683114,-22.01221442939847,-29.249688929179314,-23.464380888040818,-21.52357868638913,-20.694401402394895,-20.653185219833308
-20.821323645589466,-20.946846691451572,-20.824174878803976,-22.674861142616763,-30.256135718299404,-20.864258465839303,-22.605651659806504,-44.81098911074446,-59.73757397957118,-21.250442590827728,-20.86301194020858,-20.988627795111928,-20.98608417661731,-21.21245198283121,-31.278191766823227,-21.011976518063577,-20.915964596233767,-20.809975321059447,-21.798223320570607,-24.118413360464615,-29.297062939062513,-60.22207892953459,-227.80850515640554,-95.0073048978691,-22.15244945002686,-29.264765325133006,-23.58005243612988,-21.67734794472368,-20.864737424568208,-20.825903900348116
-20.973284552097425,-21.09623802835638,-20.978526836730172,-22.797992052831983,-30.31473334632586,-21.017242387398458,-22.726140905196193,-44.83969599852847,-59.394197597793415,-21.397258917695915,-21.012588188995288,-21.13733297544173,-21.13210105309739,-21.35200428646048,-31.28200103626415,-21.152579503233984,-21.063911664040194,-20.961874284377213,-21.932917381966398,-24.21669426942672,-29.331773666946432,-59.8545198528483,-226.07856161777056,-94.44611436228425,-22.27737113716846,-29.283958510399636,-23.686035894389743,-21.814464339297228,-21.016790044036252,-20.980065878411576
-21.020623030121545,-21.14254717974602,-21.026799364582903,-22.83338064388306,-30.33266246109377,-21.065106752643672,-22.762151982206607,-44.855585537743806,-59.30549715180971,-21.443579690846978,-21.059006596199804,-21.18369662456501,-21.177224298801814,-21.395381816466173,-31.287224632290165,-21.195575675041756,-21.109621369448526,-21.009079751139467,-21.97471800988987,-24.247219095509625,-29.33581230913788,-59.77266611429266,-225.49645369104917,-94.31907454557123,-22.316219066264132,-29.286021741888327,-23.716718204287922,-21.857299024490775,-21.06425949170312,-21.028281874014137
-20.42763826389287,-20.55328076224609,-20.42933619098861,-22.265641082170735,-30.11651311605843,-20.473923112190644,-22.25021326676239,-44.93987122391803,-61.24121245903077,-20.889327414000416,-20.47071955986664,-20.605079466524604,-20.59795449109734,-20.851023146499134,-31.408799441102346,-20.626112965891316,-20.521805423897742,-20.413036725392548,-21.446341702178508,-23.87514624985024,-29.002119901166715,-62.26076426675441,-231.10706713183612,-97.97316547855667,-21.83107556984225,-29.09373997989347,-23.237194628408453,-21.327609230886406,-20.47381740720726,-20.43169659824385
-20.009184974424493,-20.142092742482017,-20.00447608240023,-21.92910585246357,-29.976382748437697,-20.052697858507372,-21.92176544525447,-44.93155610458345,-62.268847632636906,-20.485445837873474,-20.058838428577353,-20.195719799945124,-20.195814131058356,-20.46675528340282,-31.419729008696304,-20.238616370577592,-20.11472627746013,-19.994881835442417,-21.07726731457386,-23.608712124438526,-28.927155603949853,-63.34730906011233,-236.41119867209835,-99.65323771002099,-21.489100116791093,-29.06326922311601,-22.951536346223612,-20.95127000829921,-20.055167811066028,-20.007306252909814
-20.533591469282975,-20.659247523895225,-20.535547746583077,-22.376104342434047,-30.145930509624453,-20.578908747286693,-22.345713830427073,-44.88963141285359,-60.817165013243546,-20.986060993401765,-20.576263645853007,-20.708287980953614,-20.702490049911148,-20.948157738473423,-31.369485708704943,-20.730133972947687,-20.627940656119623,-20.519897266299086,-21.54091769166793,-23.938010898248475,-29.08217608501416,-61.685589850800895,-230.12032798778404,-97.13075972928662,-21.91733187717872,-29.140726064018807,-23.32975599355911,-21.421506204354635,-20.578983570309127,-20.537736271157566
-21.29086560080088,-21.41278468694209,-21.297895117378136,-23.116091897331444,-30.47861543303384,-21.33314402074844,-23.00961137395749,-44.86089521412332,-58.378859362522405,-21.693300352449818,-21.328696921947135,-21.44707686631895,-21.443695726145364,-21.64444177072809,-31.22100659420971,-21.460497021822643,-21.380437251527574,-21.281565802086366,-22.217721430230192,-24.42928715589195,-29.547185749424266,-58.501415440050295,-223.9444294532698,-92.4951748283641,-22.538869832224115,-29.408138334824685,-23.954758825897994,-22.09878204979703,-21.332711570238164,-21.298937681298792
-20.529591585465983,-20.66527562360407,-20.524564796357275,-22.522227916290547,-30.215696900989343,-20.566000783169788,-22.414073460389865,-44.77691758832357,-59.95716393881024,-20.953842946781464,-20.580219552605737,-20.700953931507577,-20.71274912808906,-20.942054292284862,-31.15807174613864,-20.757025154529664,-20.640796637361916,-20.521170653542153,-21.541048109912794,-23.934641073503094,-29.415538608895705,-60.079188629696716,-233.423291920383,-95.10293917482318,-21.906879873452834,-29.32892173481334,-23.43410461925212,-21.408791335999602,-20.57061817658493,-20.526487489554647
-20.52892043185086,-20.660207616904536,-20.526763530481457,-22.45215201642423,-30.157128549798223,-20.56919128242097,-22.38053811385606,-44.77445746757411,-60.33416020255343,-20.965450497909735,-20.57584550480589,-20.702075613153767,-20.706077444310313,-20.943121469942977,-31.253971076009066,-20.743421548343374,-20.63271246698803,-20.518165656617178,-21.539326412978735,-23.929373363741565,-29.263908339821754,-60.792528165884626,-231.6032884164236,-95.946289873598,-21.910879101087215,-29.24821394047968,-23.386186649346552,-21.412622306965726,-20.57182317275575,-20.528813269760104
-20.52892043185086,-20.660207616904536,-20.526763530481457,-22.45215201642423,-30.157128549798223,-20.56919128242097,-22.38053811385606,-44.77445746757411,-60.33416020255343,-20.965450497909735,-20.57584550480589,-20.702075613153767,-20.706077444310313,-20.943121469942977,-31.253971076009066,-20.743421548343374,-20.63271246698803,-20.518165656617178,-21.539326412978735,-23.929373363741565,-29.263908339821754,-60.792528165884626,-231.6032884164236,-95.946289873598,-21.910879101087215,-29.24821394047968,-23.386186649346552,-21.412622306965726,-20.57182317275575,-20.528813269760104
-20.30190019490697,-20.429714715275455,-20.301638393114196,-22.16385084544689,-30.072574062955184,-20.347352397456753,-22.151220889084414,-44.93065684904029,-61.549054456213455,-20.768045236322585,-20.346949548902003,-20.48210918317145,-20.477153271542143,-20.7357145715924,-31.412153496011896,-20.509778043600807,-20.399453515817967,-20.28737346438149,-21.335433260015996,-23.795141094619865,-28.977576137682462,-62.590166701701705,-232.6493705844938,-98.47343837272058,-21.728470791408675,-29.082963724371993,-23.150889732140588,-21.21456269205654,-20.34801825230894,-20.304145902186228
-21.458630882945055,-21.56775402772531,-21.476695697622713,-23.130283246132734,-30.53115615014718,-21.510866878667006,-23.077250310163173,-45.198219144067906,-58.70158962542591,-21.87909420499013,-21.486391264429134,-21.61224018234907,-21.588788305756815,-21.79232256132616,-31.372060930127574,-21.580155239912443,-21.52763693661005,-21.444430074624936,-22.357385637412875,-24.528999592246667,-29.295538206755484,-59.37323102491129,-220.2343075981996,-93.83043618736492,-22.669278923255362,-29.254340526397378,-23.970023649805402,-22.253322077629935,-21.50494048671065,-21.47762285429525
-21.914503058586572,-22.026936331917625,-21.931236532677925,-23.64117174580682,-30.77880404565129,-21.960251457540334,-23.51653558663361,-45.13031861702423,-57.016684192602696,-22.29365741740181,-21.94336667981159,-22.056837507652777,-22.043662525040293,-22.21577757883729,-31.24578643430818,-22.038816486212713,-21.989699289217967,-21.905738373547994,-22.772995216496355,-24.840929298313174,-29.755211473854416,-56.94751919595595,-218.32250246013479,-90.2414524088854,-23.051992413137807,-29.53683947721761,-24.40865962446989,-22.66177026323742,-21.956414554213556,-21.93135172948081
-20.816342008550603,-20.939899820614635,-20.82066748078909,-22.642439094165837,-30.248193214644544,-20.861085405243358,-22.587540117929723,-44.85459151144333,-59.917277436745096,-21.25122397750867,-20.856546373732655,-20.984254058577438,-20.978229064168215,-21.207702437111585,-31.316567382715792,-21.000643351303264,-20.907685794881406,-20.803933592260563,-21.792576534462793,-24.115654513209613,-29.23021988237847,-60.54480924928311,-227.35436251270752,-95.45128830609517,-22.148586975132325,-29.225141802414036,-23.554738640365915,-21.674240857627176,-20.860662353817293,-20.822447577781197
-21.25121871213309,-21.377293253506515,-21.255086092433142,-23.135274126238187,-30.51780551814865,-21.29016186578049,-23.004387428560698,-44.85137325493415,-58.22239382985468,-21.646552580628583,-21.29277356058471,-21.40722476731018,-21.410729697664156,-21.6084125895651,-31.1584888834956,-21.43500951265692,-21.347753439590665,-21.243709865417856,-22.184574487368398,-24.413951263799376,-29.65138802992289,-58.120502300993564,-225.80926831582448,-92.0419825098895,-22.505315546204958,-29.462819163367108,-23.963957572937435,-22.060692848906545,-21.291572672780315,-21.256111562209888
-20.848342006912453,-20.974478811674356,-20.850819553138983,-22.711947448277503,-30.27272593766804,-20.890499242041745,-22.63464166298175,-44.79807587679376,-59.58983032638596,-21.27366838196841,-20.890454737131286,-21.014779251329795,-21.01363495905495,-21.237319192427456,-31.258597673079827,-21.040454158059124,-20.944071365333468,-20.837537586110486,-21.822772421856374,-24.136332111514676,-29.337854046863,-59.995431000158085,-227.8083129011266,-94.6920665868528,-22.17441976149562,-29.288122666366498,-23.61030628363031,-21.700973477338902,-20.8913013837495,-20.852491390436576
-20.21103248302155,-20.34936868989203,-20.20328774807372,-22.227219675856986,-30.07583367602451,-20.247807000819456,-22.143114198665575,-44.790494700377835,-60.91188473957633,-20.652922356335505,-20.264302416775724,-20.389869102281107,-20.402279660665236,-20.64843186648314,-31.20570848110365,-20.45255035784506,-20.326111290369344,-20.20140465424806,-21.25751640814576,-23.724213102644722,-29.266101737954212,-61.254293302655384,-236.44714513362183,-96.85488300457703,-21.64531665784726,-29.25145661388305,-23.185687114152486,-21.1233312848632,-20.2530975720652,-20.205622617861867
-20.53874254593341,-20.666664794553597,-20.539014815262913,-22.41291387134539,-30.145548619026183,-20.58195742206304,-22.36564055336825,-44.826755855061236,-60.59409570141418,-20.984152220650863,-20.583031640377275,-20.71271984127437,-20.710925110139925,-20.952766553160068,-31.321480858968048,-20.742522286206924,-20.636876486343343,-20.52628577637681,-21.546708670955915,-23.93741943585821,-29.159360462347873,-61.29044926834592,-230.5493217382858,-96.58488769231548,-21.920888654944306,-29.18769799032735,-23.35851463457816,-21.424291419403993,-20.583070886955202,-20.541138422088583
-21.376101262782345,-21.49062502759692,-21.389304926297623,-23.107528759875237,-30.481403269395216,-21.424257365267906,-23.036244107310942,-45.011579946241355,-58.61081203889493,-21.79004563469385,-21.40787707821262,-21.531463337896557,-21.516212650147107,-21.71995884579869,-31.316875240131452,-21.51866541416529,-21.453549019186095,-21.36381375948061,-22.28846629201505,-24.476077595101234,-29.38631167708774,-59.08344292969075,-221.52499601485272,-93.31994845045564,-22.606331687402722,-29.313955758524973,-23.952399165120596,-22.178203601716014,-21.4205950727083,-21.390317667727942
-20.197910043771394,-20.335331290124316,-20.190687871764343,-22.198298262393166,-30.0576285133846,-20.235599218536688,-22.124308900077757,-44.79028463620636,-61.04758213328071,-20.64357106758702,-20.25044455140476,-20.377526337529957,-20.388139058530264,-20.636990965423173,-31.232574867641883,-20.437119370833578,-20.311428721964106,-20.187680310241014,-21.245773794822796,-23.715363572131825,-29.223982490469723,-61.48253989431645,-236.1442136337086,-97.1339949560685,-21.636048605279697,-29.229322454102938,-23.164404058212526,-21.112809953979514,-20.24045811063805,-20.193072947718342
-20.83499776638509,-20.967069105113794,-20.83333595931468,-22.78798941970456,-30.34482656870664,-20.872048494467535,-22.666719885473544,-44.78934540175571,-59.17184336129417,-21.245766999493565,-20.88219769648354,-20.999716652554493,-21.008890887991395,-21.224189494646048,-31.14563617119878,-21.045626930927096,-20.940731810186342,-20.827174615678008,-21.813330978367922,-24.13776704677139,-29.52644962634046,-59.169695493682184,-230.2561228597359,-93.69383149774023,-22.159736882928488,-29.389379747271363,-23.662167102609455,-21.684154980316972,-20.87552616918423,-20.83488253193167
-20.23337226543441,-20.36966763786359,-20.22697590388145,-22.21776933794107,-30.062666581895478,-20.271747892581917,-22.148224433948773,-44.78738202138873,-61.01449132256386,-20.679460728694924,-20.28492560809796,-20.41251257634405,-20.421590515194936,-20.670109818532286,-31.24603283023996,-20.46863597997743,-20.345058809775203,-20.222831283496735,-21.277171744921308,-23.738305741050375,-29.21139692552594,-61.490745351282065,-235.4565603552577,-97.10028399423925,-21.666173248664872,-29.222167929712956,-23.18299843885821,-21.14548466953492,-20.276158733979294,-20.22934166357744
-19.844364815257045,-19.981724183254844,-19.836161838367936,-21.8222461954053,-29.922263185897148,-19.8853418995299,-21.803863131239645,-44.90780199029241,-62.507173369714266,-20.320897062147914,-19.897724671236944,-20.03377446651622,-20.03948587262583,-20.314023586602136,-31.383383799532012,-20.090374165054175,-19.957102028939243,-19.83108401688218,-20.932143510872752,-23.497959121096407,-28.956774521846977,-63.46627184346204,-238.99172719863938,-99.9402166782214,-21.35206678180927,-29.087707087039565,-22.857301046016097,-20.8010326124814,-19.889547503747373,-19.839107688562432
-21.025052542606137,-21.143011284461195,-21.034398643776107,-22.78668762041115,-30.333843651175982,-21.07304521654806,-22.739760456962177,-44.96752965924653,-59.59807964076008,-21.458055319456633,-21.060526580865943,-21.18868204225579,-21.175450745124575,-21.39820500179297,-31.353021851074494,-21.18640936323351,-21.107539236026813,-21.011538987728237,-21.97566576051421,-24.251224133907193,-29.21700896272212,-60.31583512647331,-224.68392845124623,-95.10832125874583,-22.31857435171492,-29.21291865331472,-23.678903200926737,-21.86326751359407,-21.070418113855865,-21.035944357048898
-21.729270616831926,-21.841761363019234,-21.74531127544816,-23.448697489671844,-30.659402353241905,-21.77641756293545,-23.345873911294525,-45.07791226632404,-57.583863439566066,-22.12152184201455,-21.75850737149628,-21.876178626757273,-21.86116009206994,-22.044657443673476,-31.274518871921195,-21.85757930796417,-21.804079612727932,-21.718955154595747,-22.605368791451387,-24.710576501705937,-29.606320660488255,-57.73467451521331,-219.07266672346094,-91.37159796651412,-22.897869144602794,-29.447611426280737,-24.24425678523972,-22.495339100400095,-21.772335400472034,-21.745747247079404
-19.9099803333181,-20.058403072509254,-19.895711979606453,-22.07939370369645,-30.104704210383545,-19.940865127986584,-21.94612582363218,-44.96610726673093,-61.152359952092695,-20.3470349696971,-19.972183206503292,-20.091839330667856,-20.118008784985644,-20.364093785355887,-31.06726323829534,-20.183853747450453,-20.041023910279794,-19.90324731851264,-20.989046072253974,-23.538043877299142,-29.402153499746973,-61.077709135671036,-243.5504158660178,-97.20607387060036,-21.38376885192592,-29.31673775509003,-23.032925962805876,-20.843523936722455,-19.95002128233011,-19.89815575047049
-19.745057743006065,-19.89598077512163,-19.728960909940387,-21.9476099632027,-30.061198012080194,-19.775281574921486,-21.81516215638858,-45.02035296995469,-61.55665511064338,-20.18797469045437,-19.80951121268341,-19.930116217970188,-19.958444098710252,-20.210521540051168,-31.06594658112042,-20.02851842835481,-19.879885425280875,-19.738312214441248,-20.84219969061452,-23.430771819027868,-29.37128090046741,-61.49444543603956,-245.90378707250983,-97.95048901892375,-21.245788874464903,-29.302047903304263,-22.91754077779565,-20.694200429682297,-19.785229764738045,-19.73155937515397
-19.299246971454775,-19.45357724862002,-19.279777386013222,-21.53106623515401,-29.869646076077643,-19.330386520383797,-21.43655058231701,-45.0958126902853,-63.015702365715455,-19.76829013089726,-19.366971979786268,-19.495173774974482,-19.52337678192383,-19.799896729429456,-31.166971733385758,-19.60088610954077,-19.43919811508376,-19.29069437430595,-20.44764891690076,-23.13792439656506,-29.171643383760767,-63.279591278676996,-250.39900413908163,-100.6154346041418,-20.882829452874823,-29.21505265443254,-22.572823594697986,-20.29690882909399,-19.34110838836189,-19.28291390998585
-20.275512391789473,-20.416817690302228,-20.266290730624615,-22.345697304076985,-30.169942707693654,-20.309238039410765,-22.224831895648606,-44.83433133726598,-60.40908451505387,-20.70395882634231,-20.33127292128557,-20.451099164179823,-20.469583706947937,-20.705395831329955,-31.11223462470621,-20.523632924316775,-20.395590748489408,-20.267987906037984,-21.314903616653982,-23.772440432645826,-29.42018138936649,-60.42661008190613,-237.6041938124749,-95.86460122464219,-21.692500987806067,-29.328588146735314,-23.273345562818065,-21.17673994931242,-20.315930229186094,-20.268428494259844
-20.497357497272915,-20.637197630100182,-20.48981338960615,-22.55702776579557,-30.28955907401882,-20.53055413128917,-22.416924155149385,-44.85412690704418,-59.739631267384624,-20.913096083189636,-20.55172632267793,-20.667595623229648,-20.68629293462897,-20.909997784918232,-31.07579519488998,-20.736723383604602,-20.615341377090445,-20.490844198794086,-21.51265731908732,-23.924000479887205,-29.5367423643044,-59.586650794637364,-235.85244159992868,-94.63614557613042,-21.87459473131162,-29.387216830404462,-23.450181483718335,-21.375384253149345,-20.536937451499135,-20.491658521565054
-20.128541254524194,-20.268559908960654,-20.119510829581483,-22.167364008933312,-30.056600904333386,-20.164561071778223,-22.08065783228816,-44.80585276973689,-61.0750258981459,-20.572188748078066,-20.183335381402593,-20.30885071046504,-20.323161909996305,-20.571753301306792,-31.19575638581854,-20.376414680114692,-20.246289847309953,-20.119134666825524,-21.184251857151427,-23.67103029955727,-29.26342899644129,-61.39462401469359,-237.72268427123947,-97.12961350281643,-21.576191039188398,-29.250508022173893,-23.13232823555532,-21.04829536458554,-20.1704653529237,-20.121917777247898
-20.234595805289466,-20.376172207503807,-20.225068709452888,-22.30671777666355,-30.149202482946677,-20.26842369783842,-22.189484165413887,-44.83345574511367,-60.53588615344022,-20.665437115095436,-20.290620421626308,-20.41117422640356,-20.429612567385995,-20.667684635044836,-31.119706426946973,-20.48432296386194,-20.35506289065124,-20.22688409872085,-21.27848094376465,-23.744836913710934,-29.398923666471266,-60.58566405361839,-237.94618951437587,-96.09759370324426,-21.65898505684044,-29.31800062855654,-23.24080535435223,-21.140145967413144,-20.275172237504318,-20.227260090897367
-19.70296311535492,-19.849842362023068,-19.688626667636875,-21.830556017397605,-29.94245134040809,-19.73677674293931,-21.745695109791328,-44.91462300659802,-62.1036619450647,-20.1610477145756,-19.764047772572273,-19.891639336249998,-19.912367097121628,-20.176732684383936,-31.191711172962435,-19.977857490358275,-19.831400014075218,-19.693733891011266,-20.806322102850075,-23.396391331202956,-29.192893640386984,-62.4439604208412,-243.7544506483738,-98.96035375669871,-21.221906098352257,-29.218842752429254,-22.838954266283405,-20.663431774401488,-19.744992929526177,-19.691442660837566
-20.36378129203904,-20.504476913098678,-20.355236600852844,-22.42934544566554,-30.215427654454928,-20.397312539109905,-22.30097058327646,-44.83847364658723,-60.14118186598169,-20.787184636077157,-20.418956787255354,-20.537247934834976,-20.55577954207051,-20.78679650487421,-31.09751646003268,-20.60836119582604,-20.482981758190977,-20.356646370742922,-21.393532374196266,-23.8322862515435,-29.465377560001503,-60.09199859262025,-236.87116479810177,-95.37292619044048,-21.764924122914763,-29.35123476146687,-23.343351320738446,-21.2557631914497,-20.403871421130198,-20.357259188814105
-20.37675591110804,-20.506747963550186,-20.375080439371214,-22.27277612849204,-30.088899934250207,-20.41953475298989,-22.233258667538166,-44.83438308495968,-61.039871105575,-20.829717017783928,-20.42306944225321,-20.55437916210781,-20.554169795219064,-20.803884545362127,-31.335875832601822,-20.590169627442105,-20.478067274448662,-20.364031009684105,-21.4031051887647,-23.834379470435866,-29.105033393716393,-61.808712677394254,-232.38885704959418,-97.37014726427154,-21.78816049683946,-29.15898599542666,-23.239496487633904,-21.27887700493548,-20.421320009508758,-20.377407612693133
-20.51589805736199,-20.647704157575564,-20.51334538386143,-22.44633496242289,-30.155300537451474,-20.555817861793134,-22.37245458939977,-44.77170591214612,-60.337783467137115,-20.952002302810307,-20.563268773954483,-20.68921142839909,-20.69396672530276,-20.931021030352838,-31.247170613119145,-20.73223634686458,-20.620542496622072,-20.505310504610918,-21.527874068664964,-23.921001839788342,-29.271547942940266,-60.77454379555855,-231.87177857559777,-95.935725823448,-21.89986568282456,-29.252562118131706,-23.380421885046825,-21.400572359400147,-20.558664450068775,-20.515401292931042
-21.088178111010468,-21.2113188620701,-21.093627987378746,-22.92078652643741,-30.37371536777278,-21.13101654698278,-22.83242809314087,-44.83014710851432,-58.97575670248379,-21.502772132828824,-21.127371258806058,-21.249253034766202,-21.245684490699535,-21.45784928565962,-31.248274071859264,-21.26585912329841,-21.17935554225003,-21.07781880445681,-22.036216276579054,-24.293050242166096,-29.42702725412149,-59.27448481725419,-225.41202343896853,-93.6141481586575,-22.371840220649876,-29.338920083201707,-23.789058113501056,-21.916890147766015,-21.13082838581603,-21.094977429413017
-21.373035795086498,-21.497857823954153,-21.378232545289183,-23.245105499497637,-30.583074659836,-21.41211451479825,-23.107506327741863,-44.88799391031465,-57.91886700647477,-21.762680981312524,-21.413402605913983,-21.52628745544719,-21.528983617445576,-21.720702436871136,-31.15495193196199,-21.55033995371094,-21.467751909349058,-21.365893775899544,-22.293587761506082,-24.497193143166953,-29.707176418903824,-57.75181531093821,-224.84210857110313,-91.49725078138198,-22.606161472518856,-29.495028368631505,-24.05819439887731,-22.170564349524273,-21.41314441462462,-21.379085260782084
-19.725798235182527,-19.86847633431155,-19.713888632681307,-21.782435863032333,-29.90083536307671,-19.7630572714189,-21.734913624608076,-44.88922278629913,-62.44443375192682,-20.195307047211443,-19.783471554720972,-19.916097463888004,-19.929656043960392,-20.201777189007675,-31.296515437872955,-19.989252343492677,-19.847307469365507,-19.71445216076224,-20.82730737077244,-23.413806804465743,-29.05714342177678,-63.121174481640764,-241.7127922630404,-99.66538134284004,-21.24884843469906,-29.14821457088439,-22.81309629626997,-20.689705437577622,-19.769463550732254,-19.716828807712886
-19.725798235182527,-19.86847633431155,-19.713888632681307,-21.782435863032333,-29.90083536307671,-19.7630572714189,-21.734913624608076,-44.88922278629913,-62.44443375192682,-20.195307047211443,-19.783471554720972,-19.916097463888004,-19.929656043960392,-20.201777189007675,-31.296515437872955,-19.989252343492677,-19.847307469365507,-19.71445216076224,-20.82730737077244,-23.413806804465743,-29.05714342177678,-63.121174481640764,-241.7127922630404,-99.66538134284004,-21.24884843469906,-29.14821457088439,-22.81309629626997,-20.689705437577622,-19.769463550732254,-19.716828807712886
-20.718443232274392,-20.852480536461123,-20.715115952632043,-22.695924403819845,-30.30607226332132,-20.75474016847156,-22.57473027089653,-44.788373018484386,-59.42227694875558,-21.13279953769964,-20.76747591241637,-20.88544563531795,-20.89667269120283,-21.116304091251134,-31.137289012752724,-20.937210770689276,-20.82724325077794,-20.710695631967234,-21.709505647109907,-24.06159697531744,-29.50373132953821,-59.42418826022373,-231.73303744395952,-94.12521812684267,-22.062542829980195,-29.375823721321368,-23.581229376395882,-21.578437553264255,-20.75891701174078,-20.71679176426957
-20.564676320679123,-20.69470046613667,-20.563507214321188,-22.47079977348066,-30.16450329695852,-20.605769428195803,-22.403971082157174,-44.78292743930463,-60.30971802250758,-21.00190541808762,-20.610514786615955,-20.73732189480288,-20.739542461588915,-20.976245343383844,-31.268858842286214,-20.77458635296475,-20.666402484259343,-20.553549865629467,-21.57079049871861,-23.9524886217166,-29.248706002856522,-60.81429340653875,-230.93949119037998,-95.9441333970204,-21.940889135623493,-29.239323410467463,-23.40378535691186,-21.445521020319184,-20.607884722209008,-20.565534596308296
-20.90518241000717,-21.028814706216224,-20.90970517644489,-22.736181696960827,-30.286160682813502,-20.949104024491774,-22.668813041762416,-44.83505994878887,-59.585516245648414,-21.332732643379718,-20.945188535327247,-21.07080956094726,-21.06596175941935,-21.289430616389925,-31.28891879176429,-21.08803390821804,-20.99681404387919,-20.893554114772105,-21.872258541811146,-24.1725490822318,-29.30082249252411,-60.089498564352894,-226.72109677253354,-94.79230219786731,-22.221442920785027,-29.266238905955277,-23.63345072657456,-21.75332559857562,-20.94885427651252,-20.911340329394296
-20.733274268498054,-20.86091443428258,-20.73430921134651,-22.612924102168108,-30.227246887126597,-20.775059096494687,-22.54044280323826,-44.7894207101018,-59.885404584028336,-21.163617948282674,-20.776840761111814,-20.902257673606893,-20.902362839329196,-21.13145800412447,-31.263672656609845,-20.932424155209816,-20.831308354138663,-20.722297532730718,-21.720488569901217,-24.06159212795647,-29.298591517285672,-60.336987924464395,-229.0313113426132,-95.20916095392619,-22.079720065661427,-29.266299961811164,-23.525583792275476,-21.597389224140244,-20.77636245882471,-20.736129403411876
-20.608234430012885,-20.736593690249514,-20.608382464643526,-22.49207835688485,-30.174710191738335,-20.650446964321524,-22.431743397404382,-44.79969318498195,-60.29011343472974,-21.046650874038853,-20.65266345879465,-20.780265698616905,-20.780098466643334,-21.01650871340487,-31.288984001387853,-20.812078853174132,-20.707234798641014,-20.596591973366504,-21.608996900847593,-23.980868987444016,-29.226597944128425,-60.858551588965824,-230.1267672778505,-95.97081665587817,-21.977323028338944,-29.22610194680596,-23.423922436747546,-21.485637004893967,-20.651874474763815,-20.61038398646035
-20.748312005806138,-20.878539962979836,-20.747571774499637,-22.66749330963627,-30.260307715657373,-20.78767038064018,-22.57310187517507,-44.76817867141159,-59.618632224266854,-21.170446806002378,-20.79398290291665,-20.91604047879496,-20.920895150631562,-21.144924455514143,-31.20724711678536,-20.955222536025378,-20.850756700499907,-20.738816605562132,-21.735068179752965,-24.07388135579229,-29.39654738395969,-59.862300382901,-229.85269440102854,-94.59956934327579,-22.09049412609773,-29.32060170224811,-23.566542091071128,-21.608621363547435,-20.790177618315273,-20.749303269698792
-20.42330478632066,-20.55448980777448,-20.420908854048506,-22.339294037083043,-30.10965291300233,-20.464587736395753,-22.283773817933174,-44.79690168740923,-60.74706838469571,-20.86879096398092,-20.47038962912129,-20.599303011641865,-20.601786207318444,-20.846256533282514,-31.292758922250208,-20.639546292200116,-20.526715993387242,-20.411611111006376,-21.445053984386078,-23.861809157733703,-29.1801054909566,-61.35911682093325,-232.33406456231143,-96.75104170643553,-21.82513487106007,-29.202015058479603,-23.292952000109867,-21.319017924881912,-20.466996529275608,-20.42312856346042
-20.20227483470245,-20.34401962127798,-20.192532311160264,-22.27514085731261,-30.1320884701447,-20.23622267231058,-22.161222939559796,-44.83241409464813,-60.640764417713285,-20.63514682635787,-20.258469497466137,-20.37966193563226,-20.397981480585724,-20.637938498499864,-31.126884072119495,-20.453150583166362,-20.32297468093097,-20.19439078748875,-21.24972409538746,-23.72301162636585,-29.380542506688478,-60.719887434203244,-238.19493637051272,-96.29093897002629,-21.6326094828773,-29.308894727984146,-23.2146292706397,-21.11130943887536,-20.242995777166893,-20.194767532136453
-20.474326534195512,-20.612705400820474,-20.467499669893666,-22.507969682434506,-30.23580944734329,-20.508901401575837,-22.38427416370955,-44.8105209659586,-59.935002463502975,-20.8955619768753,-20.527379135908827,-20.645927729416275,-20.661782386023035,-20.88981142789957,-31.115385639271945,-20.710363197588062,-20.589903756379375,-20.46687093963167,-21.492041748996446,-23.902967662834175,-29.467666849425754,-59.92236230698698,-235.08557338198148,-95.01518632424023,-21.858246840386112,-29.35403901524024,-23.414759377667856,-21.35667405616348,-20.514621601762222,-20.469425976487205
-20.85449265887686,-20.98910381498473,-20.851344514495633,-22.84967176881966,-30.41932814418538,-20.88924927541662,-22.70464803874587,-44.84468630497802,-58.9205708909155,-21.25751473866331,-20.90402530852834,-21.01758389393554,-21.031471940481243,-21.241199459783726,-31.08919078307685,-21.071903908049812,-20.964491274614705,-20.848138850721874,-21.83146287194655,-24.160749973424817,-29.629160919742034,-58.7113218048338,-231.56843436074368,-93.17180739826557,-22.172861764062212,-29.440100121493863,-23.706183662505914,-21.69902978881632,-20.893884679110347,-20.852791358562573
-19.478347548465077,-19.6266370786563,-19.46247546055351,-21.614414308122484,-29.855258169142694,-19.51294269930535,-21.552808098021767,-44.9693984578243,-62.89688076417759,-19.95125177130768,-19.54093915102949,-19.672724743996486,-19.69280359294622,-19.970611105556788,-31.256388217558666,-19.761673114863008,-19.60880044846761,-19.467999127052103,-20.607815232097263,-23.253311588524483,-29.07870030779216,-63.443840763123255,-246.00218509405056,-100.42153731858313,-21.040261440576806,-29.165940584494827,-22.661342608267834,-20.464010646050344,-19.52140130479344,-19.46558380255435
-21.15185376296852,-21.28016095729509,-21.153828027055134,-23.06442029281762,-30.49135664326429,-21.18964394526287,-22.92982524648143,-44.839241868056526,-58.39046313698751,-21.548945659243213,-21.195496232326704,-21.309666553570455,-21.315964365652583,-21.51671806495353,-31.14017542805383,-21.344591278488686,-21.251932954779207,-21.144672307872845,-22.09628949255609,-24.35077876202616,-29.647203952135527,-58.25931422671197,-227.21813974052276,-92.30022363421884,-22.42238413394675,-29.45784629669825,-23.900166548913116,-21.970174527612595,-21.191915642585393,-21.154964304063338
-21.099556906195144,-21.227194305605924,-21.101793145278208,-22.998795499728708,-30.440218526962347,-21.138337801492668,-22.87631750720406,-44.81521601492804,-58.60804989793499,-21.50203771345408,-21.142606344771014,-21.258984195567454,-21.263478836005234,-21.46858340834675,-31.16454155180868,-21.291353803123712,-21.198380468377387,-21.091602840342297,-22.04897198018777,-24.311028016844098,-29.583420865096976,-58.58715122933237,-227.0799120127333,-92.7354547385463,-22.37983961665759,-29.42399773650455,-23.84701702764197,-21.923973667723754,-21.14022308357039,-21.103028801345562
-21.047815417480482,-21.176242918720703,-21.049326637257888,-22.9562250822517,-30.419350642863588,-21.086320426104166,-22.834666530171063,-44.80696207088065,-58.72313522596205,-21.452117540278135,-21.091608517717184,-21.208316731711687,-21.213597552435125,-21.42084793579054,-31.16223949216872,-21.243109375092363,-21.147859054328933,-21.039844005005147,-22.0028557527433,-24.27687321049476,-29.569189838161858,-58.71210962184368,-227.64719001019185,-92.93301051899596,-22.336896537934823,-29.415516884589117,-23.809948098566952,-21.877146211961353,-21.088483916993187,-21.050626848801432
-21.24477595932589,-21.36595162549563,-21.25222247062367,-23.057380795135515,-30.443609888296024,-21.28808572057355,-22.96186157671482,-44.863367657002854,-58.58505805121965,-21.652449074198618,-21.282057409460922,-21.40233647654875,-21.397126081777134,-21.601745868666693,-31.24376528073695,-21.412852908405394,-21.33298456036289,-21.2347158417561,-22.17570563252603,-24.3960105193932,-29.487115829811497,-58.81347309463265,-223.92906431992367,-92.93182988928747,-22.500790260027173,-29.3739490526746,-23.906196912552,-22.057952932516464,-21.287241499134815,-21.253353675840007
-20.39290277817368,-20.525264464934597,-20.38960192106996,-22.325021212065785,-30.103124250925493,-20.43339384453604,-22.264572820048418,-44.787796761211666,-60.7576175816623,-20.83744846211501,-20.440979239281734,-20.569295628226136,-20.57346856072575,-20.818021126131562,-31.27770121335025,-20.613339155205846,-20.498244708860092,-20.381583282496024,-21.418335989226087,-23.84175225932152,-29.19681854647454,-61.321458222286196,-232.92583734943915,-96.72877744135862,-21.79951123007934,-29.212028907117585,-23.279180059857687,-21.29093414145762,-20.436287946581935,-20.39183618243208
-20.5183502029713,-20.65099355322976,-20.515238948120164,-22.46185782554238,-30.16479291246506,-20.557505199013324,-22.380844524698343,-44.766437030353906,-60.255732924659966,-20.95188632196931,-20.56640226070754,-20.69128290422133,-20.697551314094813,-20.93300370896113,-31.228228939499083,-20.737164346347882,-20.62441630256892,-20.50822789631348,-21.53031936050499,-23.92297522021404,-29.30193816751745,-60.62536643612433,-232.16377045626945,-95.7508125732013,-21.901112655557913,-29.26923459558855,-23.391596537238144,-21.401940922191322,-20.56073629382652,-20.51726747042221
-20.42254851475731,-20.55843823707117,-20.417022754763163,-22.41195044799474,-30.155529952378558,-20.459663054727624,-22.317670523968058,-44.77184326138124,-60.33083508556776,-20.854547553611514,-20.47346807558222,-20.596718526086676,-20.60752408455879,-20.84371165865352,-31.188155742190943,-20.652797199977307,-20.53390422848132,-20.413359771456133,-21.445580800690127,-23.86236672490167,-29.340891566352667,-60.579115147490946,-234.09024985699784,-95.80694773780107,-21.81975573528445,-29.290021579860777,-23.343111031283296,-21.31354592784849,-20.464202678452658,-20.419105828480383
-20.377227060083673,-20.512091853277052,-20.37220546265286,-22.34743787871968,-30.117602750458353,-20.41562301183552,-22.26860958465486,-44.77218849325136,-60.59122282435361,-20.81575593545953,-20.42735327640314,-20.55306368589499,-20.56147102560061,-20.802646250999796,-31.22693652611494,-20.605440688894916,-20.486772166033695,-20.367117143274925,-21.404998476255706,-23.8314592864579,-29.27077065056413,-60.981374682838876,-233.9321545436827,-96.32970881740171,-21.784268085444662,-29.25302036941337,-23.29260870367189,-21.27446668294199,-20.419627571665078,-20.374390340314235
-20.8349304877197,-20.960338777135426,-20.837907353891225,-22.68748930508793,-30.261848836814337,-20.87785298877933,-22.617239986726272,-44.81109441039774,-59.697336977226925,-21.263278985219493,-20.876495663378236,-21.001914494788412,-20.999332946625433,-21.224962107293766,-31.276343709074073,-21.02494871911508,-20.92940527835633,-20.82363588809943,-21.81035010560744,-24.12723700745491,-29.303816135407438,-60.17177789920274,-227.68292216547658,-94.93326198386248,-22.16361999835638,-29.26858605343006,-23.590756197852524,-21.68954686912972,-20.878301309118093,-20.839617127016645
-20.7234881324543,-20.85028871183409,-20.7251072291956,-22.590521109112707,-30.217996670472196,-20.766109601315826,-22.52557262258106,-44.80420858341804,-59.991716351105644,-21.156933676355735,-20.766416039578516,-20.89297194585988,-20.891484436034006,-21.122507111012595,-31.283277566920496,-20.920146626079365,-20.820086961459758,-20.711990181794985,-21.71130939520331,-24.05517016021958,-29.26352468673205,-60.51675777312076,-228.85194199764067,-95.4513415349819,-22.072044999561676,-29.246174305354437,-23.508012633243734,-21.58933259821178,-20.76701402984898,-20.72696325847891
-20.92779169641864,-21.05545923837176,-20.929417005158196,-22.817995066742043,-30.33095233302538,-20.967929791896992,-22.71851992295842,-44.78463371672228,-59.18806680627443,-21.3429478002946,-20.971034697320647,-21.09169549164233,-21.09420009319817,-21.310390189369166,-31.207267580862236,-21.1231908458763,-21.026280348646655,-20.918440493949923,-21.894782626022995,-24.191544277652437,-29.449905803351015,-59.382308118228465,-227.8761180903204,-93.85268481429127,-22.238904733202418,-29.350656907603927,-23.696403088374964,-21.770643393829715,-20.96955753270391,-20.93092660194002
-20.601771025252884,-20.73303279890864,-20.599855858507418,-22.52864066650999,-30.192998158648685,-20.641442616761854,-22.446783747258333,-44.766997833863414,-60.064873562703625,-21.03254269313593,-20.648537886867008,-20.77300119456913,-20.777871600199656,-21.010016686523116,-31.230707557611318,-20.814756676597355,-20.705666116116287,-20.5916084323661,-21.604386929796867,-23.977087019068783,-29.31877158629844,-60.42649416164424,-231.1178955166882,-95.42677567323382,-21.970191307071772,-29.278176857522812,-23.449526169526948,-21.47735537442567,-20.64418269679367,-20.60179132606917
-21.20691385860457,-21.32465534347185,-21.216961444694448,-22.972315067588713,-30.407411360102653,-21.253590480053287,-22.903443122819755,-44.93619239525586,-58.96441909497579,-21.62602568249427,-21.241597222045822,-21.366060780192143,-21.354473334652038,-21.56561427420398,-31.308370409956705,-21.364030248553114,-21.289327364394754,-21.19480848421404,-22.138962780250054,-24.36715916343115,-29.350850679165276,-59.45865595263557,-223.2839285200635,-93.85192946204181,-22.468455879624052,-29.29358586701298,-23.83663897717345,-22.025721022691076,-21.251130055917155,-21.218211168707104
-21.007537285268597,-21.137928280108497,-21.007596788786252,-22.944184510812875,-30.430900583845922,-21.044667105920503,-22.812724005582716,-44.81668940884961,-58.716024588350464,-21.40992104033039,-21.053136821525204,-21.168354960801185,-21.176631991210616,-21.38343785773785,-31.13472038078024,-21.20957290903711,-21.11080643119387,-21.000249077739525,-21.967495498714943,-24.25476628154067,-29.603923627764942,-58.61804627953252,-228.75496324564952,-92.86762573391867,-22.30242959495354,-29.43218026792939,-23.795496090684058,-21.83954805523421,-21.047656433591428,-21.008913632624648
-20.15838639265902,-20.295386392277436,-20.15130743440589,-22.149521365013577,-30.03485736162039,-20.19679536418774,-22.085257997622065,-44.79845409538767,-61.24291871670712,-20.608594635402472,-20.21065370155633,-20.339273705002892,-20.348614771125956,-20.60106850369471,-31.25791419676636,-20.39718711413394,-20.271121054608795,-20.147597539464517,-21.210596528076074,-23.690101808166048,-29.17938802190934,-61.76805780842291,-236.25600133990295,-97.5179654043282,-21.60475192090773,-29.205731761437242,-23.1255293450076,-21.078355005097613,-20.201397518984244,-20.153768015230952
-20.245106646598824,-20.383673332750156,-20.237337766833082,-22.267269285162364,-30.097649108958915,-20.28139227109941,-22.175932942475917,-44.7902523645303,-60.76062984776448,-20.683584531173146,-20.298523608951097,-20.422897506375858,-20.436161769840265,-20.67948977649759,-31.187758894346814,-20.486555918269744,-20.36062939446436,-20.235883951285615,-21.287836420077603,-23.746921004302557,-29.300016999118142,-61.037495736352824,-236.34450732085,-96.56389267281641,-21.672470298855195,-29.268891091313204,-23.21773576385555,-21.153212630207037,-20.28684068449047,-20.239612256470522
-21.377107615864468,-21.487908145716993,-21.39347268407347,-23.065199398647717,-30.49195100652415,-21.42853206251183,-23.013629315604327,-45.14664665420308,-58.86901155022053,-21.799989099022188,-21.406320439805103,-21.532656667705112,-21.511162026644048,-21.71844149094148,-31.368744788334602,-21.506330672487902,-21.448640066144666,-21.36302483319193,-22.285673130191785,-24.47692591630337,-29.279362148960253,-59.55284726697911,-221.01809572635688,-94.06423688163127,-22.60361366487196,-29.245471744151132,-23.91507372679278,-22.180067053561267,-21.423230864025243,-21.394523946375866
-20.025120090618206,-20.157055131952962,-20.02114868601625,-21.931835428229412,-29.98523713641223,-20.069381339305256,-21.929639793395523,-44.952578588120176,-62.30151844723362,-20.503122446630165,-20.074053477450107,-20.21153619099247,-20.210139983012343,-20.48168241231103,-31.435972552203737,-20.25123112687195,-20.129063292680105,-20.010423553438656,-21.091094163540603,-23.62156108215991,-28.90650567632676,-63.43416255261289,-236.0812429857427,-99.76125664112982,-21.50269011985756,-29.0497154800315,-22.954811483402217,-20.966339509684104,-20.071435431545428,-20.023983916882546
-20.37390006495036,-20.50321385452575,-20.37270950497029,-22.260024556236267,-30.088014008621435,-20.417322390472783,-22.226039028625433,-44.85185637661405,-61.114648101574595,-20.829152000781757,-20.41972764558862,-20.55180408522309,-20.55037039045503,-20.80140813138165,-31.351702240033877,-20.58522651036742,-20.474067967939558,-20.36078833761212,-21.40027666803434,-23.83390580574638,-29.08045886917432,-61.939088497845766,-232.25714024345018,-97.54610054166173,-21.786224233716926,-29.144290854196946,-23.229695834015843,-21.276960192245877,-20.418793339418215,-20.37506000810363
-21.09408614862534,-21.21894408602738,-21.0982768577075,-22.9515466585365,-30.394336621271094,-21.135351359826508,-22.850337441427097,-44.81338308901629,-58.827814562426894,-21.5038846543214,-21.134701709426576,-21.254546873517647,-21.254064612160292,-21.46351393487912,-31.216384873074155,-21.27724184821616,-21.188180902733304,-21.084656931297353,-22.04258241680342,-24.299970885332566,-29.48722599889392,-59.00350311716292,-225.9597996318328,-93.25518754987215,-22.37645759044479,-29.37263281001296,-23.812548082088732,-21.92107812791239,-21.135957971633385,-21.099581988907858
-20.61554516567778,-20.739545987106823,-20.61898603639571,-22.439312148899393,-30.176804021749007,-20.661635970711313,-22.408801441087412,-44.90826331277805,-60.64335677135131,-21.06585534782351,-20.656761577878438,-20.788495239202526,-20.780840337686435,-21.023284061126933,-31.373387273972064,-20.80510031562652,-20.70729337819723,-20.60167924320777,-21.613152257334274,-23.990894318739898,-29.091548461048692,-61.514670568649,-229.10785098493307,-96.86955313121433,-21.98431534944713,-29.144142560188627,-23.383720369528945,-21.495430102861,-20.661095044297863,-20.621081051382596
-20.181763417651123,-20.32215775661205,-20.172700392425813,-22.2303718166031,-30.0925239478433,-20.217013296007412,-22.132063534263505,-44.8085710783204,-60.8367094373383,-20.620046691114474,-20.2368098087369,-20.36041128393173,-20.376085910389776,-20.620195584839383,-31.16681131848586,-20.429525561822526,-20.300219529881037,-20.172996272449723,-21.23154190328754,-23.70676270837312,-29.316935520358268,-61.05237362128519,-237.5907193617027,-96.67482624834133,-21.61843933897297,-29.277521810415905,-23.182462722037457,-21.094891148087704,-20.223167971387166,-20.175012486364647
-21.910243790648444,-22.015771641454574,-21.932941117765115,-23.554393988996924,-30.740268545593445,-21.9620841690352,-23.465945901847043,-45.30406174134963,-57.43599750530367,-22.304367948210903,-21.933711356135454,-22.053059734458458,-22.028019637777103,-22.205935661471443,-31.328250794365495,-22.009343435353454,-21.974186899502907,-21.898153790740114,-22.761525859063816,-24.82040310664419,-29.552941049423183,-57.73414430808693,-216.82062306086866,-91.48102966353048,-23.040575253185416,-29.41588533924861,-24.334170843309856,-22.658678095451123,-21.95514261040593,-21.933102770084332
-20.742846986842796,-20.868138295111706,-20.7456458498596,-22.589494730669294,-30.221143496879023,-20.78666034853434,-22.532663512517935,-44.830659745071394,-60.04648998726023,-21.178914936803512,-20.784566239852058,-20.91223329503353,-20.90834316480768,-21.140290925026047,-31.30657337430612,-20.93424857693313,-20.83694936809678,-20.730722856900154,-21.727810834030073,-24.068049335974088,-29.229387589458796,-60.65257574370224,-228.31556295698937,-95.62515749257715,-22.08825815455851,-29.225807040299657,-23.50881801511374,-21.607663014803876,-20.786908273873202,-20.747506076636114
-21.244905311694477,-21.364242993493153,-21.253788669351415,-23.032590498379747,-30.43078556078047,-21.289849657278555,-22.948995466512798,-44.89472372308157,-58.7166823778748,-21.657107744504152,-21.280704173907015,-21.402841599898274,-21.394429950007897,-21.601274597192102,-31.27373352683295,-21.406770484766213,-21.330032332176675,-21.233917318364718,-22.174444206168932,-24.39338511820296,-29.429550032669653,-59.062322723268686,-223.40533716268232,-93.27749222605158,-22.500488491643555,-29.34064971714301,-23.88689409180472,-22.058979602992228,-21.28816747849257,-21.254950736278957
-20.181618809975834,-20.319829762821552,-20.173853771404545,-22.193883111825752,-30.059017513758178,-20.218755311047353,-22.115377944174135,-44.79282386248687,-61.037258606616106,-20.626273252083674,-20.234829861659257,-20.361323143253482,-20.373124757452736,-20.621582698019708,-31.219718029338374,-20.423392125401353,-20.296435628759987,-20.171679279896054,-21.231357541083423,-23.70491710574078,-29.239457902520016,-61.43078406430703,-236.58097679922804,-97.09551079125995,-21.6217786422145,-29.237682399818016,-23.158815467288676,-21.09746080726672,-20.223941489107457,-20.176238485115697
-21.251556614504313,-21.37843234716298,-21.254873121158887,-23.147852377026513,-30.534891795449262,-21.289803281278125,-23.010933446875423,-44.86009645700203,-58.1675811049781,-21.644971447685357,-21.293853376080094,-21.40727518547185,-21.41220463976957,-21.60871840979282,-31.144243628375357,-21.43781473648817,-21.349451882075073,-21.244460015688304,-22.185295230972358,-24.417287133628225,-29.67835399510206,-58.01177412340223,-226.1964008452092,-91.9134798228144,-22.505201279316985,-29.47653509901128,-23.972775664989978,-22.0604124795281,-21.291580307086754,-21.255880722131167
-21.30158812868488,-21.428514843358798,-21.30506134861424,-23.201602281790443,-30.574899423529974,-21.339402988837133,-23.057723317340603,-44.88317927624914,-58.00634461059134,-21.691367459957835,-21.343933669195156,-21.45597646877303,-21.461579575092987,-21.65484923690505,-31.132934375278005,-21.486928782191207,-21.39969440021327,-21.294928729111767,-22.230363914853193,-24.453983169962505,-29.719982870400234,-57.786833432890745,-226.08633217166314,-91.60423400530964,-22.54634366330548,-29.499024508599106,-24.017446455347425,-22.10513024116703,-21.341281903634872,-21.305986559931036
-20.87689965616355,-21.00422956308838,-20.87860028626376,-22.75937297883229,-30.298084180043677,-20.91775568312103,-22.66938744823535,-44.78412541331486,-59.39279411637578,-21.29682834815917,-20.919934400576974,-21.042238355578665,-21.043536185176727,-21.263570923263526,-31.227658533065743,-21.07225264247404,-20.974706442838567,-20.866952644059797,-21.84898498920254,-24.156505393152496,-29.39917129322631,-59.67678500586695,-228.03025466923907,-94.26170400982642,-22.197367732582148,-29.32257832103868,-23.648129436468498,-21.725531862835577,-20.919148250809496,-20.880198949723358
-20.44036785597962,-20.578021473433555,-20.433833897777525,-22.45979179083414,-30.197597842462876,-20.47582294116915,-22.34749015744266,-44.79128848971951,-60.11589854059691,-20.866118728086644,-20.49279766210791,-20.613245434501444,-20.62739678739667,-20.85908637422373,-31.142420865849797,-20.675173854716313,-20.554696540637696,-20.432257589079345,-21.461692305096737,-23.877568228159866,-29.416237485144535,-60.20326904972096,-234.84993157327136,-95.36531138990262,-21.831794691754318,-29.328403397391796,-23.37752445098763,-21.327371842127214,-20.48117419412329,-20.435835170236953
-19.772382779022692,-19.91508034690258,-19.76060603440975,-21.832531693447244,-29.91975977731177,-19.809196836440318,-21.77720952157336,-44.87480042827466,-62.24578994739417,-20.237735531010568,-19.829970358258524,-19.96134629622567,-19.975593373190904,-20.24421578055379,-31.274603137157943,-20.034932278063337,-19.894007464009235,-19.761446355352756,-20.86847427495085,-23.442472319815536,-29.09252955718486,-62.85086218931022,-241.3526909821239,-99.28869117696998,-21.285958329093287,-29.166075791008808,-22.853494598217083,-20.73063435628031,-19.815694101978593,-19.763472301340734
-20.991966110455515,-21.116968586207665,-20.995722441477245,-22.84635723243886,-30.337873527740953,-21.033939074930668,-22.757758758106036,-44.806415149088906,-59.169158721168,-21.40913681558079,-21.032869552121095,-21.155016284971083,-21.15358807870667,-21.369461308917185,-31.23993407615868,-21.177612404507812,-21.086080233039375,-20.981765891506125,-21.950953100245467,-24.230818269884214,-29.412179937160097,-59.465859948517405,-226.56573807419701,-93.91553772733234,-22.29251036652714,-29.330212905160813,-23.724275281673936,-21.829817175084813,-21.034450956744433,-20.997188949302732
-20.486016903521968,-20.616502253134385,-20.484293052816117,-22.394874002543663,-30.13254115630968,-20.527379430164558,-22.335746341438565,-44.79237547711385,-60.56819280168896,-20.928354374163007,-20.5324026744988,-20.660587826227243,-20.66263295184748,-20.903954165291864,-31.28579603323324,-20.698882486859095,-20.588367865867838,-20.47447688420136,-21.50074098467354,-23.901992084023885,-29.204233060589953,-61.14627039798455,-231.65215382048638,-96.42951194219303,-21.87658289271821,-29.214902559678357,-23.340091117588287,-21.37528397193122,-20.529574337886714,-20.48643271410691
-20.234555402423894,-20.37610557192838,-20.22504239404496,-22.306227412702,-30.1485789877388,-20.268405289293568,-22.189243137216902,-44.83288155582661,-60.53827067036789,-20.665471730014055,-20.290557010877926,-20.411148647691604,-20.429540468278987,-20.6676682645922,-31.120345585911025,-20.484215611055365,-20.35497982866379,-20.22682958125818,-21.27844644316977,-23.744747925101606,-29.397958337424544,-60.59018994936697,-237.93165071697902,-96.10229424739101,-21.658999607692895,-29.31753639400494,-23.240492231025147,-21.140144080091442,-20.275142492744905,-20.227234714393063
-20.190580743786334,-20.33082801445092,-20.181633707521332,-22.23728851873943,-30.094996851499964,-20.225882374586458,-22.138986278186884,-44.80693532131427,-60.81648121645985,-20.628584141213096,-20.245491796127432,-20.36905795665394,-20.384587488015953,-20.628378834260435,-31.167166001858124,-20.437760132459097,-20.30880723014472,-20.181807431141383,-21.239382230892378,-23.712478183305187,-29.318359729965486,-61.0320573641976,-237.46791632770933,-96.63916889297428,-21.62579485710549,-29.27823923426847,-23.188523019674697,-21.102879082343048,-20.23198634103083,-20.183937122087794
-20.576724679906242,-20.708621537266588,-20.574299550296896,-22.511971481003325,-30.186828912833253,-20.61604545644079,-22.428605063756194,-44.76551989059767,-60.103283451414335,-21.007712668514674,-20.62405999991976,-20.74838476469976,-20.754065722714518,-20.98683558034076,-31.22525957083414,-20.792131277584932,-20.68164421970529,-20.566690485175485,-21.582219773210205,-23.961001440894233,-29.32114571185704,-60.45079856943659,-231.51309427480646,-95.48054277884779,-21.949267561103,-29.279526946023616,-23.434495031445678,-21.45450582594759,-20.619033245715336,-20.576257109003826
-20.234208589936276,-20.363059942700044,-20.23300552607622,-22.10740505568687,-30.050351489186326,-20.279337717684434,-22.09714594836312,-44.93265549090424,-61.72850831927778,-20.703154613518077,-20.280228340741765,-20.41593164974718,-20.411906806919927,-20.673608486584037,-31.416966336301726,-20.446676540644823,-20.33337049906452,-20.21965439710586,-21.275666540650935,-23.752513424379003,-28.960644204134674,-62.79025480746699,-233.47675437615266,-98.77743473263203,-21.673240459247516,-29.074941342141493,-23.10312943719949,-21.15381474738132,-20.280357829917552,-20.235593929445567
-20.86638335029246,-21.00039737446508,-20.86363726708666,-22.852551368485127,-30.412602546176018,-20.901545215468506,-22.710891189384085,-44.83457476178568,-58.923796438289564,-21.270015816166612,-20.91535826265884,-21.02942682848828,-21.04240792959863,-21.25238837378107,-31.098265425361838,-21.081877309177674,-20.975417765317097,-20.859818306565312,-21.841984888630748,-24.16692485866713,-29.61776005647829,-58.74273917475891,-231.18498741946235,-93.18705966849612,-22.183293748390234,-29.43502663494183,-23.71027221699847,-21.710236424429016,-20.905935599730707,-20.865081997787694
-20.06634261978675,-20.204422042522587,-20.058296487958085,-22.06921116797931,-30.00367790448441,-20.1046085155285,-22.00962372363151,-44.81360315435999,-61.5061674588264,-20.521003501179347,-20.119660089375053,-20.24928657063774,-20.259319669244938,-20.51620919120125,-31.268131974937475,-20.310082211274757,-20.180726803345795,-20.055365053299067,-21.12895530386131,-23.631101105606366,-29.14796872532254,-62.074277438884224,-237.3359028948102,-97.99203310885204,-21.529140353138864,-29.190066985011725,-23.057422885336585,-20.995752278334407,-20.109540594770365,-20.060865681897457
-20.402164542769476,-20.53506331895734,-20.398524396056697,-22.343033906643008,-30.110933673827738,-20.442092859998688,-22.276872157535166,-44.780035817888184,-60.67302123197996,-20.844371385659667,-20.450646365479997,-20.578109912386424,-20.583352166595176,-20.826324512792777,-31.26242385375328,-20.624045959191168,-20.508433646727113,-20.39121034049731,-21.426749278473785,-23.847452562882697,-29.22213476708564,-61.18229999935376,-233.03681649285352,-96.54688667856249,-21.80653618948466,-29.22613857299091,-23.29306126122008,-21.298609867463284,-20.44524716398643,-20.400728447631618
-20.42873544573537,-20.557179570749927,-20.428327494104863,-22.3051099423734,-30.106789704802537,-20.47245571200898,-22.26967500220514,-44.85253061219147,-60.97729049816684,-20.881900906897233,-20.473753700781682,-20.605446801778832,-20.6031877069143,-20.851807977020346,-31.34989765720907,-20.636261963289947,-20.52754518221922,-20.415625742146602,-21.44877765820505,-23.868905914318432,-29.093231397738336,-61.78922772982439,-231.59000253604503,-97.31488765028881,-21.831172490751676,-29.150523334137805,-23.268132610851936,-21.326296824184908,-20.47362316220293,-20.430613636339988
-20.54358651200557,-20.671117900825333,-20.544160424771366,-22.412445782073892,-30.146949282629414,-20.587112747975315,-22.36734519037418,-44.834320061506496,-60.61019657324286,-20.98972726257346,-20.587571008178347,-20.717546792886118,-20.715129348454404,-20.957248637294782,-31.327851712387037,-20.7460222535089,-20.6410741788787,-20.530964058592026,-21.550843876727388,-23.940915817081255,-29.150261192894362,-61.32853321958166,-230.41717877088595,-96.63378535628225,-21.92498592677119,-29.18214784771542,-23.35854863917029,-21.42890912241572,-20.58805613964275,-20.54628624376771
-20.818632829898796,-20.937856195609488,-20.826391255349716,-22.589017494600437,-30.26138187152474,-20.867253486608835,-22.56139596763819,-44.99491491229232,-60.26788600866908,-21.26528040835682,-20.85581086457061,-20.98723876942122,-20.973825397217826,-21.20882624357673,-31.39366107974137,-20.988257494094935,-20.902898134624063,-20.80402739055338,-21.79151736747658,-24.12302859121615,-29.097867711923627,-61.18172933348802,-226.62510932976727,-96.3807020222884,-22.149480803986783,-29.141800893042188,-23.51106387385626,-21.67880367790974,-20.86488648434827,-20.828253987236046
-20.44383871086192,-20.57668017805351,-20.440363232602294,-22.38617795209298,-30.129866928886003,-20.483456433843262,-22.314381250077236,-44.77361313754873,-60.51883817327457,-20.882808367733574,-20.49218943645737,-20.6186890292492,-20.624362726662753,-20.864564341195376,-31.249090988852444,-20.664726745973564,-20.550092796505538,-20.433202098799615,-21.463891858597055,-23.874341932923286,-29.25187070403075,-60.974966489852754,-232.72673227248774,-96.25126584078033,-21.84040294137338,-29.242233871293692,-23.32875943828483,-21.33562155923894,-20.486654348720652,-20.442503300760208
-20.904427875465927,-21.02994187821119,-20.907534986636385,-22.761844057449338,-30.296269199504255,-20.94667161540339,-22.681394367268286,-44.80254563891965,-59.43845275191954,-21.32702628011909,-20.94592047027884,-21.06959153114183,-21.06802425220899,-21.288907745447368,-31.254373346304952,-21.093441229682647,-20.999221510975033,-20.89376602845204,-21.872708099798377,-24.172935625596423,-29.360894394477565,-59.81380582244471,-227.2584757638166,-94.42140378750148,-22.22055732549349,-29.301114006222498,-23.652854759238757,-21.75139715830851,-20.947278685472373,-20.909130943640793
-21.260129248766905,-21.382491717079844,-21.266721631695418,-23.09011312166257,-30.46493936343751,-21.302261945173193,-22.984586788857676,-44.852496971953244,-58.449583637698794,-21.663754452169204,-21.298382262993712,-21.417012088643293,-21.414059404821344,-21.616196141050583,-31.220465552448566,-21.431839436343033,-21.350379001815885,-21.25079956581698,-22.190350717170606,-24.4090284420205,-29.53709821163779,-58.581760754718545,-224.24600347847263,-92.61540321147669,-22.51351489900022,-29.40213023393759,-23.93233248802901,-22.071035520531126,-21.301985050265202,-21.26780637009076
-20.36901827635695,-20.499669664046127,-20.366848603093704,-22.274267391267358,-30.086914047631204,-20.4112672754681,-22.230818726775677,-44.8228062127774,-61.00905471708634,-20.820655423187226,-20.4158444460179,-20.546637464211972,-20.547487255179966,-20.796636120877306,-31.32431341477738,-20.584644082405056,-20.47142488030966,-20.356580793549767,-21.396466379141632,-23.828562712849326,-29.12113715875988,-61.73845706069895,-232.61808951056517,-97.28256460928665,-21.781463349313313,-29.168729657771618,-23.23987320790632,-21.2714143424204,-20.413340328488278,-20.369169641907547
-20.173146121158283,-20.309785989810933,-20.166343201569255,-22.159402261161706,-30.03829227968567,-20.211745284261013,-22.09602007055238,-44.79728935567945,-61.218855859722915,-20.623210264962378,-20.225095199992868,-20.353785000481736,-20.362681214216373,-20.61478443494266,-31.26085038324332,-20.410612079010757,-20.285300397951374,-20.162286113727806,-21.223668835933594,-23.699678955061902,-29.17793280714121,-61.7523652604308,-236.01489033221975,-97.48191154090172,-21.6171278582579,-29.204719530126887,-23.134431036431227,-21.09182179209845,-20.216209731693542,-20.168792316438786
-20.77471434218162,-20.906617250452666,-20.77294558739891,-22.721473146601593,-30.301839838048014,-20.812393251069416,-22.609985231555942,-44.775561423313945,-59.39259493447921,-21.190408587469648,-20.821806234147605,-20.941105286891922,-20.949247460490763,-21.16878753227234,-31.165580539177157,-20.9861114311196,-20.880043277090984,-20.766311917541586,-21.759286315094098,-24.09521157225719,-29.473890049913344,-59.47947482808485,-230.43993285648276,-94.11818307245943,-22.110659784071935,-29.36158573503293,-23.60761069252712,-21.63061265238566,-20.815700969184903,-20.774591527823862
-20.943124453010267,-21.07204224590328,-20.943933482204173,-22.853129346191672,-30.35862190865894,-20.982040227000887,-22.74200775694896,-44.78686066388096,-59.04014981488875,-21.353914569175114,-20.987434824535846,-21.10619713723136,-21.111096272645323,-21.324381485693806,-31.17924912627026,-21.142079203290155,-21.043765489240936,-20.93454809667371,-21.909103338888674,-24.20482924062302,-29.503665494872173,-59.12657698307502,-228.31576841632238,-93.52695945899978,-22.25074920401708,-29.37951104766903,-23.723240165856815,-21.783322675599752,-20.984261813931138,-20.945388911951355
-21.487728130833013,-21.610547069421965,-21.49478563336128,-23.336402706869904,-30.629375656840296,-21.52765726043971,-23.198370094134926,-44.920914523429595,-57.68977474792018,-21.873925603175692,-21.526211496211673,-21.638636531467903,-21.639093308500712,-21.82626884850169,-31.166154120014227,-21.656243713405523,-21.579340705044316,-21.480521940511377,-22.395773062531337,-24.5724387576872,-29.733648143620314,-57.51374644484804,-223.58340050063921,-91.12078163777298,-22.70133300326618,-29.512391868928162,-24.138416260145753,-22.274553829917306,-21.52794867653492,-21.495487658519483
-21.754263764043124,-21.86758812774669,-21.76969193544808,-23.48523979708643,-30.680802560680256,-21.800477871566898,-23.374705682598893,-45.06631618470198,-57.45393094266461,-22.14286744066424,-21.78412606181791,-21.900460070653217,-21.887146552495743,-22.068317669560223,-31.259266765498424,-21.885042685972184,-21.830515777472616,-21.744566148191808,-22.628801202709845,-24.730115735327786,-29.651339685914873,-57.527592310180424,-219.17819376475205,-91.0677681173598,-22.91934068490699,-29.474232606401397,-24.27513314476376,-22.517589094422405,-21.796810532177936,-21.77007713077987
-21.560134946847167,-21.674884626387993,-21.57373178825037,-23.301216100370436,-30.575188947457228,-21.606619184212846,-23.206028807997665,-45.00500703382034,-57.981654799541715,-21.95966694778895,-21.591557165976802,-21.71094784310022,-21.69804249059016,-21.88992074195352,-31.274915467126142,-21.699869175892218,-21.638300551829847,-21.5494982906253,-22.454702531127023,-24.59922011525044,-29.538318128139835,-58.210926163361826,-220.46993196398012,-92.0471410354896,-22.759103066101492,-29.405928416969545,-24.11757559959583,-22.343002697441968,-21.60331811897901,-21.574432646158446
-21.887299313158906,-22.002864763198748,-21.90137562996848,-23.654355963750714,-30.80346195834898,-21.930487713248866,-23.514404342527563,-45.09429168233876,-56.91824362750321,-22.261708020780862,-21.918972196965434,-22.02979560431613,-22.021846037136605,-22.19261300801786,-31.20845456331467,-22.023192488198127,-21.96772331637436,-21.87983961573725,-22.751345921781812,-24.83380161665,-29.828614469433774,-56.7051333934618,-219.50040826125434,-89.8991093957467,-23.031337440279383,-29.57623702070645,-24.41713378262266,-22.636471005790415,-21.92805823761266,-21.901507028403945
-21.655182416860583,-21.775942575263002,-21.664382252166853,-23.483077630047035,-30.718545639221816,-21.695607565955328,-23.33808431811668,-44.98762600712173,-57.305953379186114,-22.03436139914325,-21.691728050081814,-21.80236511258416,-21.801063877044726,-21.980373719585696,-31.169189705056603,-21.813471398887728,-21.74376365703204,-21.648340485467706,-22.54556820722317,-24.686299853547872,-29.802724341411327,-57.05898593111068,-222.23002566743992,-90.4498847736748,-22.839988068138656,-29.55394730256726,-24.26517854736324,-22.42584328855251,-21.695216803565856,-21.66483953449715
-21.619815316307406,-21.739252377718408,-21.629879643639594,-23.42672198161716,-30.665818665918085,-21.661679240777023,-23.29503757781031,-44.96539324844062,-57.493535285288985,-22.004385274003834,-21.655140316494258,-21.76825611209654,-21.76420783790343,-21.947289282581373,-31.195393274793798,-21.774477000367828,-21.70602909964509,-21.61201069706766,-22.512614320336127,-24.654744976545864,-29.731464085452863,-57.3697575114945,-221.7412044191911,-90.86451549588355,-22.810613642162643,-29.51549917781714,-24.219759127674276,-22.394765973613097,-21.66061868863593,-21.630417568143685
-20.93538267357122,-21.061205624931162,-20.93835826440825,-22.798789221273104,-30.314936787455302,-20.977093423836802,-22.711919665085606,-44.79767311374728,-59.304380867754205,-21.3547667157271,-20.97706617588749,-21.09965961696621,-21.099003338709707,-21.317410037953803,-31.24002856676505,-21.12478503787283,-21.030763257024567,-20.92513765136903,-21.900643080877675,-24.193871221213737,-29.3949663197805,-59.617844528850796,-227.1691759050129,-94.14693597513298,-22.245861150073406,-29.320392900668576,-23.683332116256437,-21.77877831849654,-20.97789073906259,-20.93989775664098
-20.995441005583398,-21.121432576620823,-20.99848485513405,-22.864371016086125,-30.349922503435447,-21.03650704845225,-22.768162885380306,-44.79772095012909,-59.08151249698875,-21.40979323337731,-21.037163295984186,-21.158114962620502,-21.158468510712332,-21.37270972745207,-31.220837434484235,-21.18419542327753,-21.091236951642806,-20.985780333401888,-21.954627085218977,-24.23466808817237,-29.447219785256568,-59.30565754372519,-226.8882017665813,-93.7061608356607,-22.295089927018523,-29.349739537095726,-23.737892730000276,-21.83223307681092,-21.03747658181094,-20.9999243348707
-20.980752925764985,-21.110137683522083,-20.981378141220763,-22.900101320832867,-30.391555687258965,-21.01896087471554,-22.780214632709864,-44.79741754394215,-58.877922657613155,-21.387580102330624,-21.02544911098779,-21.142665413163407,-21.14884174800223,-21.358958885164107,-31.160648182571933,-21.18034888348955,-21.082266567940085,-20.97272670763453,-21.943061091268152,-24.23244022863351,-29.548820200046908,-58.88392338094471,-228.36302104607864,-93.20231525171926,-22.281262492441403,-29.403637909587573,-23.761258367385665,-21.816505711387144,-21.021453682489753,-20.982762382803273
-20.66015132183073,-20.789983244162695,-20.659405131595864,-22.568480635384354,-30.208760499420848,-20.70059933827459,-22.489587626561974,-44.77259406508779,-59.97072571126922,-21.090260854491067,-20.705637523025842,-20.830343983965857,-20.8334128557747,-21.06397091736266,-31.242054874735437,-20.867598784689967,-20.761744087512216,-20.64971838160123,-21.656041363110642,-24.014649766668793,-29.31534245906007,-60.360382406728874,-230.23295275481843,-95.29315033955916,-22.01882069679061,-29.276109094335617,-23.485155154025723,-21.530532902968666,-20.702783688629555,-20.661286326761346
-20.773663363235997,-20.90538202331213,-20.772011230772872,-22.717457316640946,-30.297949972018863,-20.811510433038343,-22.60761044824529,-44.77407474771865,-59.41064012372237,-21.189917812023463,-20.82059380649863,-20.940155555210346,-20.94795881144603,-21.167873800540296,-31.169635755236555,-20.984537680774583,-20.878679660022105,-20.765156164952348,-21.758286675509623,-24.09404872890365,-29.46678055347685,-59.51234328142922,-230.35984260220852,-94.15741232952412,-22.109970879557157,-29.357901169405682,-23.604718442079793,-21.629848268439243,-20.814733399618238,-20.773663726364305
-21.08938760289987,-21.21478070161764,-21.093173125711928,-22.954427868912553,-30.398207143974535,-21.130217810893036,-22.84998407823018,-44.81008418702919,-58.80439116157617,-21.498192144378717,-21.1304675722461,-21.24981172916105,-21.250218042028948,-21.459222434914345,-31.207929735934638,-21.274353205008072,-21.18437929432547,-21.08019472639215,-22.03866724364869,-24.2978742679013,-29.501055158177785,-58.94972358880662,-226.182953133703,-93.1895807163185,-22.372450363528362,-29.38013673974144,-23.814121494225393,-21.9165205826852,-21.131061944101127,-21.094474566950193
-19.893980119884045,-20.031371366041025,-19.885887219719866,-21.875308454450813,-29.93675812650531,-19.934455193605963,-21.8487797903466,-44.882882708908355,-62.290821559695374,-20.365906725087076,-19.947208693304557,-20.08199733881295,-20.088453602961327,-20.35924750126559,-31.359696007978542,-20.139124270174626,-20.00686805440866,-19.881148633069657,-20.976073968252038,-23.526989911580493,-28.99482255101603,-63.17164099413921,-238.5397189693815,-99.52067736337249,-21.391744898142658,-29.10819942744052,-22.900591843215864,-20.84464542857586,-19.938767143877254,-19.888752572038154
-19.906835218737008,-20.0441169303002,-19.89884955611838,-21.88721241143759,-29.94061210032917,-19.94728916861193,-21.859601355904392,-44.8789690091799,-62.247658178622004,-20.3779670392808,-19.959944736412872,-20.094541314273783,-20.100979963850765,-20.371045364980546,-31.356688449011422,-20.15140866103326,-20.019562620886322,-19.894054443778746,-20.987447439898094,-23.534908915285026,-29.00058957377287,-63.11832442059634,-238.39301088419097,-99.44102598739806,-21.402189999388444,-29.111119016742663,-22.91052373310148,-20.8560964717452,-19.95157460781888,-19.901698197553966
-20.070378465189044,-20.204868466381175,-20.06471610075825,-22.017065799109794,-29.98958082697093,-20.111856030495012,-21.987610382830876,-44.85995168091526,-61.84802803246284,-20.53599364446606,-20.120940914308786,-20.25469131482399,-20.258398439830568,-20.521936101670054,-31.35464957783592,-20.303488082939236,-20.178697028843434,-20.057471977729193,-21.131993955119487,-23.639550088127606,-29.026387535065062,-62.706254179630825,-236.177121986885,-98.7669076232525,-21.53684625153223,-29.12095087856132,-23.021828371122947,-21.003491672762966,-20.115161043168637,-20.067397149495097
-21.016810964113606,-21.144975071653004,-21.0183924266031,-22.919426961923975,-30.393825331716744,-21.05579250115781,-22.804080460356726,-44.7980050004188,-58.84611588813367,-21.424044304972195,-21.06039042440646,-21.178219000970376,-21.18266492318453,-21.392316782925455,-31.17482042015357,-21.21194043753843,-21.116338570703395,-21.008449317985566,-21.974896661715274,-24.254280561975833,-29.536019185486737,-58.89225402326075,-227.65649984355363,-93.17691093524294,-22.311622179443287,-29.397682482193193,-23.779890647661386,-21.84967725716539,-21.057787431603415,-21.019748352725923
-20.418051541511467,-20.54963058183903,-20.41536512272223,-22.339677130642674,-30.109395095081446,-20.459025592127357,-22.281809162971612,-44.79232517112978,-60.73155337223517,-20.862814983951218,-20.46545544121321,-20.59405297261921,-20.59716458766795,-20.84132690792036,-31.285996102239523,-20.635607702063176,-20.522118649829732,-20.406524366104815,-21.44050535044285,-23.858195092958084,-29.189398598261036,-61.320698696897324,-232.49263137519614,-96.70626544174372,-21.820567209273506,-29.207430207913887,-23.292631697206875,-21.313986463352798,-20.46160528560068,-20.417582023982494
-21.175980312714845,-21.29807904396771,-21.18249911723751,-22.99816830485613,-30.413015618201747,-21.219028148991942,-22.905393020944814,-44.84675126089317,-58.751417654955844,-21.58653908915598,-21.2141504804214,-21.335072403127228,-21.330692077913408,-21.538554031066138,-31.2445353700922,-21.348490257010358,-21.265591899072586,-21.165817734947705,-22.11445477287107,-24.350813007012878,-29.462407446157577,-59.00693563184265,-224.5907121921861,-93.21849718512709,-22.444140520767803,-29.359444154308214,-23.855318832451836,-21.995941809537253,-21.218499952464704,-21.1837259084202
-20.97831642992952,-21.10407120504596,-20.981477381568027,-22.84290635783976,-30.337681940022506,-21.0197331385047,-22.75073035444641,-44.79874184279481,-59.15909212309653,-21.39458314487607,-21.01986759189813,-21.141503685750262,-21.141237185860444,-21.35693412741548,-31.229726923892322,-21.166653632500093,-21.07367386493197,-20.968391708092575,-21.93912772185734,-24.222672337261947,-29.4261099336176,-59.4216461597744,-226.898401898581,-93.86622506115907,-22.281109034325983,-29.33794912337862,-23.720314744759136,-21.817121003744877,-21.020567325935698,-20.982949532076873
-20.964491956148855,-21.092619676765796,-20.96591812676748,-22.86363791554951,-30.359682693023544,-21.003926557034397,-22.755671237808365,-44.788441745675954,-59.02648897423697,-21.375702158202078,-21.00808836962552,-21.12728208410392,-21.131039426926215,-21.344141448926987,-31.188819104963258,-21.16058039841033,-21.063841339689723,-20.95568163615222,-21.92792218363453,-24.21775061414844,-29.49386535531425,-59.14139376928682,-227.87841035514276,-93.52528557386569,-22.268740512453082,-29.374643620871467,-23.733547225241864,-21.803018688970024,-21.005822322355247,-20.967358392286776
-20.86124110342866,-20.984811214645195,-20.865684371445887,-22.689444343736277,-30.266735458286966,-20.905590498099798,-22.628406993282308,-44.84425490458607,-59.75065627076138,-21.292465700086847,-20.90132113814913,-21.028004478917136,-21.0225310002365,-21.248996099649474,-31.30285798742084,-21.044728148449312,-20.952686357723938,-20.849214221300127,-21.83282145697816,-24.144243178565908,-29.26503594535247,-60.31724073569608,-227.0204202385457,-95.12121536933404,-22.185396302382138,-29.245438601327166,-23.59423593725801,-21.71421447481569,-20.90524355599565,-20.86739172848839
-21.16746997691003,-21.287041962213713,-21.175930894516377,-22.955016710437697,-30.39340835586191,-21.212839221836553,-22.879878169983115,-44.89349529874502,-58.96672845001626,-21.585030222813746,-21.203649777660495,-21.327304717207912,-21.318430056521848,-21.529979165505477,-31.28877402316173,-21.3316394451911,-21.252834036075487,-21.15595522046793,-22.104955690457412,-24.342253340980946,-29.376329394131034,-59.396537608554105,-223.9492564510466,-93.76220048093435,-22.436658837329485,-29.309268267537846,-23.821101476658374,-21.98965093021313,-21.21114735179742,-21.17721615364483
-20.94543604767741,-21.0629535356074,-20.954923710136946,-22.699135834253703,-30.309422652860608,-20.99449499997735,-22.665042216608626,-45.01053525692807,-59.92747412632765,-21.386140262964407,-20.980942464649893,-21.11108796109243,-21.096226158931135,-21.324777908036424,-31.383383922486257,-21.106778856248674,-21.027116833936336,-20.931036212755753,-21.903823266360636,-24.202805486352187,-29.142978157978238,-60.77890211818667,-225.2999989513534,-95.79548649535664,-22.25278663891446,-29.167273530569954,-23.604423117649922,-21.792508208950167,-20.99155695998151,-20.956607839355573
-20.48258488766614,-20.620613265112546,-20.475990318577434,-22.510905842731002,-30.233382331053757,-20.517386774984544,-22.38911779887777,-44.805191414360266,-59.933923577886276,-20.904127258508236,-20.53531988601332,-20.654131343546787,-20.669473056261374,-20.897608080133594,-31.120674670168096,-20.71749837815687,-20.597598919700317,-20.475012747120847,-21.499384358886925,-23.90775999276108,-29.46164400696818,-59.93751255529182,-234.8567059393001,-95.01805503272337,-21.865475488552065,-29.351242323035546,-23.41821479180341,-21.36441579187767,-20.522966439984785,-20.477914750238153
-20.522662471887916,-20.65385814831729,-20.52054993013877,-22.444161622803477,-30.15344851617396,-20.56306902508349,-22.3741749644512,-44.77628690122927,-60.36576531410235,-20.959959682770208,-20.56952685552208,-20.696016478309026,-20.69977773915641,-20.937402369119308,-31.258031428066808,-20.73700619434861,-20.62628716695361,-20.511806888354485,-21.533707765806554,-23.925308130417474,-29.256040655690022,-60.83961355527254,-231.615097379971,-96.01064960981913,-21.905860943717517,-29.24386583505627,-23.379737064524605,-21.40715183424156,-20.565648865843226,-20.522612075273205
-21.038747645190213,-21.16025955626288,-21.04529817925569,-22.846723000146294,-30.339585289270786,-21.083449144352898,-22.77582713513215,-44.86247178168334,-59.272885422823705,-21.461357244748953,-21.076765493485702,-21.201448752636605,-21.194469836043634,-21.411974042693117,-31.28949644731525,-21.211968766324762,-21.127093181909455,-21.027144906833136,-21.99070547386937,-24.258896202309487,-29.336874260445814,-59.74365238499867,-225.27203536295747,-94.27425861411672,-22.331074225259492,-29.28652303570334,-23.728288538111137,-21.873703797325994,-21.08244243002662,-21.04675905395217
-20.16808419785375,-20.29962800200534,-20.16474688925555,-22.076203703975352,-30.02188800408992,-20.21135473274265,-22.055512721767094,-44.88522140390089,-61.737518343060685,-20.63442143941116,-20.216205805760328,-20.35077785889879,-20.350590019865976,-20.612437764358813,-31.383364692130087,-20.39029608362642,-20.2716220625832,-20.15441291850463,-21.217941620374027,-23.70544944686711,-28.999951464553618,-62.68783943124915,-234.59998679994052,-98.67083446996426,-21.618222098194483,-29.101854312105957,-23.074688616532306,-21.09284029459415,-20.213486407550462,-20.167363337007682
-20.23455218843364,-20.369370480007476,-20.229125615352743,-22.19563303707406,-30.051135793705136,-20.274236565710847,-22.1385027350238,-44.79777034879345,-61.14913112096784,-20.68498056571175,-20.284924145347045,-20.414273175478158,-20.420742951127195,-20.67194646099765,-31.28041089556899,-20.465464401728013,-20.343743366135744,-20.223222775941622,-21.277960647571696,-23.73980997769498,-29.161059645840165,-61.74247942207822,-234.91740287095325,-97.4027782911382,-21.66889238170984,-29.194391828351844,-23.16799632668398,-21.148171568700462,-20.277979569420033,-20.231535967797488
-20.144247566740543,-20.275663937248474,-20.140942020214666,-22.04934740598672,-30.015848305414192,-20.18785808343425,-22.033202714214646,-44.90091360491522,-61.84949448987089,-20.613116544083407,-20.19236604410344,-20.327620814142794,-20.326896321257035,-20.590685596831722,-31.396303522071833,-20.366509358502675,-20.24752967709525,-20.130301812427508,-21.196708982326303,-23.691865805005904,-28.97790224954296,-62.845046218334815,-234.80147338066666,-98.89615854767968,-21.599070842118525,-29.089206968042436,-23.052599593075453,-21.071922706904495,-20.18988927447885,-20.143600667714608
-20.93907576652688,-21.071067455061772,-20.937853768682896,-22.89704115823074,-30.417157408595678,-20.975376428572872,-22.762054461708505,-44.81932628446083,-58.827973248526646,-21.342458487045526,-20.986166787968866,-21.10105668242499,-21.111344802036214,-21.31999635140928,-31.120378265216218,-21.147250535543968,-21.044886503415572,-20.932056386218324,-21.90660992367956,-24.211506611752664,-29.604907778867663,-58.70164733688367,-229.82781193294372,-93.04405961504608,-22.244913286615503,-29.430844860925482,-23.75247309644469,-21.777017326235615,-20.978978648353255,-20.93923825736743
-20.558077288718287,-20.693399019596736,-20.55337489459244,-22.54657238772077,-30.226782244596706,-20.594565394660844,-22.43740123428919,-44.776391490803114,-59.8846628060019,-20.98112679405497,-20.60836293430129,-20.728831199691108,-20.740342536629605,-20.968386432989966,-31.15716311038949,-20.783886923140752,-20.66872828681359,-20.549698000047233,-21.566419651797663,-23.953438135267376,-29.424767227788756,-59.9970403351774,-233.10585587695377,-94.97328784748699,-21.93047978149541,-29.33387741502097,-23.455044850837325,-21.43448716751458,-20.599065941850906,-20.555263970801402
-20.923323204329353,-21.047967331411115,-20.927134843874985,-22.769273929161553,-30.299722228626663,-20.966186247795285,-22.6924472712497,-44.81409919230803,-59.43977410709347,-21.346750383267157,-20.964077250851016,-21.088234849672084,-21.085367341033116,-21.30623948409176,-31.265226955259983,-21.109145797008523,-21.01668923157652,-20.91236817792045,-21.889150696464917,-24.18478347637752,-29.347311308439735,-59.85051424893146,-226.87583621244326,-94.46053476985219,-22.23623186772649,-29.293273790783708,-23.660154821639246,-21.768836130895046,-20.966426148160057,-20.928719386904294
-21.19973974927881,-21.32871025870621,-21.201461050150368,-23.12550837741235,-30.544100063863475,-21.236592075370314,-22.979407331971302,-44.87107306066197,-58.19300308915899,-21.591880788276054,-21.244006523162753,-21.356035943514936,-21.364071369369942,-21.56077003870512,-31.11754453862904,-21.3934280062978,-21.30104973273574,-21.193289029280802,-22.139645941492848,-24.38836785967857,-29.707581266320176,-57.95887373067187,-227.43200495273976,-91.90850427266463,-22.461253206084404,-29.489292377978913,-23.94935962242726,-22.012437389284717,-21.23923843121232,-21.20250475032343
-20.97913987435381,-21.10395882717216,-20.982992026548903,-22.830267206927434,-30.329422699788594,-21.021382291666736,-22.744696954217186,-44.80867172514034,-59.22825766282742,-21.397773321232666,-21.0199171709503,-21.142570616525767,-21.140668826916645,-21.357636712140895,-31.246713213078678,-21.164443433065337,-21.072916556236656,-20.968738607622683,-21.939333868570333,-24.221992413946374,-29.39624431481309,-59.55415605265547,-226.58182184376835,-94.03859926674836,-22.282016295208688,-29.32118619909419,-23.7110454960753,-21.818497328622772,-21.021790077066804,-20.984483072730608
-20.635479317772322,-20.76362619384064,-20.635859767959914,-22.51759755155704,-30.18552310095621,-20.67764725147713,-22.455012303889383,-44.79764740785257,-60.20581073940954,-21.072278083328747,-20.67967487192239,-20.806862104859675,-20.806658484302982,-21.041553760157292,-31.284393442052107,-20.838126699980354,-20.73417464406308,-20.623952868675104,-21.633251634789307,-23.99836347049301,-29.240389436998605,-60.75264247561042,-229.8667852936196,-95.81466094823581,-21.999642486968902,-29.23375295497552,-23.445457838637772,-21.510019941657244,-20.679022581224032,-20.637823252827637
-20.9034967324604,-21.02874153897197,-20.90680041783648,-22.757019364398705,-30.293866582460794,-20.94598870214492,-22.6786196891707,-44.80642486342654,-59.4631053842655,-21.326881842762237,-20.944774670444204,-21.06875834848917,-21.06670786764791,-21.288037037465227,-31.259660917790697,-21.09165726084107,-20.997834324636496,-20.892687694464527,-21.871720255812985,-24.172112456320033,-29.351423637372694,-59.85836976410098,-227.18180316974554,-94.48083389448053,-22.219856227955646,-29.295704374068563,-23.649161692338687,-21.750754111979585,-20.94647138724717,-20.908403793759675
-20.606881652730333,-20.739466443078932,-20.604094706507183,-22.554574779810302,-30.211705739802483,-20.64534299972284,-22.46129537746591,-44.7637466214347,-59.93479947396626,-21.033598805218872,-20.65474908057598,-20.777472638372902,-20.78474892491708,-21.014315106540284,-31.201053759756206,-20.823740320234947,-20.713024451161,-20.597460221313078,-21.60937218317448,-23.981862523793705,-29.36775912683633,-60.19017110541986,-231.6087924251439,-95.13638908511484,-21.973186331153492,-29.3046165752086,-23.468235256690225,-21.48064523558133,-20.64869154651755,-20.60598580391352
-20.498316077870726,-20.63233518948199,-20.494233823195312,-22.46228234025604,-30.17086667835983,-20.53642805756453,-22.37280209083424,-44.76537485581353,-60.21146842361355,-20.929579049392313,-20.547548419110758,-20.67123736401883,-20.67969020768097,-20.91409724506357,-31.204750937095113,-20.721607631961444,-20.606666965329612,-20.48875839846333,-21.512797735928835,-23.910860698900752,-29.333865857522987,-60.50274467001006,-232.83753789617106,-95.62630826098706,-21.883441029979174,-29.28641766642278,-23.388959897222584,-21.38277336228812,-20.540249054002903,-20.49625427270091
-20.759360663318912,-20.88952745186801,-20.7586983616276,-22.678220620168446,-30.265804427484767,-20.798681466826967,-22.58276378011031,-44.76867926588139,-59.58415710834586,-21.180807554515916,-20.804964227122507,-20.926819712012005,-20.9317015692719,-21.15509597492709,-31.205257158586463,-20.965862402122923,-20.861724770069653,-20.74992428670897,-21.744934902440054,-24.081261136720418,-29.403017497502987,-59.81781954927926,-229.76704880701314,-94.53508758197607,-22.099562238547662,-29.324140391313595,-23.57555641043614,-21.61851041482902,-20.80117862200352,-20.760413966956477
-20.424451074749836,-20.5574502389741,-20.420810239415257,-22.368131910448493,-30.122060472104245,-20.464095948129728,-22.297882004602183,-44.775346742007116,-60.578594197613675,-20.864542567418706,-20.47296763060365,-20.5997607455021,-20.605466175421334,-20.84672501694838,-31.25233835315177,-20.64619572502986,-20.530933875607214,-20.413736892061323,-21.44664677152697,-23.861796420943087,-29.24250478267692,-61.04924111539843,-232.9157899828458,-96.361406071476,-21.824519937046695,-29.237227903491714,-23.313566788906765,-21.318269353363714,-20.467333227210926,-20.422976263948225
-20.3196164487882,-20.453848584290384,-20.314832820305682,-22.276469502264916,-30.08397096396906,-20.359074336755892,-22.211510584787394,-44.78405332295236,-60.870214739128734,-20.764704227399896,-20.36933763156674,-20.497267349726677,-20.503807745316365,-20.750126352697862,-31.262064968773487,-20.54711357864191,-20.42798076116886,-20.308686201656812,-21.353542490830705,-23.794160662507785,-29.20520272182948,-61.39014513235806,-234.08876864834994,-96.88409071297136,-21.73831736691928,-29.217725041367906,-23.23562170282229,-21.22409369989935,-20.362695821633082,-20.317127237240165
-20.415992043586055,-20.55681279881124,-20.407591091967095,-22.487053938949433,-30.2561520976772,-20.44901788113656,-22.349882025957385,-44.85649012589607,-59.946673083054854,-20.83518706068234,-20.471265294984153,-20.587956297769086,-20.607357007624305,-20.8346090769751,-31.078296396222562,-20.659717630210434,-20.535456129052704,-20.40933828485352,-21.44006992508609,-23.869538947551575,-29.509445951134133,-59.821401908189316,-236.743516506984,-95.01166282712956,-21.806973460809214,-29.372809814827313,-23.38991115345,-21.301931068913266,-20.455704248688082,-20.409529702631026
-20.61266510118964,-20.75401991065599,-20.60484624305928,-22.705315739999463,-30.43126469054288,-20.643817920891262,-22.535256783840943,-44.96417157205104,-59.24312263399773,-21.016503301996604,-20.668473194787424,-20.778944519881332,-20.80165137377434,-21.01484960775604,-31.010662258808047,-20.85312420813798,-20.733160721966115,-20.60782768226494,-21.615664597361633,-24.014697173776224,-29.678039933981594,-58.839087627356406,-236.54502301893078,-93.71902687183197,-21.96561224459174,-29.45410245625039,-23.565904579541233,-21.476015063455556,-20.650988886063132,-20.606466918029273
-20.626611805582222,-20.76877269742566,-20.618472436009164,-22.733813224421112,-30.47355845565705,-20.657054064324587,-22.55461968880855,-45.01120259837519,-59.14423295868965,-21.027626268977613,-20.68319531176125,-20.79206995349081,-20.816315989580044,-21.027063724034996,-30.98993474230668,-20.86865935681703,-20.748359219365792,-20.62228451740356,-21.628117763617226,-24.029437136771573,-29.716914225981228,-58.66677182818143,-237.10577660666314,-93.54115885538445,-21.975488442583092,-29.471341333970244,-23.586215280251025,-21.48740713971872,-20.664570332359368,-20.620046308710073
-20.18939687599549,-20.327158496269856,-20.18193491951628,-22.194796710650333,-30.057396318683182,-20.22686034500281,-22.119098200124633,-44.791366870597685,-61.048936203711214,-20.63474609566638,-20.242225033775707,-20.369093243523114,-20.380198814352173,-20.6289881529161,-31.22761458364069,-20.429744957807557,-20.303472735695046,-20.179279798287883,-21.238237022764856,-23.709879698721394,-29.229510464155616,-61.468162573740926,-236.34092592006135,-97.12824242130205,-21.628702182808354,-29.232349421406873,-23.160701443986657,-21.104877507561454,-20.23185797913259,-20.184322211061655
-20.916416972086648,-21.045637886306633,-20.916927221147382,-22.82956910396515,-30.346557641198814,-20.955283573733254,-22.719753547247436,-44.78347532298092,-59.10874772287191,-21.3284253428684,-20.96101915926283,-21.080082257918313,-21.08519688969997,-21.299753756110206,-31.18039472342715,-21.116844908221626,-21.017513087751265,-20.90777870598226,-21.88527736093637,-24.1870236424381,-29.493026492868,-59.207685424648616,-228.57153794148826,-93.64962855681895,-22.228673299619235,-29.37353085185231,-23.703048641904612,-21.759253742006827,-20.95760074363941,-20.918417730117326
-20.656860582498368,-20.79038788960002,-20.65363219500183,-22.62242946104356,-30.25610650808902,-20.694089969570754,-22.514230579427828,-44.77156979385586,-59.678164917138936,-21.077184228979554,-20.705485001757804,-20.825731760817156,-20.835298314342058,-21.05989852907662,-31.165833345335372,-20.875459293495457,-20.764689343820866,-20.648345112785012,-21.65430080111293,-24.017519368786605,-29.438588213696598,-59.79716131068173,-231.76241745452396,-94.62179389296244,-22.012928010671658,-29.3419737340055,-23.521997820364934,-21.524156719239468,-20.697942919054817,-20.655418638821438
-21.381179290849687,-21.4961989236548,-21.39398607221904,-23.118864308356954,-30.484087440183906,-21.428855509477994,-23.04413995970225,-44.99622337275022,-58.55877918907649,-21.79353574968886,-21.41330212198374,-21.5363661558666,-21.52201441839834,-21.72492867747458,-31.308525931731445,-21.52539645805429,-21.45944142752513,-21.3691777564561,-22.293504859016245,-24.479706358980877,-29.405008266239104,-58.99576727319046,-221.58271392302714,-93.1877731689917,-22.61091197517729,-29.325473956993303,-23.962025913528088,-22.182593170975828,-21.425422023039115,-21.394984232518162
-20.462316354141564,-20.585089711449598,-20.466335374833147,-22.26482737702001,-30.147475477656613,-20.510897454340387,-22.263370757744884,-45.033321983641294,-61.36551541259686,-20.929602993335422,-20.50340704258367,-20.63940746593102,-20.62781822125721,-20.88266055711905,-31.453106426705716,-20.650636686667582,-20.551881274535727,-20.44651249865285,-21.47547897189905,-23.90481938037329,-28.938429041452697,-62.53874554538281,-230.4487893366301,-98.37891833434765,-21.859250237760026,-29.05064869815913,-23.23704219516615,-21.360421358040746,-20.509560789700714,-20.46870849681494
-20.65625870152419,-20.783263857202737,-20.65753425478067,-22.522980571881195,-30.189934729486502,-20.699275157709337,-22.465890757248026,-44.81436209146801,-60.225761778830424,-21.094586415993852,-20.699520428143607,-20.827431129472615,-20.8254818075157,-21.060727690202416,-31.300640076972385,-20.854862325377066,-20.753072337522113,-20.64430580144829,-21.651271634255686,-24.012113082591835,-29.218797635361973,-60.827233987900655,-229.4009243926526,-95.90161706367184,-22.01705750185791,-29.22084532978267,-23.4513758307536,-21.52939604544159,-20.700163725355146,-20.65949284021489
-20.283713931743023,-20.4184470419424,-20.27848984066545,-22.246326042904176,-30.071841872374073,-20.32303943081358,-22.182529825862066,-44.78723350518007,-60.96368263400984,-20.730288742557153,-20.333910538357618,-20.462135870420077,-20.469097982930986,-20.717007804870963,-31.26379392047282,-20.513405323587094,-20.39285622224937,-20.272752225000204,-21.32168834990359,-23.771028979163326,-29.195280991863413,-61.494282779670655,-234.52396503279894,-97.04838041610083,-21.70872372738032,-29.21270057056243,-23.209818579961937,-21.191768976325065,-20.326827650020903,-20.28082543513917
-20.68173712740044,-20.80994736401795,-20.682207095912695,-22.56710809317271,-30.20671359220429,-20.723450637497027,-22.497559679380945,-44.78854866906717,-60.02776966032128,-21.114623778690845,-20.725872464778384,-20.851891325792824,-20.852368245728066,-21.084042840933716,-31.268304556250563,-20.88369204664576,-20.780630705110955,-20.670630221788848,-21.67464664646888,-24.02818061238266,-29.27787565101729,-60.507308774342036,-229.55801778788273,-95.46446862415998,-22.037362564970326,-29.25485304411438,-23.486597810316905,-21.55109056692494,-20.724930459197214,-20.684095328801078
-20.664747086284628,-20.789561709233563,-20.66769220688994,-22.501416280174215,-30.19102497017682,-20.709668331655458,-22.458628551785853,-44.86499165124455,-60.38236820574451,-21.108583658706976,-20.706358857822796,-20.836257462220786,-20.83059880490822,-21.068514018459695,-31.340972025725726,-20.856065942911297,-20.75791720940681,-20.651719447234367,-21.657647514717357,-24.019558491633894,-29.154598590347305,-61.12851039642334,-228.83001158377087,-96.31096464706886,-22.024467896673222,-29.182053424246686,-23.435386337610854,-21.53856228620206,-20.709574430809443,-20.669689041394925
-20.62074732040373,-20.75719051881377,-20.6156018291103,-22.631486174562813,-30.292113801965236,-20.655785079153933,-22.503656921340678,-44.80638634600025,-59.57445232352262,-21.036129772508072,-20.67199535975709,-20.789294636818347,-20.803562190690418,-21.025395249089918,-31.11409863796044,-20.8483398362087,-20.73336962521571,-20.613462141253702,-21.622591108607924,-24.000073333746773,-29.51200750017917,-59.52151708872145,-233.4131360018934,-94.36837341843079,-21.97997288806306,-29.378073633196294,-23.52161032487699,-21.48898047107751,-20.660877554650256,-20.617360414627605
-20.8007077639565,-20.932777984223364,-20.79892276839997,-22.75164553007554,-30.321802623486974,-20.83803308109457,-22.63516186130654,-44.781753353946414,-59.289573155081115,-21.214023039048104,-20.847928099447863,-20.96633976351746,-20.975095177891077,-21.192645508177574,-31.154958236412728,-21.012054766791767,-20.906370826544254,-20.792604727771767,-21.782614606746197,-24.113724504744056,-29.499771697856207,-59.331004255359545,-230.4014346686729,-93.91770683245,-22.13172727899659,-29.375239444338106,-23.63214425144686,-21.65360654048874,-20.841456868284848,-20.800523348490586
-19.42367504004173,-19.578598601650935,-19.404483292128884,-21.67569255017878,-29.958459283713147,-19.45334382936362,-21.553856138732684,-45.11614179679523,-62.44595993899072,-19.880680910239196,-19.49174705112363,-19.61554098168391,-19.646469886973307,-19.912266814618224,-31.09213675375149,-19.723618406946002,-19.564541175800315,-19.416448043996393,-20.556778403962017,-23.22089876613565,-29.283515083931206,-62.48066736314344,-250.0639305329648,-99.586420293002,-20.979508526621856,-29.263969095522,-22.684782716420507,-20.40494680503332,-19.464466670675694,-19.40740768793372
-20.86689666525146,-20.995934846933707,-20.86736438879631,-22.774484881707334,-30.313334070500122,-20.906325958548155,-22.672895372452206,-44.776911097537116,-59.29420738364773,-21.283106215241595,-20.911394131615488,-21.03192791761986,-21.03612204885014,-21.254205348267302,-31.19729687841607,-21.06777293134409,-20.967576562227517,-20.85775641988368,-21.840803360972117,-24.152501742230235,-29.448345169189047,-59.46966500898767,-228.73779760902926,-94.0122034946502,-22.188253686807744,-29.34925621315537,-23.657661521351113,-21.715258115383136,-20.908481501249035,-20.86893800653086
-20.848413305729995,-20.97772515628315,-20.848631021778907,-22.75915013758907,-30.30615720975556,-20.887753358470246,-22.657991707588792,-44.7751454610832,-59.337488587910755,-21.265310651908816,-20.893169153127584,-21.013833523935283,-21.018287942829517,-21.23715828881703,-31.197020108831026,-21.05050379900326,-20.949517257608363,-20.83926353333054,-21.824353684288017,-24.14038003874582,-29.443185199143855,-59.51720920118986,-228.94499841855858,-94.08690429809744,-22.172952056840376,-29.3463245652988,-23.644390863992825,-21.69855860515513,-20.890004008166844,-20.850227215597762
-21.308630758811788,-21.42985127204069,-21.31625088965813,-23.124901372732456,-30.481543855840123,-21.35138557935603,-23.020845880041154,-44.869916345382734,-58.368799404333146,-21.711444999220557,-21.34584212028347,-21.464560675703876,-21.460154196767096,-21.660647841835228,-31.22860544130412,-21.475588552985943,-21.39706216164296,-21.299124313470838,-22.23322973608188,-24.43995070284276,-29.53893978210551,-58.51417764052948,-223.61912273368975,-92.50479024323901,-22.553493846818796,-29.4037964031209,-23.9630400695547,-22.115055430614802,-21.350660298646552,-21.317276704432093
-20.60046817620509,-20.733466614405543,-20.597388291988857,-22.554296787081455,-30.213878184052906,-20.63862057880804,-22.45853889213559,-44.76426154192037,-59.92363383680657,-21.026552871324963,-20.648696394582313,-20.771065733314344,-20.778994535126532,-21.008281937226766,-31.194229291974445,-20.81868146462601,-20.707296511161715,-20.5912121937288,-21.603757845652716,-23.978121987693235,-29.377013447765222,-60.156334232267085,-231.8196230165019,-95.10352519481651,-21.96756114835003,-29.309493039732608,-23.4670850046656,-21.474540884952095,-20.64214575056453,-20.599277901247774
-20.486532904161184,-20.618924922913674,-20.483491832797704,-22.424338552814856,-30.146357456205756,-20.526183072323583,-22.349982457541664,-44.77105760217732,-60.39697616623129,-20.923335454554838,-20.534436307140314,-20.660411523458457,-20.66583225613793,-20.903888144637595,-31.244346156887985,-20.705223941829672,-20.59211071210486,-20.47601250924016,-21.5018484330786,-23.90201543531906,-29.269070008812562,-60.829116593626004,-232.27735970950482,-96.03076373511652,-21.875487904905235,-29.251397866433308,-23.361129756495515,-21.373943636639883,-20.529247560045338,-20.48557753664192
-20.103572518482448,-20.243596035986737,-20.094454529273712,-22.140849068158037,-30.043485349966538,-20.13980160031668,-22.057949917404056,-44.80772074954521,-61.17164228254356,-20.54923984019109,-20.158406154559593,-20.28457247231761,-20.29856193275955,-20.548903087789412,-31.205182480058284,-20.351981767175296,-20.221287941181256,-20.093961627045164,-21.16207592313986,-23.654649810916794,-29.24479211867029,-61.525673689673695,-237.88116668242608,-97.31183613032375,-21.556085563540872,-29.2410622788491,-23.11075642521312,-21.026219360262093,-20.14566742663407,-20.09689999833274
-21.278809992614644,-21.396709553673748,-21.288947135456837,-23.04902993907531,-30.441584545999813,-21.324758483954586,-22.970078577701756,-44.92571969969568,-58.704233785794706,-21.691978251746878,-21.31340333599459,-21.436145751452788,-21.425623487819557,-21.63196164090351,-31.288537067842682,-21.435078375296218,-21.361615330207265,-21.267382901134148,-22.203807417483183,-24.414463204872128,-29.41176798066773,-59.096718332591884,-222.84502427437957,-93.32475622498372,-22.527930125897853,-29.330042117275614,-23.90169204731115,-22.089935662346253,-21.322474520097238,-21.29007581925107
-21.183479186697575,-21.30031068139536,-21.194199413553367,-22.93660411229859,-30.397218753590806,-21.23115820973813,-22.876117064009712,-44.96703266696461,-59.114151375402415,-21.606723191409106,-21.217577235391854,-21.343326822392534,-21.32992689102684,-21.543608104665182,-31.328541644855726,-21.33788635112093,-21.26436824115798,-21.170724787366137,-22.11710460777675,-24.35195345501054,-29.30517348624928,-59.69479454252448,-223.28114851229574,-94.20094689288238,-22.448599740299507,-29.265616206752437,-23.80649410911217,-22.005152452135643,-21.22825576023834,-21.19550148592213
-20.7373110254999,-20.861259747444883,-20.741116907510083,-22.56534304123568,-30.21790245829535,-20.782382810419616,-22.518520508449836,-44.86594097081634,-60.18052510558794,-21.177575872188847,-20.778054514477205,-20.907155833827204,-20.9008691510585,-21.13510410093113,-31.333924135475847,-20.924404231864592,-20.82916730947579,-20.724442871306728,-21.722047247298075,-24.065668214069355,-29.18226675692584,-60.887964357105176,-228.06009569485116,-95.95353550957817,-22.083859077623547,-29.19741688520685,-23.48966584072374,-21.60366400135148,-20.78201222418912,-20.74301614614141
-20.127460873938873,-20.268684172431488,-20.11773094040876,-22.186509545013593,-30.076088780807723,-20.162458922883168,-22.088856463425152,-44.818287498088786,-60.96853920582907,-20.567688984918078,-20.183274440203814,-20.30719703318766,-20.32362698746671,-20.56984652445195,-31.16655531739309,-20.378595661522137,-20.24720380845828,-20.118691006857194,-21.183260883874357,-23.671478909096738,-29.305548014285716,-61.190850488880784,-238.31277960063483,-96.90953035359414,-21.5732649385085,-29.27183886316089,-23.144341168789516,-21.045795496943036,-20.168891576947775,-20.1200987050545
-20.610019505747623,-20.739854970140467,-20.60911834018839,-22.51572294838738,-30.184265260623164,-20.65089155351371,-22.443901130614442,-44.778138451558505,-60.1560320883993,-21.04412074914383,-20.655608746386147,-20.781532222115406,-20.783985498673175,-21.017918695465294,-31.257934864697596,-20.81846051900839,-20.711516988376687,-20.599171479938896,-21.611227636606227,-23.98184046907165,-29.2770416850393,-60.61298315909728,-230.56488428012798,-95.65249579481625,-21.977947588411578,-29.254949400710892,-23.441368116559822,-21.485967979673454,-20.65299550240608,-20.611078848569257
-21.03751635959029,-21.15766415955358,-21.04513650721567,-22.82737728522241,-30.3360927693951,-21.08344846137722,-22.765430974587165,-44.8965374734346,-59.38264735035217,-21.463778294013924,-21.07450979232461,-21.200507758105708,-21.191157859189104,-21.410458898012095,-31.31313816364674,-21.206148501650212,-21.123597544680493,-21.02520993511623,-21.988599648621754,-24.257928758880762,-29.293401207178334,-59.94416915064973,-224.97348606417648,-94.56001796086952,-22.32974943068056,-29.260326849300604,-23.712803879890764,-21.87333184859176,-21.08182215883204,-21.046624320635917
-20.3938327595608,-20.528197140995424,-20.38918986688346,-22.357097597405982,-30.120413528726015,-20.43252856687852,-22.280033236800115,-44.7718025467051,-60.572914030583306,-20.832463053307578,-20.443518401451374,-20.569426812845865,-20.577159903643604,-20.818097829226055,-31.2324586163913,-20.62024539607892,-20.5025646766037,-20.383593283950574,-21.419691616708143,-23.84212623294088,-29.26610371231977,-60.979460415033145,-233.62793408472018,-96.30879466263632,-21.798287724664586,-29.250397992474866,-23.301656374203105,-21.289718590775617,-20.436334289374116,-20.391363765979737
-20.147012554631615,-20.280777030313512,-20.142055121646546,-22.086923996594972,-30.013912788300807,-20.188444058877508,-22.051746093462057,-44.84240770685897,-61.60417166269245,-20.60819493740816,-20.19680869072472,-20.329511653828064,-20.332957774809763,-20.592323895489166,-31.340039407319054,-20.376458381078287,-20.25425142051863,-20.13436731862884,-21.199885205012478,-23.687302610609294,-29.05904138700638,-62.408470176511045,-235.31257614009357,-98.32031349205796,-21.5993289975555,-29.137877359849824,-23.0804732933673,-21.07193061245265,-20.191553734472826,-20.14463704429808
-20.62818430243752,-20.76074745933379,-20.625482192852232,-22.57677579187711,-30.22351821086305,-20.666487544113565,-22.480627473441505,-44.7642690841667,-59.85939757178472,-21.053304489300142,-20.676005260533852,-20.79821532331406,-20.805718857902882,-21.033891657832807,-31.194915915666044,-20.844545988675083,-20.73433290971853,-20.618926848619363,-21.628404101627616,-23.99619479078364,-29.383387379260398,-60.08818865555628,-231.48037474936862,-94.99257660372504,-21.99055259510312,-29.31298780037033,-23.486605832673263,-21.499603256021768,-20.669860571448236,-20.62734044822153
-20.482126953887384,-20.624518031729593,-20.473211253095165,-22.58418675637185,-30.35579554356815,-20.513419534030817,-22.42317618247972,-44.93911509475761,-59.60205069346128,-20.89261948373708,-20.538848210948274,-20.651431921914337,-20.674354613484773,-20.894128132535297,-31.023654105348793,-20.72821789763179,-20.604135628644872,-20.476795833266532,-21.49901284332216,-23.92359715215163,-29.61514109023578,-59.277535270161806,-237.56259464014377,-94.37314290977193,-21.857742774753724,-29.42224697995418,-23.463501771885877,-21.35866552307432,-20.520850342986538,-20.474998269048537
-20.314362108243063,-20.459619923910115,-20.303334158765637,-22.455007218031064,-30.314435470527748,-20.344675029178585,-22.291634404973436,-44.98206667934988,-59.96134511817981,-20.729772301981367,-20.373684775509037,-20.48670978454958,-20.51250209509262,-20.73769372344991,-31.00810189595663,-20.571261757044727,-20.44069430543084,-20.30917376790421,-21.349098419051884,-23.814310423878112,-29.589889942880646,-59.62601324882231,-240.00285432451224,-95.03214069945815,-21.716274782211848,-29.40640070808749,-23.348011582527572,-21.205937185889912,-20.353060442000864,-20.305280821426624
-20.370136227966018,-20.51145328655999,-20.361285553799878,-22.446680278581436,-30.236137303363897,-20.403113268927044,-22.311684670333577,-44.85715209886612,-60.068782071957,-20.791435000712607,-20.425868425275073,-20.54310335143896,-20.562798501276696,-20.79216162318446,-31.08121835494658,-20.616165289996502,-20.490344968601992,-20.36337454576465,-21.39917842548548,-23.838723117477887,-29.492230537165504,-59.963467903384156,-237.2179419947136,-95.2338723956042,-21.768976618484118,-29.363934292764185,-23.355395984419687,-21.26061732285706,-20.409945969028126,-20.363278216857392
-20.461824453501038,-20.60058098473432,-20.45473522924269,-22.50098943430754,-30.236097632316003,-20.496184069775353,-22.3757509694441,-44.8157822445874,-59.94897316032766,-20.883000428800873,-20.515221215778794,-20.63358148014935,-20.649943230356385,-20.87809653801974,-31.11078077330655,-20.699144457510297,-20.57800197999013,-20.45446535329437,-21.480910923529372,-23.895299467711187,-29.47142603264863,-59.92343998001843,-235.34964757845967,-95.0363489629571,-21.847525061079782,-29.35565674180544,-23.40790327235423,-21.345128788514106,-20.502049931681803,-20.456669024398057
-20.821350922463708,-20.95248761894831,-20.820247644271188,-22.758786446151266,-30.318200154955502,-20.859317348455484,-22.646972614522994,-44.77768302770001,-59.29004892687878,-21.23553693516951,-20.86772666356293,-20.986806153533298,-20.99416103775725,-21.21189165970403,-31.168158037664497,-21.029510271159218,-20.925483584855602,-20.812930241216105,-21.800800141835325,-24.12570396647645,-29.48392385319312,-59.37293107945341,-229.8695252339955,-93.94252717753068,-22.149437557662253,-29.36742268182455,-23.64022973963713,-21.672856784421384,-20.862352664453436,-20.821840278201705
-20.620622264236577,-20.74832804484423,-20.62128166309051,-22.495639981424308,-30.177413136757657,-20.663316158743605,-22.43841205221871,-44.8089156635731,-60.299937380205236,-21.059881990847238,-20.664515787454363,-20.79252349510037,-20.791363075371816,-21.0279511653269,-31.298213461106357,-20.822150901546998,-20.71854598823442,-20.608739146778014,-21.619760015081393,-23.98908564574326,-29.214540507710346,-60.8992559759447,-229.85474913155142,-96.01715693691011,-21.9877150052759,-29.21888258227041,-23.42773061238159,-21.497175119220852,-20.664465916765398,-20.623279905839436
-21.122155498394324,-21.239728601385206,-21.13209157760247,-22.882350177316805,-30.371501478653684,-21.1696813873286,-22.825275177283896,-44.95580455953977,-59.276604719301886,-21.548364919889412,-21.15699874903443,-21.283427270701708,-21.27061648073974,-21.48744938436114,-31.332753508208377,-21.28031995864774,-21.204156392909617,-21.109259362666734,-22.06259226848439,-24.31263629165818,-29.2800833457405,-59.89105180980256,-223.8636144366511,-94.48544359137398,-22.398409764544173,-29.250863021004726,-23.760247055231947,-21.950080759886042,-21.167022526004654,-21.133483606545262
-21.04841574430178,-21.17361813783945,-21.052205406087946,-22.908545414728167,-30.371527867793766,-21.0897478053136,-22.81095069603032,-44.806875312276176,-58.95834554558064,-21.460777648756846,-21.08939079510404,-21.209954241055616,-21.209542773851435,-21.421464884329502,-31.221626414630265,-21.233589850561525,-21.142991690477125,-21.038785996269958,-22.001752710388644,-24.269369700870023,-29.462724931440068,-59.1687988980142,-226.32115299938093,-93.49628419748805,-22.338831461945897,-29.358707938027976,-23.776039466898734,-21.88006393293786,-21.090440116212505,-21.053576858850484
-20.664064424542712,-20.789718163412314,-20.66637069188414,-22.512194156033516,-30.190601018319924,-20.708233028038425,-22.463674060778118,-44.84296158017547,-60.31253697494316,-21.10557445156222,-20.70628997310923,-20.835391279084547,-20.83118014831547,-21.06791787362997,-31.324834616298673,-20.85814421180537,-20.758629593213623,-20.651469015262823,-21.657524475372707,-24.018127319765647,-29.180953641762525,-61.000205181400865,-229.01347769320657,-96.13304459029891,-22.02378933396182,-29.198117577948807,-23.44374080047249,-21.537352114368225,-20.70851900904196,-20.668349112046936
-20.193239963306585,-20.335441116388072,-20.18321608491249,-22.2733103829887,-30.136523468162594,-20.226883207532918,-22.156504548923987,-44.8409074520947,-60.63489713886381,-20.625550437136937,-20.249840169130426,-20.370637918932708,-20.38964191619226,-20.62929280735064,-31.119061566891553,-20.44549129099105,-20.314669388113774,-20.185523243585813,-21.241657919137925,-23.717822480756436,-29.390023837891157,-60.689449920407704,-238.49380434870096,-96.27550611740612,-21.624488834460827,-29.313388233532407,-23.211656739991277,-21.10271435429628,-20.233838951882646,-20.185449722667126
-20.948176974462893,-21.074267658659604,-20.950997531501713,-22.81612571909798,-30.324434860098755,-20.989543796264464,-22.725578018435066,-44.795087937770376,-59.23858487119014,-21.36587739327678,-20.990059102934566,-21.11204461946757,-21.112011608003254,-21.329194164967657,-31.231553981664035,-21.138184818723396,-21.04403794703545,-20.938176575000096,-21.91226660783658,-24.202813797021484,-29.413673886547862,-59.516835715381774,-227.1856378716081,-94.00820599540091,-22.25627301500521,-29.330892225186375,-23.697429760663738,-21.789997877353073,-20.99048374855571,-20.95251057385219
-20.242005494155286,-20.377493567737968,-20.236158868228987,-22.214061712684433,-30.05931065733394,-20.281023897573668,-22.15014140831488,-44.79017814537133,-61.05640826362526,-20.68979145496223,-20.2928920861099,-20.421251328151502,-20.42900822559455,-20.67844146252105,-31.261829704053987,-20.474745870772956,-20.35234433579393,-20.23110095677892,-21.28472041602723,-23.744091648319056,-29.189852847444527,-61.58544967146691,-235.09506644483562,-97.20371532060699,-21.67414198510863,-29.2102767025207,-23.181744600392175,-21.154029662484145,-20.285083871163515,-20.23853656432364
-20.137005780685605,-20.280095665951237,-20.126290740241835,-22.228599890167533,-30.120463420906397,-20.17036834344202,-22.111989195376925,-44.85287725576133,-60.76673757507811,-20.571208877481478,-20.194421673201,-20.315495643012138,-20.335333299407175,-20.577043083523822,-31.11735202356342,-20.39277301710685,-20.259806177096475,-20.12930319188265,-21.191589494531,-23.681208132243718,-29.379503205634254,-60.82446017904527,-239.26719411733444,-96.51236810132951,-21.57750297682633,-29.307951335763942,-23.172474913893755,-21.051767411601876,-20.177621526548265,-20.128579958618825
-20.596499554619456,-20.73312729039982,-20.59115294339711,-22.608767511962533,-30.279451967948326,-20.63157338079484,-22.482807283182833,-44.803801757535574,-59.64437185537941,-21.013201333489054,-20.647923752206783,-20.76561716013309,-20.779910289553808,-21.00301957252589,-31.117172963811875,-20.825125587864576,-20.709386612347647,-20.589115043510365,-21.600948061722146,-23.983550746957505,-29.499814852280128,-59.60838273983788,-233.61158120746907,-94.49659384476598,-21.960001249271208,-29.371692019819225,-23.502448883752788,-21.467217225350236,-20.636710517647955,-20.592943658429895
-20.135877766565006,-20.271391501133632,-20.1297024792476,-22.102081884987648,-30.015227816103447,-20.175821875628802,-22.054049458421993,-44.81781141556773,-61.47715837575588,-20.592557455440385,-20.1870271557215,-20.318005754943318,-20.32440487251802,-20.5813035403266,-31.30274077211655,-20.370783186688694,-20.246055115007515,-20.124090497218543,-21.190374077487686,-23.67740291897101,-29.110727994073443,-62.15593934148505,-235.9139852134116,-98.01270682079046,-21.588474946877312,-29.167964436455243,-23.089829951793877,-21.060171726063317,-20.179710413491136,-20.13224656297137
-20.798397846691312,-20.924631711969543,-20.8006543331274,-22.6609522168545,-30.249286186152794,-20.84088968495577,-22.589783289079417,-44.80209154334103,-59.763099191792534,-21.22740786635949,-20.840699958486095,-20.966099839031685,-20.964525578573337,-21.19138266312841,-31.27142613764922,-20.991790442836727,-20.894189985690304,-20.787228500835962,-21.778077876050414,-24.103654325906298,-29.302536720528874,-60.228095894754176,-228.1683138481247,-95.02720153846134,-22.13349515768963,-29.26811517437467,-23.56755904958248,-21.656422094174506,-20.841656211572673,-20.80240386752971
-21.119385612163583,-21.243899525161623,-21.123911787278896,-22.973146200747333,-30.405304674757147,-21.160749986631206,-22.87103799928002,-44.81835552224332,-58.767191917893896,-21.52815433034897,-21.159672214368673,-21.279293503347517,-21.278500867178806,-21.486794068023766,-31.216308801531007,-21.300926775703985,-21.212954688633854,-21.109989002197064,-22.065116359972734,-24.316648152745348,-29.49585232905291,-58.9340244952703,-225.70656285778824,-93.150261124178,-22.39734228336021,-29.377647521179583,-23.83115251255769,-21.943904083303263,-21.161238882105753,-21.125183194632847
-20.49844508144461,-20.627050854221395,-20.498105977229322,-22.380446503027922,-30.131403651001257,-20.54139672891758,-22.33384592313138,-44.82404370036164,-60.68899055772152,-20.94523173133252,-20.543363483986447,-20.67328005885781,-20.672178698901664,-20.915709742484893,-31.321340405628106,-20.705168297529845,-20.597652006579974,-20.486010667908424,-21.511049947122235,-23.911517627995828,-29.15124066785262,-61.390869913575784,-231.04237413309247,-96.74151531573324,-21.8877820677496,-29.183703579340772,-23.330681945851186,-21.3879646964309,-20.54275478480203,-20.500276267433662
-21.159963338919148,-21.282937381589633,-21.165767195876843,-22.993681386323637,-30.41213100906723,-21.202363542392032,-22.89702305938492,-44.835269827956886,-58.74204845038436,-21.56954216260186,-21.198887605362593,-21.319247335519325,-21.31621737894326,-21.523970654312176,-31.233412405597825,-21.33568092073752,-21.251017112023003,-21.1501143640785,-22.100635687617547,-24.34142701641405,-29.477864461685396,-58.96025440448959,-224.95996071617384,-93.16282199969228,-22.430942226448177,-29.368056811408835,-23.850501752648825,-21.98112062131568,-21.20221091686982,-21.16700349250866
-20.345737829353986,-20.47564953827566,-20.34403790153038,-22.23906791911788,-30.078392867272434,-20.388869921612862,-22.204672305569623,-44.848168338176045,-61.17112957497834,-20.801600804097262,-20.392090487758963,-20.524207187545667,-20.523460820279638,-20.77548334664887,-31.349348811914503,-20.55948548002712,-20.446857518096024,-20.33270650742275,-21.37543175642353,-23.815626957636585,-29.078994883053518,-61.99031555133291,-232.63668402984098,-97.63083173520357,-21.763047928537706,-29.14419214845335,-23.211607594116035,-21.25148393336159,-20.39056552564134,-20.34641691390177
-20.386779972807787,-20.516933867373183,-20.385014976391755,-22.285652732729936,-30.092596903658976,-20.429321627414595,-22.243443971909095,-44.827211244937075,-60.98508084357273,-20.838401430999944,-20.43318293267639,-20.56408710351938,-20.564289607254658,-20.813034232279072,-31.32861023045539,-20.600511645040672,-20.488382147972032,-20.374226587475295,-21.4121046347248,-23.840269578064166,-29.11797469559732,-61.72736326543319,-232.3444202006638,-97.25612504491767,-21.796195565901293,-29.166442803477842,-23.249978014453205,-21.287608259841612,-20.43119782310703,-20.38732164247497
-20.50372736463722,-20.633277761376466,-20.502719286890194,-22.399688489801992,-30.135867943085877,-20.54577779863666,-22.345216567128556,-44.80356740823731,-60.5837614665247,-20.947317324282505,-20.549345496345286,-20.67813485965055,-20.67875721559261,-20.920400406570273,-31.29957514398899,-20.713333614590656,-20.60453427994942,-20.49183886855285,-21.516176182531318,-23.91384980880408,-29.18649054018571,-61.20773075187666,-231.2482806322419,-96.4963759524034,-21.89157898295555,-29.204357121542415,-23.345463438712926,-21.391834676988413,-20.547575649112684,-20.504856112537727
-20.164148602457924,-20.294030794580976,-20.1620114373498,-22.048475913237716,-30.028072381456795,-20.208985582707633,-22.0409540636296,-44.937791226638765,-61.91952016180126,-20.63613062937935,-20.211143716951945,-20.347447002056917,-20.34430574545996,-20.609317173839862,-31.42312271020727,-20.381205526270463,-20.264907171001653,-20.14954449984593,-21.213803793306962,-23.708586642158842,-28.94209064608907,-63.00549462344589,-234.3379118363694,-99.10492942897761,-21.61609305078433,-29.066105888374445,-23.053325579512475,-21.09098816018558,-20.210352127430546,-20.164683649961265
-21.133317437912478,-21.26237848806326,-21.134721728712986,-23.056537804826174,-30.49444254863466,-21.170605109492286,-22.91858210450978,-44.84309188512322,-58.3987268782959,-21.52992407911478,-21.177663888065577,-21.29133224417827,-21.29874682131414,-21.499542943712093,-31.130439707339043,-21.3287137001401,-21.2346263431908,-21.126370978705495,-22.079954815877873,-24.34033012193056,-29.65796610107705,-58.2386867661396,-227.66174857599972,-92.29678477361131,-22.406637419582495,-29.46266297748612,-23.891871209699783,-21.952999975014183,-21.17318931646887,-21.135870089398107
-20.81504609698879,-20.93506988732911,-20.822149359295924,-22.595178675661156,-30.25561430648603,-20.862979672527374,-22.563192533829348,-44.96591565230244,-60.21506250986784,-21.259778162551108,-20.852766856148932,-20.983634278572275,-20.97153387292589,-21.205770381155357,-31.380806148231393,-20.98747623457575,-20.90059348406349,-20.80081598953739,-21.788928020184876,-24.11927184961133,-29.119400873550426,-61.08161739410894,-226.75275564998037,-96.22915780927582,-22.14686556649218,-29.155892004564834,-23.51629552846895,-21.675185690361275,-20.860963619786236,-20.824002906224433
-20.59888452950766,-20.722664949335336,-20.602453331997765,-22.419108056925214,-30.172795410475015,-20.645322742267755,-22.39235142989497,-44.9228208180386,-60.7279257076384,-21.05125357796455,-20.640015750121727,-20.772305655255877,-20.764072150413117,-21.007974726366587,-31.38344079858979,-20.78801977087131,-20.69024694836439,-20.584763273731735,-21.59811975603404,-23.98135832277074,-29.07204809037128,-61.6378583234985,-229.22446438398316,-97.04929840268844,-21.970708427149162,-29.13231926766344,-23.366826875393645,-21.480793023659135,-20.64465579327558,-20.604580399050526
-20.67049103978743,-20.806757950124066,-20.66564152528293,-22.68142904393247,-30.3234677407629,-20.70528774885863,-22.548046106723476,-44.81709106536219,-59.416682574869924,-21.082666504381425,-20.72156450817165,-20.837774747891565,-20.8523428681526,-21.07120096838884,-31.103716318557023,-20.896512313722884,-20.782904269123783,-20.663514408090858,-21.66703766375333,-24.034759665088032,-29.544161621340333,-59.31420534275812,-233.12628455755072,-94.07553147870928,-22.0206906165048,-29.394646082029737,-23.56308763801791,-21.533419905758645,-20.710377006794356,-20.667328075716544
-20.790265370281784,-20.90981533955027,-20.797685101496704,-22.56373302719645,-30.25125673402391,-20.83883886507082,-22.537889574407007,-44.99439382079512,-60.349321684754734,-21.23840046979384,-20.827781514774095,-20.95953834435502,-20.946352640490808,-21.182863383256112,-31.397076354454754,-20.96154323559875,-20.875021818593595,-20.77558682911746,-21.766359040494372,-24.105342735009646,-29.086264911793457,-61.280627618064756,-226.92117855140725,-96.52542340101634,-22.12635071430036,-29.135166263038933,-23.489640509823676,-21.65340199836819,-20.836574710774865,-20.799588271806844
-20.54104445768296,-20.67415066514627,-20.537698364923234,-22.49310000155429,-30.18221882711765,-20.57959893795386,-22.405007247776155,-44.76417815874336,-60.13182393462466,-20.971483522614097,-20.58944605975229,-20.713188809873145,-20.720563333135022,-20.953673694442134,-31.210766955459235,-20.76078176777561,-20.647937777247318,-20.531355562425208,-21.550709606117056,-23.938397563409463,-29.335147299187838,-60.435568684884295,-232.2068279832649,-95.49917091630411,-21.919113870539192,-29.287112327721186,-23.416385840426155,-21.42163719674146,-20.583076827160394,-20.539678122821595
-21.061538608862875,-21.179375140424536,-21.07108690902554,-22.822902852531207,-30.347559520308216,-21.109334518106614,-22.772015205174014,-44.96163628502938,-59.47472115233993,-21.49191473472656,-21.09678877140628,-21.22427881626661,-21.211245339805593,-21.43174131394572,-31.344857043451675,-21.221776268345998,-21.143878204748418,-21.04826847272396,-22.008337183175303,-24.274167848767444,-29.24133575717523,-60.15205966557333,-224.3738472983722,-94.86781457618432,-22.348570563562077,-29.22758063446003,-23.70968886494376,-21.895866666369084,-21.10670574893608,-21.072574578024472
-20.748360808086897,-20.87443668461188,-20.750588044280917,-22.60626869276495,-30.22586288180132,-20.79142070038152,-22.543116654180658,-44.81302493107031,-59.960219692003804,-21.181808402634186,-20.790663465610447,-20.91740048266324,-20.91494601233815,-21.14537801555658,-31.289702403072887,-20.942206480003453,-20.843789014458032,-20.736691810779906,-21.733186756200002,-24.071279447003793,-29.25897645536252,-60.50341414963443,-228.4749470724003,-95.4205382141707,-22.092598293346022,-29.243236917602978,-23.522032080215492,-21.612002389169646,-20.792034808214616,-20.75242134841166
-20.35994224771756,-20.4981922822393,-20.35276482038644,-22.384164677210286,-30.159051422428362,-20.39554539810973,-22.278445587363144,-44.790672215087554,-60.358972802405425,-20.79026111528222,-20.412961218486654,-20.534733199834772,-20.548916802109414,-20.78494542151189,-31.15521440896901,-20.598098581892017,-20.475128685201014,-20.351492351733718,-21.390051830147137,-23.82373065382029,-29.375970143106873,-60.506021466715175,-235.5554833033765,-95.81232850503017,-21.76577245755713,-29.307673023915445,-23.314020320369607,-21.255333267174535,-20.401035185113013,-20.354871753434256
-20.20197238328472,-20.342025333761278,-20.193177963265647,-22.24615466428889,-30.098127862637963,-20.237344670773815,-22.147898241983967,-44.804815055869405,-60.79075211277603,-20.639626509821156,-20.25670483832497,-20.38023112664522,-20.395565399719107,-20.638953579768167,-31.167730907045055,-20.44838639330434,-20.319895009609958,-20.19318882355984,-21.249511683545126,-23.719857462806893,-29.32005496281431,-61.00655138561943,-237.30742722931328,-96.59395901951714,-21.635304348936643,-29.279096076735243,-23.19630805648424,-21.113204527211373,-20.243381176816953,-20.1954702806644
-20.100007443339276,-20.237251832764674,-20.09259505258442,-22.09148888212756,-30.011406719968516,-20.138718000649654,-22.034054194450796,-44.810534955272935,-61.45243387722465,-20.554390105072446,-20.152591392420057,-20.28239238806983,-20.291390198760325,-20.547518791887388,-31.27511879379834,-20.34067854172246,-20.21304447564006,-20.088859176229082,-21.1587652813373,-23.653011827169045,-29.14397426418028,-62.041125501471484,-236.77774809334156,-97.91224463307468,-21.557395336433746,-29.18727299455226,-23.077531316015634,-21.02648434608823,-20.14333046197914,-20.09513923365645
-21.04338071925244,-21.168820933890274,-21.0469805315073,-22.90671907063645,-30.371330629832215,-21.08454320026503,-22.80808072178066,-44.804851107663346,-58.95782776288603,-21.455517292776115,-21.084564540235196,-21.2049795150104,-21.204927777707862,-21.416841071868294,-31.218587372732657,-21.229418053747178,-21.138348464284352,-21.03383186687289,-21.997365436726525,-24.266370916063856,-29.46656927628344,-59.15846461898763,-226.43350492891076,-93.48622381808741,-22.33462919644947,-29.36078271670096,-23.77414956657637,-21.875406339489807,-21.08533635621115,-21.0483550053409
-20.708983409055968,-20.837967335545006,-20.708983396068778,-22.607204388419518,-30.22575339749709,-20.7497736250835,-22.527979049929865,-44.77621278661485,-59.86263686461954,-21.137563205014708,-20.753684141074036,-20.878176947758796,-20.88035121589216,-21.108986063806018,-31.244224461564805,-20.912836798413338,-20.809240376929885,-20.69850974085399,-21.699367377988107,-24.04629702980169,-29.32448932659916,-60.249229765174626,-229.6278507255488,-95.11382819519258,-22.05919655707975,-29.28104309425519,-23.51875322305475,-21.5746872465287,-20.751650763912902,-20.710808916879117
-20.83812019991374,-20.965743723224417,-20.83948837005081,-22.72291070633791,-30.28009188738693,-20.879037658060817,-22.63605365098089,-44.782004949967316,-59.50724880891417,-21.260268240904377,-20.881465321039926,-21.00437632285007,-21.00572446988957,-21.22787409400449,-31.232944078023756,-21.035165770787703,-20.936342109160982,-20.828005155906688,-21.814372536923834,-24.130853385105368,-29.37886010848685,-59.821103223752786,-228.36112458713632,-94.47330466738508,-22.16548078207855,-29.31122581312289,-23.617266303251636,-21.690750192067114,-20.880502253403268,-20.84114192412583
-20.883520222099666,-21.010695885115464,-20.885352335169323,-22.76405948342382,-30.300094219030584,-20.924458295065094,-22.674317082579662,-44.78534239708925,-59.38152921323587,-21.303345707471802,-20.92641531657846,-21.0487350196214,-21.049840490768688,-21.269670231362745,-31.22876982094534,-21.078254968926917,-20.981079874426737,-20.873547758014556,-21.854843642857617,-24.16075457134906,-29.399203846557448,-59.66778943749061,-227.93719425035457,-94.24549619672928,-22.202858470166777,-29.3226187601393,-23.652285487394884,-21.73155013098696,-20.925791001793566,-20.886944036855173
-21.113038223573835,-21.234844254395803,-21.119584840096778,-22.928271239333093,-30.377208672754428,-21.15686208454469,-22.845688019252005,-44.85080030768916,-58.98956143660743,-21.529127526219106,-21.15110183078776,-21.273795795880776,-21.268181665079613,-21.48047912854586,-31.265078262399715,-21.285806289012122,-21.202023074755598,-21.10220351976462,-22.057660483828798,-24.308103871242785,-29.403885443857583,-59.34476263824823,-224.87017099867225,-93.70050521874262,-22.392267701291097,-29.325645535146748,-23.796770150317485,-21.939867373700388,-21.15610319049136,-21.12091946189267
-20.575067824600524,-20.700956410523794,-20.576956312777387,-22.422511357287938,-30.158720212252348,-20.61980534628035,-22.384711592594876,-44.86633224431766,-60.63417096244007,-21.023336290101618,-20.617755858180118,-20.74863650711939,-20.743748869548444,-20.98621189402529,-31.35023492506201,-20.77159225909473,-20.669870171572068,-20.561846209048134,-21.578099145856662,-23.962764158386275,-29.120956660557837,-61.42793273293262,-229.80045341804748,-96.7571954941743,-21.951104518196715,-29.16358731848079,-23.368457017152974,-21.458133975583625,-20.620053421767192,-20.57907230315748
-20.83995096057166,-20.95819849469338,-20.84855928704583,-22.599201319263187,-30.274109182331035,-20.889261122603884,-22.574543922134374,-45.024770131068216,-60.267182835870415,-21.287497231259664,-20.876404145199654,-21.008139878287242,-20.99332558679349,-21.22808649176392,-31.403664407126676,-21.005816982603275,-20.92268315713638,-20.825032896006974,-21.80983229110361,-24.13790772896949,-29.084720175367572,-61.21476481865896,-226.3289680161351,-96.43632725158692,-22.16649776839611,-29.13243884997319,-23.51956331168119,-21.698263403731303,-20.88649316594079,-20.85040470057057
-20.817723718401325,-20.935223564649338,-20.82688694952096,-22.5674907562134,-30.274654632984074,-20.86789386819507,-22.550021332964917,-45.06695341727433,-60.41452571172826,-21.269229283397863,-20.8538158446199,-20.986537011185778,-20.970222885370212,-21.207391131593223,-31.423511741185703,-20.981426244677074,-20.89925569369613,-20.80224440850833,-21.789284475448973,-24.12662899322878,-29.04573149741733,-61.43986959593798,-226.47805334335453,-96.7783393105033,-22.147816980779965,-29.1072905112906,-23.49234573312724,-21.67886090156297,-20.864764246994554,-20.828782255823953
-21.059706843302852,-21.179956345604577,-21.06731082919408,-22.851780379958633,-30.345787322467125,-21.10536282845603,-22.78629908311397,-44.88999461681599,-59.2954048846459,-21.483948685856348,-21.096707896165384,-21.2221231830785,-21.213200556267704,-21.430924417404132,-31.30542256003573,-21.22825951509323,-21.14599492539806,-21.047636959286606,-22.008609051701573,-24.272222810980267,-29.313694411471186,-59.82131172151236,-224.8358028247307,-94.38129557003975,-22.348049895070584,-29.27241212529982,-23.733386847971662,-21.893081739462747,-21.103815864272516,-21.068760610518524
-20.69347807268676,-20.819064317382228,-20.695916477484978,-22.54199137682057,-30.201856789676988,-20.73745195048839,-22.48988137496253,-44.836293269228015,-60.20687452157885,-21.132755503586782,-20.735563552583965,-20.86406278267452,-20.86009057700245,-21.09493565420619,-31.316573517826527,-20.886780305230527,-20.787983293206437,-20.681094219202244,-21.683797727624693,-24.036637127674062,-29.201187946487792,-60.859143265888555,-228.76536046958816,-95.92777166416019,-22.047836036653514,-29.2097487294939,-23.468752579252005,-21.563546420800087,-20.737754718820394,-20.69784921419212
-20.674861820219878,-20.807441320246152,-20.672306454576347,-22.62643934722135,-30.2512414096628,-20.712765963572746,-22.523511199915696,-44.76728017391628,-59.69059829481205,-21.096342087443805,-20.72264187753504,-20.84364095267373,-20.851752721246836,-21.07677721679776,-31.18044724669918,-20.890316958051923,-20.781130752996024,-20.66599630165374,-21.670141072229455,-24.027942658016812,-29.419881939143778,-59.856856787101464,-231.23824245102148,-94.66934968695388,-22.028564720889957,-29.332468740930423,-23.527557597294773,-21.541098416218038,-20.716220920304902,-20.674090995540176
-21.098055480805115,-21.222386385987008,-21.102646797576224,-22.94808593729216,-30.390614540735477,-21.139755312755376,-22.85010688018958,-44.817547106085684,-58.853195460125896,-21.508883876271476,-21.138218631560584,-21.25856352325614,-21.257199592891283,-21.467119482817242,-31.224799958883594,-21.279430077488982,-21.1912661437231,-21.088388380876886,-22.045836631913257,-24.30165956348943,-29.47317286259807,-59.05944238861652,-225.75055594577603,-93.32513657634806,-22.379832881806877,-29.36491524888614,-23.81042335185813,-21.924968669419226,-21.1401269405967,-21.10395640596365
-20.68454044271399,-20.811296962776193,-20.686080036329777,-22.549074417842192,-30.200950441239698,-20.727536398401792,-22.4898501311075,-44.812868189022986,-60.140687306763496,-21.121261258520732,-20.727535442407667,-20.855047393631054,-20.853008627204748,-21.086718917188087,-31.296458411662144,-20.88180404074342,-20.780990062341544,-20.67269390859266,-21.676438419998874,-24.03022868986069,-29.23228463654523,-60.72157707638777,-229.12379933322393,-95.74537612967572,-22.040234874620957,-29.228376456988357,-23.473452498662965,-21.554728629254296,-20.72835762758939,-20.687999401357164
-20.684108027831897,-20.81415237465971,-20.683288525859297,-22.596946258361392,-30.223140686148913,-20.72416485240127,-22.51301780553969,-44.76943058618052,-59.865282556048726,-21.1117411255303,-20.72972557700574,-20.85359564994225,-20.857335799521795,-21.0859435634793,-31.230262265513943,-20.89173762958069,-20.7861093684319,-20.673985626054733,-21.6775501382691,-24.03065122487271,-29.340883346887388,-60.20726597438103,-230.15855188104095,-95.08168598348784,-22.038219132963896,-29.29017979183004,-23.50839224676286,-21.551652816731714,-20.726484937669895,-20.685126285973148
-20.593661002883692,-20.725701452411414,-20.591193237261677,-22.53209496836588,-30.19745597661802,-20.632712004364336,-22.445140149305615,-44.76429787393784,-60.02876661465545,-21.022912674351307,-20.64108869709202,-20.76481570232786,-20.770962874543688,-21.002345787299532,-31.216793615865956,-20.80916081528083,-20.698857385046338,-20.583842937213692,-21.59739548929685,-23.97237721856051,-29.339018045237722,-60.34274539101399,-231.46542722493547,-95.33273531260359,-21.962926641677612,-29.289197876014732,-23.45083093076,-21.469418151160593,-20.63579255778807,-20.59312018306062
-19.86195613929916,-20.004370466968066,-19.850632467867925,-21.923410155496775,-29.9561028925824,-19.89821346059684,-21.856292989081904,-44.85291062798655,-61.904093374537936,-20.320491597802043,-19.919143969445106,-20.04852605966912,-20.063508011139152,-20.326176479358665,-31.242612975386404,-20.121884274486707,-19.983259574473095,-19.85162355361578,-20.947739868971585,-23.498913294426952,-29.149145720768757,-62.40166013778617,-240.5695263644929,-98.648726940087,-21.35804634431399,-29.194219901524235,-22.927719179194145,-20.809871839349398,-19.90473870213607,-19.8533692206087
-21.480648119875656,-21.599414281773267,-21.49074469773306,-23.27121885641655,-30.561058203691058,-21.524203901878394,-23.161363210283007,-44.926047773591705,-57.974115681552,-21.876687672207268,-21.515520619241418,-21.63277124818508,-21.62598995832477,-21.818544524798114,-31.231518109194155,-21.63589567387746,-21.565348578921004,-21.471339617680837,-22.386436724806874,-24.553469169233164,-29.598218897127644,-58.060606678298484,-222.00661596656204,-91.8360603368245,-22.695223265229245,-29.43947697992196,-24.089242508877497,-22.270283416854166,-21.522617279054412,-21.491525848545002
-21.281409524139658,-21.40556493675078,-21.28674921614296,-23.138447682463482,-30.504116263471758,-21.321790808674155,-23.017587185126324,-44.851367487376905,-58.25538189614049,-21.679151380685507,-21.321207126397073,-21.437246254319742,-21.437702366647773,-21.63612296343616,-31.185336353977156,-21.45851278973159,-21.37475623688082,-21.273169795748775,-22.210656673199075,-24.428912243622438,-29.61210767720766,-58.243671367778575,-224.84707407055666,-92.16883819619625,-22.53083133920923,-29.443113832537314,-23.97017598047278,-22.08899323412847,-21.32237004167347,-21.287765005420464
-20.973832992214973,-21.1029260957184,-20.974630041600914,-22.88827444238029,-30.38159907545424,-21.012349358792765,-22.771602825150424,-44.79372395715656,-58.92272226150389,-21.38190210884199,-21.01827293387641,-21.13603533972166,-21.141612642496145,-21.35263064420778,-31.167987004684946,-21.172689301847555,-21.07483816508235,-20.96559925065626,-21.936729741342987,-24.226735296057868,-29.533566704897474,-58.957937467026085,-228.2575765036855,-93.29637984349426,-22.275795027696958,-29.395627367514297,-23.752068740898718,-21.810573507106263,-21.014698982730405,-20.97603237317891
-20.966892972813362,-21.09403466307977,-20.96901907667707,-22.85133242385234,-30.34725521429568,-21.007175480214112,-22.750485449459063,-44.7897654188474,-59.09280735379217,-21.38044826199099,-21.00963379234612,-21.12994922591755,-21.131992535539393,-21.346414761400517,-31.20685852997576,-21.159858908845017,-21.06457576377614,-20.95759160333196,-21.929604358748556,-24.217290700838706,-29.462911545193577,-59.27369950847638,-227.46932309016483,-93.6864626038023,-22.27121298014108,-29.35806735414514,-23.725108295955962,-21.805920851077698,-21.008625273453735,-20.97047842753919
-20.968722383274752,-21.093373215875012,-20.972667364231132,-22.81694481502304,-30.322640479604544,-21.011201068086343,-22.73396370475525,-44.81117870731589,-59.277976112410386,-21.388598958673374,-21.00938385327953,-21.13246624004398,-21.13014666569698,-21.34803067157687,-31.25259668356796,-21.153683474211718,-21.06219336003431,-20.95814792445616,-21.9298855259978,-24.21486015849272,-29.382705250650158,-59.62893357874854,-226.59201417951564,-94.14293479762168,-22.273493589355997,-29.313484543762414,-23.700098820255032,-21.80931657913739,-21.011515632616106,-20.97417874069459
-20.15765647651908,-20.298519816262758,-20.14823918522174,-22.212601286650703,-30.087028001872405,-20.19270850484378,-22.113653238986142,-44.814080249736136,-60.886047535971635,-20.596513143892167,-20.21312984843017,-20.33673657801697,-20.352925523377877,-20.59776807173208,-31.164219772837114,-20.40718716214189,-20.27685058080505,-20.148941951469045,-21.210104080013906,-23.691228293896316,-29.315456064225494,-61.096464291086484,-237.9612818149921,-96.7602252604905,-21.598210962524856,-29.276776154745583,-23.16661616757763,-21.07296572008188,-20.19903092894677,-20.15057265718702
-20.04228482686689,-20.18433435927991,-20.031784498726285,-22.10970683483814,-30.042467414276455,-20.07729517266971,-22.01751102530338,-44.829340917364824,-61.22060782423236,-20.48695633776447,-20.098898356575457,-20.22397229936653,-20.240740290872775,-20.491245227865832,-31.17832277776931,-20.297431294147835,-20.16326490516842,-20.033257312235744,-21.107586249126538,-23.61571154339255,-29.271071859789473,-61.49229634891459,-239.2202857176351,-97.36980753894215,-21.50327745347535,-29.25480216606311,-23.07954832704904,-20.969431111143262,-20.083955034031515,-20.034254978683297
-20.45590348306482,-20.595420730141416,-20.448367251802225,-22.507472399880285,-30.250658533142968,-20.489682071425268,-22.37627949685398,-44.83236056212145,-59.909246016306525,-20.875526625573258,-20.50998710064599,-20.62744202275976,-20.645063054635944,-20.872160248073822,-31.09549631993454,-20.69536278685387,-20.57331257045524,-20.448892769851295,-21.47565983569082,-23.89345572448805,-29.493741710831568,-59.83303169635263,-235.8109919217826,-94.95365541193875,-21.841510175939234,-29.36620632644999,-23.410807588814478,-21.338961785081967,-20.49586803899837,-20.450286236005986
-20.175696869532352,-20.316885568807525,-20.166161678394214,-22.237343376324432,-30.103924421823628,-20.210325093918954,-22.13262825612162,-44.81966611048718,-60.78872855217971,-20.612200164916153,-20.231431288267935,-20.35411014213112,-20.371108129106624,-20.61403463262282,-31.149751606832332,-20.425700502585553,-20.295452363898974,-20.167302871424365,-21.22612494336232,-23.703863265355185,-29.34066109128019,-60.94825063331195,-238.03051767619408,-96.5735012431052,-21.612178420092718,-29.28930735926388,-23.185710763152038,-21.08850732879197,-20.2168173805252,-20.168456415791503
-20.317822851191966,-20.45737242433086,-20.309738169333794,-22.361055802794585,-30.15860573748191,-20.352670049346706,-22.24992817952201,-44.805793479803874,-60.40281766126621,-20.74781702725666,-20.372010687848473,-20.493136121796784,-20.509074773850156,-20.745467756035534,-31.139204835421722,-20.560399426792426,-20.43509059302523,-20.30971696972029,-21.352593231939963,-23.797518991961596,-29.389894964519264,-60.50332657470237,-236.43918091712845,-95.87406366194739,-21.72967386937541,-29.31429688324804,-23.29135059001655,-21.216433036294283,-20.358665230627153,-20.311868467947622
-19.907378630184624,-20.053895382326917,-19.894006503779387,-22.043002412806448,-30.05340829032074,-19.939792302492528,-21.92892594563512,-44.90799039077706,-61.33018360361248,-20.349919927089836,-19.967933797856418,-20.090423846913378,-20.113261596143204,-20.363728205244286,-31.116876970375756,-20.176808523675334,-20.035439200081452,-19.899629689472402,-20.98724816374347,-23.53163895119286,-29.331348889644175,-61.415477692075456,-242.38403190146374,-97.53275953598651,-21.3860058397964,-29.28425204592642,-23.01079036066725,-20.844060261590013,-19.948161307263067,-19.896523738752872
-20.427661576930266,-20.566368150537873,-20.420469720334808,-22.46381032771861,-30.211765440113773,-20.462333160672294,-22.34401572049391,-44.80749698324642,-60.074762502037586,-20.851543447606186,-20.481031095781667,-20.60037772736438,-20.616223742885136,-20.846775791364557,-31.12263283660443,-20.66559608675394,-20.543707054259674,-20.420001251227895,-21.45043854680536,-23.87132420255081,-29.44361569234095,-60.09717422282411,-235.46941671783236,-95.27201175947422,-21.81991266083839,-29.34171104414034,-23.377702054607624,-21.3148637925661,-20.468126475771886,-20.42245772375254
-20.481850888875634,-20.620660773651974,-20.47480968236304,-22.523187264573586,-30.25133792614136,-20.51600928190585,-22.394557433129183,-44.821934234377885,-59.87401023353826,-20.90139109277094,-20.535287625524187,-20.65303392655323,-20.669738791480583,-20.896445597628237,-31.103423845585326,-20.718870948871327,-20.59814425262094,-20.474680354401094,-21.498781434632832,-23.9095235464726,-29.488590384024008,-59.81876941598832,-235.29808235444617,-94.89590190366715,-21.863681698149932,-29.364221190713877,-23.42586315905306,-21.362847608243438,-20.521927718330073,-20.476710963077903
-20.303967245698654,-20.438995393741884,-20.29861042064234,-22.272420103157778,-30.08363754904544,-20.3428521276726,-22.203104722747934,-44.78141541590827,-60.857498688261956,-20.74799226395359,-20.35435983511993,-20.481720059134854,-20.489469644312376,-20.735422854187746,-31.249468869813263,-20.534126195124028,-20.413647634279993,-20.29333415202263,-21.339777773629784,-23.783920200598487,-29.220814790360713,-61.33624364282903,-234.4869757096972,-96.83545401281401,-21.724770738210886,-29.226512119849502,-23.230631979529925,-21.209382220542228,-20.3468084157759,-20.300905128343818
-20.34015236964689,-20.480102969161628,-20.331925220292405,-22.391579048483965,-30.181653826100337,-20.374484653369787,-22.273488267803828,-44.81649303666201,-60.28747509884418,-20.767337074091497,-20.394676962655396,-20.514650408919152,-20.531578543222807,-20.76566188145208,-31.122415960107105,-20.583308928958928,-20.458110064336662,-20.332438188932816,-21.37248540292131,-23.813798762933512,-29.421042583362652,-60.32702578052972,-236.54962326435242,-95.65313036091209,-21.747071731261773,-29.32970809393438,-23.314982714018047,-21.235734780720183,-20.380687942823908,-20.33400819563592
-20.419494962421542,-20.555403158035904,-20.413947324175062,-22.40900902350579,-30.154084314488227,-20.456618978089526,-22.315019683432794,-44.77191529337336,-60.340564488486834,-20.851682708001547,-20.47043408042847,-20.593739654632508,-20.60453900530456,-20.840901110980205,-31.18876234833551,-20.649859370627272,-20.53087609068297,-20.410290913884037,-21.44286128011744,-23.860342451251476,-29.339207456396863,-60.591511036946756,-234.11597115030207,-95.82500685848376,-21.817256941381398,-29.28914106325731,-23.34065244236204,-21.310816875688413,-20.46116196903315,-20.41603459106114
-20.419494962421542,-20.555403158035904,-20.413947324175062,-22.40900902350579,-30.154084314488227,-20.456618978089526,-22.315019683432794,-44.77191529337336,-60.340564488486834,-20.851682708001547,-20.47043408042847,-20.593739654632508,-20.60453900530456,-20.840901110980205,-31.18876234833551,-20.649859370627272,-20.53087609068297,-20.410290913884037,-21.44286128011744,-23.860342451251476,-29.339207456396863,-60.591511036946756,-234.11597115030207,-95.82500685848376,-21.817256941381398,-29.28914106325731,-23.34065244236204,-21.310816875688413,-20.46116196903315,-20.41603459106114
-20.41727613637232,-20.559478407030223,-20.408168433711595,-22.51197271966993,-30.29729769419201,-20.449191491902724,-22.361992171103594,-44.90263398876249,-59.83607433221387,-20.832865136273522,-20.473810049390135,-20.588470943314615,-20.610282201905964,-20.834734739455904,-31.046668024130717,-20.664434974197494,-20.538938073640978,-20.411341999691697,-21.441161454785085,-23.87566813174112,-29.55931180513633,-59.60443158538105,-237.61701853686554,-94.80131753131138,-21.805534008278933,-29.395629643621774,-23.405439616201374,-21.301318859034772,-20.456460125696257,-20.41006034997709
-20.254900180370726,-20.392912610361925,-20.24749941175041,-22.268533297450166,-30.094585729941265,-20.2915827894078,-22.180667135770058,-44.78633149068325,-60.77337640505811,-20.6941914225853,-20.307836581863693,-20.432682339113242,-20.445091288597766,-20.688816905431413,-31.197389161736133,-20.4946062045902,-20.369513609876712,-20.245461687649563,-21.296513255674157,-23.75290962734682,-29.287882918268636,-61.08140160849729,-236.03217068495138,-96.59937632462821,-21.681204304484016,-29.262602769369956,-23.220263449664603,-21.16254567182869,-20.296800368776157,-20.24977665252475
-20.421933724741454,-20.55958033476024,-20.41533666981956,-22.44007800972839,-30.18580034808221,-20.45754411870338,-22.33054757022313,-44.788821408654904,-60.1833216285315,-20.849118418554077,-20.474372058995282,-20.595317450352713,-20.609223424378733,-20.842176301805598,-31.14854007198013,-20.65711446736329,-20.536220648298613,-20.413669964598935,-21.44525385433775,-23.86489206037074,-29.4019320118799,-60.29547222540512,-234.9362988611965,-95.4922615132715,-21.81686450294239,-29.321109539745425,-23.36142563945509,-21.311021783135743,-20.462863886037088,-20.41736667603206
-21.12505486864703,-21.251364528712326,-21.128306037878076,-23.0056133967033,-30.434298794257508,-21.164791806457952,-22.889691896778167,-44.815589220637804,-58.618201367001035,-21.52894096391938,-21.166897554212298,-21.28426711740825,-21.28671202069242,-21.492117364289875,-31.182767463393233,-21.312199117973062,-21.2216850450889,-21.116627575575738,-22.071220741647288,-24.32502679048514,-29.559313501808347,-58.65629892562461,-226.3895649227602,-92.79686452042085,-22.401439399493665,-29.41192599281078,-23.85529463332514,-21.947740028161334,-21.166111374270635,-21.129530325443216
-21.215390979806813,-21.340977050678525,-21.21947183559916,-23.090077192084518,-30.48312058870721,-21.25504235596112,-22.9675152407698,-44.83655691570695,-58.37168175896308,-21.614466617826622,-21.25651895885816,-21.372490963992433,-21.374712777403754,-21.575365299382174,-31.174949915773897,-21.398399897084282,-21.31100769323135,-21.207336986667727,-22.152067664781704,-24.386643040062477,-29.606758414409423,-58.34642038413818,-225.71405035433668,-92.34490723245716,-22.476026861234736,-29.438780632316494,-23.92716568492784,-22.02899449976878,-21.256173281740427,-21.220565726410953
-20.94861159301839,-21.076695301851746,-20.95001459682178,-22.84621528266758,-30.34918730452614,-20.988213563996947,-22.740747102394824,-44.78619706302584,-59.084306052991536,-21.361124049646243,-20.992187130191695,-21.111832154896618,-21.115321644487263,-21.329524597767897,-31.1938020634556,-21.144886376893165,-21.047851369077183,-20.9396478224861,-21.91365411507191,-24.206677991682703,-29.479999619294425,-59.222555441468714,-227.93683017375034,-93.63821706012308,-22.255748246598507,-29.367056917646373,-23.719133635851495,-21.788887245793493,-20.99006413021513,-20.95148121653617
-21.85450397353927,-21.965447294386323,-21.872282280935654,-23.55976661638212,-30.72539011806008,-21.902037007194817,-23.4505403078999,-45.13778794804742,-57.28691556722215,-22.241096936117344,-21.8822266030489,-21.998485263037253,-21.982095405691588,-22.159221636619023,-31.273635203108412,-21.974692677152277,-21.92705654511387,-21.844503279199255,-22.71711771260375,-24.793695519570893,-29.66194403097613,-57.37120997654873,-218.12974207931651,-90.86011639910117,-23.00069765198251,-29.481993043780157,-24.33971291341409,-22.60812269923926,-21.89743187830489,-21.872514198488478
-20.09382369506703,-20.23630641635412,-20.08327036580077,-22.172100921597707,-30.080355708542754,-20.12803936346543,-22.06784009205506,-44.83636321818304,-60.98283260430223,-20.533114780121245,-20.150749445403353,-20.273843436196294,-20.292054734133405,-20.538032076023526,-31.147980711788776,-20.348988030693548,-20.215586054928515,-20.085449968915526,-21.15329606084291,-23.650678466310843,-29.325306468490723,-61.14794781817481,-239.1515818152956,-96.91990552475846,-21.543904910481725,-29.281600893551335,-23.12872196458905,-21.014394440884733,-20.134967566148553,-20.0856465835474
-20.086611021755115,-20.22869716111877,-20.07624962450335,-22.15762361065922,-30.06836003086118,-20.121219320931942,-22.05820661165788,-44.829690947141245,-61.04627457054096,-20.527612964139358,-20.143204666249485,-20.267040399213766,-20.28445809239737,-20.53176416977857,-31.160505737949276,-20.340899457342204,-20.20771451934478,-20.077967128104905,-21.14692676626607,-23.64525879546205,-29.305677167025756,-61.25377604285582,-238.98310374460593,-97.0431287318931,-21.5388406202749,-29.271936285559217,-23.118252602452415,-21.008547851437484,-20.127964542156015,-20.078650624112793
-19.907660463012867,-20.05180189771501,-19.895522074214647,-22.001849761468897,-30.004580523904277,-19.942035219168112,-21.910890532803172,-44.86131577592203,-61.55039702703286,-20.357096074245792,-19.96619940404642,-20.09202536150492,-20.11069567061967,-20.366330468019285,-31.17821683245716,-20.17115583791756,-20.031889439566942,-19.898647513445763,-20.987979491623836,-23.52861504264562,-29.2456033181562,-61.83476175502689,-241.0794589170434,-97.95897323570736,-21.39126104440928,-29.242862037694064,-22.985783862122872,-20.847736358939738,-19.949393141776515,-19.898125327022136
-20.05348136010845,-20.192699329705256,-20.044685733946498,-22.07414646185569,-30.00876526596712,-20.090851271714655,-22.006354114342933,-44.81269927270638,-61.44651353068748,-20.505725923261576,-20.107736997256,-20.23625819021719,-20.248146384974056,-20.50367442075923,-31.244960214519388,-20.300696977506473,-20.169760420616374,-20.043015736287632,-21.11759987086824,-23.62225350756172,-29.17850376643538,-61.938331052465045,-237.87167310027067,-97.84978047127291,-21.517091264838847,-29.206762749465753,-23.058650673884625,-20.98298897662521,-20.09627408293985,-20.047236521060327
-19.736509663519524,-19.877348814139513,-19.725757412432806,-21.763295904401694,-29.894435268269746,-19.775326730198564,-21.731240099597574,-44.90057783400417,-62.59674438365198,-20.211167694500176,-19.792750393018185,-19.92740716507201,-19.937821647829928,-20.21314949020471,-31.34163618000299,-19.99465692042513,-19.854933596371104,-19.724230853279284,-20.83690473622534,-23.4242444439615,-28.999160109849136,-63.41942776990072,-240.97768042352885,-100.00174355053713,-21.26067786468382,-29.115904714967424,-22.802207185547587,-20.70168308809042,-19.780921242913465,-19.728749478323355
-20.433077252024113,-20.57344253026708,-20.424988751883518,-22.497511051212918,-30.25634292360943,-20.46634060952186,-22.361986107891806,-44.84858164348718,-59.92253934648747,-20.852188680059765,-20.48793409744102,-20.604808414442054,-20.623627272527322,-20.85061942021289,-31.083368156393874,-20.67524924444559,-20.55182893990149,-20.426323922493182,-21.455310563298685,-23.880101851614018,-29.506321404150658,-59.810482715433196,-236.40315728818388,-94.97050075026989,-21.82159780159297,-29.371691435317977,-23.3999376992656,-21.317661816876708,-20.47285720549058,-20.426915811972435
-20.231861917841503,-20.367743306633464,-20.225728143887416,-22.209555693899183,-30.0580998495063,-20.270618870334836,-22.143804316257075,-44.78968226813829,-61.059234970621226,-20.679312756189383,-20.283084293831863,-20.411219648256203,-20.41954211435145,-20.66894962789586,-31.25639730405938,-20.465953747990966,-20.342846273251705,-20.221084714982716,-21.275764392706478,-23.737451530680797,-29.195841773974795,-61.57096940570303,-235.31145450159795,-97.19762588277342,-21.665472757403727,-29.21370515498956,-23.17719661026299,-21.14461583307345,-20.274839867683546,-20.228109382500943
-20.866923768160824,-20.991367891604188,-20.8707183724562,-22.707436909744473,-30.27204740504694,-20.91044032238552,-22.63962322984746,-44.82443999281669,-59.659090531161894,-21.295333554851954,-20.90765711909031,-21.033333503134248,-21.029448552278026,-21.254324441797994,-31.285042610838996,-21.053180942723923,-20.95984175040183,-20.855395896075756,-21.838458270269243,-24.14784715248407,-29.29734394582904,-60.15804057927319,-227.19909085407355,-94.90043742228377,-22.189998794424834,-29.26453719749756,-23.608525912654688,-21.718705722767663,-20.910499960514382,-20.872397938907884
-20.734629363898485,-20.86005556505553,-20.737303463853515,-22.582780568500027,-30.218069895941895,-20.77839194686656,-22.526129962391753,-44.82956310732112,-60.06584442293118,-21.170990751914204,-20.776473962475738,-20.90419336085754,-20.900439283594803,-21.132743736891317,-31.30655775387167,-20.92662750242126,-20.8289422512808,-20.722506742014275,-21.72053234568559,-24.06275756475225,-29.22744972101779,-60.67354056409227,-228.4105586375148,-95.65715179822905,-22.081512106349738,-29.224777362907297,-23.503063021923673,-21.60025690745181,-20.7786880796511,-20.73917380378021
-21.137910662056626,-21.2605527420067,-21.143895033493575,-22.965888741271968,-30.396625766573987,-21.180785685512422,-22.87440274962638,-44.837953335965594,-58.841615476691274,-21.549986018541382,-21.176599370322844,-21.297840496814867,-21.293973804023278,-21.503582472786725,-31.24450977610175,-21.312969705824177,-21.22835494788413,-21.12770913215368,-22.08058845579862,-24.325883819799373,-29.44993092452636,-59.10983842997028,-224.97281935941558,-93.37218507343694,-22.41278996470003,-29.352148927050962,-23.82754596551571,-21.961610190964855,-21.180446922378383,-21.145173495146114
-20.88104541168242,-21.009068771780882,-20.88226706970464,-22.77406755207714,-30.30828756609926,-20.921253027888465,-22.678299171928263,-44.780229447607084,-59.32376325593793,-21.29883198785863,-20.92465671507116,-21.046052129470215,-21.048623530957435,-21.267339114928635,-31.21314666130234,-21.078492672791235,-20.980036021647802,-20.871493476004186,-21.85303365870408,-24.16033326205936,-29.42540511430561,-59.55322784948549,-228.2626815480132,-94.10308626890603,-22.20042643173513,-29.336992961226557,-23.65919547050406,-21.72868842361169,-20.92296868661859,-20.883842745147778
-21.02845511077335,-21.155614831563756,-21.030774894693423,-22.91649377043478,-30.385222444474067,-21.068222190759506,-22.807183921431452,-44.79777227565502,-58.880757292501315,-21.437352189612945,-21.071138446840184,-21.189902139505048,-21.19270964999347,-21.403106556305207,-31.19071094941233,-21.220233450171698,-21.1263058474838,-21.01967036311432,-21.98487228085381,-24.259795839648646,-29.51162861815198,-58.98197948258702,-227.1750240903587,-93.27568849903784,-22.321713406538187,-29.384998878356313,-23.77939331627606,-21.860844953792927,-21.069777638536877,-21.03213536246711
-20.87614139229541,-21.003276132618204,-20.877979533264863,-22.755693033563933,-30.29566075010434,-20.917177008829245,-22.667264421276357,-44.78566039561256,-59.41087757315154,-21.296644092780458,-20.91901506201348,-21.041560840680415,-21.042505542871886,-21.262881863125177,-31.231614877053943,-21.070892551330413,-20.97361605433038,-20.866086579221214,-21.848208344964085,-24.15574567343764,-29.392132305254947,-59.7096510050126,-227.96566381470183,-94.30407750690885,-22.19683130540053,-29.318675255436805,-23.64537377832066,-21.72500458217869,-20.918479252091608,-20.879583963144018
-21.256327201195653,-21.36939716129183,-21.270396648648713,-22.966860390602626,-30.43665670005334,-21.306738293256092,-22.91826551619797,-45.085233806590786,-59.13279013281341,-21.683241836368616,-21.287557091277478,-21.414712326006214,-21.39574968443451,-21.60866750413581,-31.366530049888922,-21.396057810295407,-21.331292957067703,-21.24233141330613,-22.17917949828131,-24.399791989985268,-29.25078451254015,-59.84333291926731,-222.20269936936637,-94.4581688047607,-22.50590366114991,-29.229466593246535,-23.831777707173284,-22.071521986349133,-21.302270975543443,-21.271627326525024
-20.217986095677386,-20.3602233809644,-20.208039303658918,-22.300310000085123,-30.153662633423902,-20.25140262256492,-22.179429647630446,-44.845782628053875,-60.54073063842099,-20.6482961908274,-20.27460241977672,-20.394677224689985,-20.414060970331644,-20.651934839192062,-31.109633047099173,-20.469779425711693,-20.33950319122685,-20.210487526000875,-21.263661860405676,-23.7349743582471,-29.409961710082115,-60.55978549827031,-238.39935146688802,-96.10045978861973,-21.64437756736974,-29.3231199872603,-23.233434935471386,-21.1245762502997,-20.258409930431235,-20.210233902641043
-20.491433763423718,-20.62167209126922,-20.489900193480068,-22.396903205490762,-30.13363316034563,-20.532971405326297,-22.338912325332252,-44.79494768069212,-60.56949541283667,-20.934041662300693,-20.537614070665267,-20.66594347416191,-20.6676216850867,-20.90898036715459,-31.28920589144615,-20.703427005611722,-20.59337795803609,-20.47980774217661,-21.50548041197835,-23.90557913761329,-29.200082105621355,-61.15874363019539,-231.53832080084482,-96.44149424270876,-21.881153063010483,-29.212433138670065,-23.34215235924628,-21.380314067694723,-20.535062654376777,-20.492037998826202
-20.891681482524746,-21.018136519986566,-20.894059539587747,-22.76206691530095,-30.297463221897118,-20.93319246420821,-22.67652982709828,-44.79179732616582,-59.40942571658042,-21.312779334191763,-20.93396587309594,-21.05690405110278,-21.05683822791072,-21.277196799081178,-31.240222947165066,-21.083966007628867,-20.98803865118094,-20.881402099714816,-21.861791235346107,-24.165357172262404,-29.381790314892342,-59.735746926295924,-227.6406746489851,-94.32711451658413,-22.209826756451456,-29.312931613540425,-23.651731492047418,-21.739361764284585,-20.934209062829446,-20.8956547973224
-20.822930341577894,-20.94614147221082,-20.82754147708173,-22.64462759040552,-30.250550962090347,-20.867929310644847,-22.591172410919164,-44.86191493562934,-59.92141267690074,-21.25822751159004,-20.862858082713768,-20.990750072319802,-20.984202648123993,-21.213711801924113,-31.32096224028207,-21.005955629899518,-20.913709734337484,-20.810398103366996,-21.79825571122767,-24.120045321592706,-29.224285623361936,-60.563833666746255,-227.22837336031716,-95.47630290117456,-22.153981471687427,-29.221429638345256,-23.55683095367639,-21.680327703577657,-20.867359404719775,-20.82931826895325
-20.78903021289826,-20.913745582358423,-20.79239500086434,-22.629774836014775,-30.238965303726033,-20.83296572977382,-22.57064963970364,-44.83317255657592,-59.922787551056565,-21.22294571218515,-20.83018237861415,-20.95737165619441,-20.95303232860218,-21.182710506659646,-31.303242631197023,-20.97766759004363,-20.88225480603253,-20.776992848861752,-21.7688261376694,-24.09771433584735,-29.24622714287026,-60.50695306195947,-227.82911175780208,-95.40767737859582,-22.12614184712515,-29.235174020385355,-23.543126643839635,-21.64915967385001,-20.833025353047503,-20.794193944534225
-20.563196336876583,-20.695030914175437,-20.560770705529027,-22.49671798548138,-30.179155468620447,-20.60268694136936,-22.415795742953957,-44.766709380960314,-60.15866977676132,-20.995432364304907,-20.610503165321695,-20.73523989288597,-20.740640955661615,-20.974431940813513,-31.230959517906314,-20.778684419264298,-20.667983397071232,-20.553017011379215,-21.570116094923616,-23.952017039096784,-29.30866800450623,-60.529107970974465,-231.57424106284037,-95.58920699131647,-21.938312297411517,-29.27275522245143,-23.422012172113472,-21.44254674382997,-20.60562431546579,-20.562751286066543
-20.496839388806887,-20.624861317004658,-20.49692433214824,-22.370441008194604,-30.13029900736513,-20.540334814005856,-22.328382478636694,-44.838109827145615,-60.747919183856155,-20.945473953255263,-20.541330489102805,-20.671884491822624,-20.669742063860383,-20.91431157715101,-31.33412135427472,-20.70173149073427,-20.595064094323103,-20.484081964951645,-21.509344384854753,-23.911325038428483,-29.130870367859327,-61.49535331260032,-230.91662652353227,-96.88272046474447,-21.886733849683875,-29.17155158905411,-23.32300455140153,-21.387031259951158,-20.541424049920433,-20.499112434509016
-21.27620138765218,-21.398768367902257,-21.282693902732678,-23.109906712600072,-30.4774459956286,-21.318024048127914,-23.000886597652027,-44.85381859467387,-58.382094673717646,-21.67814622222335,-21.314608501525857,-21.432620307479915,-21.430211832051835,-21.6310611803052,-31.213436012610693,-21.44826073448745,-21.36683624323725,-21.26710914989912,-22.204956738712134,-24.4206973247291,-29.556391434504082,-58.48088335760359,-224.24487927969616,-92.47519675218304,-22.52676286767749,-29.412987502809255,-23.948690600138654,-22.085296387451947,-21.31786602101252,-21.283748609713996
-20.558211482665953,-20.68576346130118,-20.558810098774302,-22.4280486042042,-30.152398776087978,-20.601590132003228,-22.380733456889235,-44.8292242306058,-60.551869333497876,-21.00307059377001,-20.60216670006066,-20.731784521242872,-20.729584199787098,-20.970668220267132,-31.32237572141964,-20.760436230927255,-20.655760259998548,-20.545723083679515,-21.56391674578207,-23.949980635855663,-29.16202823272966,-61.24839311272875,-230.30319138299285,-96.51820593598636,-21.936893674436515,-29.188889102304817,-23.37154259033298,-21.44187336979413,-20.602567074428414,-20.560911978304148
-20.559224690875418,-20.69336090199385,-20.55527067554124,-22.52868386229714,-30.207127583642546,-20.596726838222285,-22.429393855048183,-44.76684310586485,-59.978465754758375,-20.985400767889015,-20.60847861034864,-20.730459844582118,-20.739887511299344,-20.96996628433827,-31.182620574696905,-20.781611457216062,-20.667889757093658,-20.550230231729266,-21.567200815293127,-23.951984238836104,-29.384546691916697,-60.1795512062002,-232.5442947016768,-95.17859642283229,-21.932808031940663,-29.313232546363114,-23.443328244868464,-21.436747082561855,-20.600698563034232,-20.55719248468396
-20.368349380394534,-20.505443954364363,-20.361894486230614,-22.37403321320229,-30.143658360734463,-20.40487310733082,-22.277287652524027,-44.778991192765034,-60.4276088401541,-20.801234036632763,-20.42036318643466,-20.543451775869496,-20.55569902890434,-20.793349184517762,-31.17900053966079,-20.603128554743982,-20.48162598297251,-20.359355496674322,-21.397437684680387,-23.82756634276988,-29.341738570233876,-60.65437528266152,-234.9491947610542,-95.9639503009112,-21.774246615131904,-29.290348518228633,-23.308929630495697,-21.264129219788067,-20.409864070969363,-20.364024722742688
-20.326687605756085,-20.46502412591608,-20.31934029788337,-22.350230971361675,-30.140607590899066,-20.362490446119565,-22.24869328924624,-44.78940081757006,-60.47448614003603,-20.759360322516958,-20.379813882886584,-20.502348204415778,-20.516259094413375,-20.754399862984307,-31.16449265611883,-20.56578686574075,-20.441963273460864,-20.318011999587743,-21.360436604632003,-23.801320199317942,-29.353749562606275,-60.659152658653824,-235.7739534040693,-96.02831180354934,-21.738739210742313,-29.296336085695778,-23.28607029796382,-21.225752041544997,-20.36796645867455,-20.32149590118638
-20.70330233328856,-20.834407607503145,-20.701819394007703,-22.63346774953054,-30.246262168512484,-20.742261595210522,-22.53844747883738,-44.765748095143124,-59.70858579369673,-21.126555290452778,-20.749781027052,-20.87189804726796,-20.877751442718928,-21.103345920293805,-31.202624406457126,-20.9137809727883,-20.80713887707132,-20.693896313660463,-21.695110863642505,-24.044773247792893,-29.391515980358477,-59.94689777143717,-230.45672979979062,-94.74555229809087,-22.05307653902042,-29.31767859029572,-23.536587180603714,-21.56778171015832,-20.745094999520838,-20.703598991585682
-20.526209817050198,-20.657294427636828,-20.524184828448256,-22.446218242794128,-30.15425531426186,-20.56668510247889,-22.376600380695027,-44.776884451258276,-60.362115971172244,-20.963536611999725,-20.57297766883409,-20.699508972549307,-20.703118664504395,-20.940687582297343,-31.25921812238886,-20.740143645002956,-20.629653599736873,-20.51532482407406,-21.536835817693028,-23.92760084752745,-29.254997161220643,-60.83951810224315,-231.55332432226115,-96.00746941886015,-21.908831756001714,-29.24324864821657,-23.381634781303855,-21.41040412607458,-20.569220215888667,-20.526244420059427
-20.99977267969199,-21.125987673528424,-21.00266922108401,-22.872212094899446,-30.35503682101165,-21.040605462794826,-22.773783949414323,-44.796669323277015,-59.04959454203272,-21.41322312533999,-21.041677609513023,-21.162266561628105,-21.163065367425972,-21.376702665822577,-31.215574908749577,-21.18915201670434,-21.095956859941577,-20.99026326957868,-21.958635454217283,-24.23801921129389,-29.457946545212323,-59.25274148393589,-226.9469909480492,-93.6358192956786,-22.298567972939743,-29.355666031259894,-23.744087132041983,-21.83593899633045,-21.041683980510243,-21.00409682110208
-20.58083889959157,-20.709738932531963,-20.580517745106672,-22.47118849004043,-30.165393638622916,-20.622802240912936,-22.410662651769997,-44.79641296224028,-60.34670790079808,-21.019954191056495,-20.62575651045416,-20.753422149505678,-20.753865111644046,-20.99128235796559,-31.28693594155431,-20.786918784484012,-20.680697976507194,-20.569252648501713,-21.584760178938105,-23.96315836505098,-29.223590824852693,-60.912784345138334,-230.48317196243644,-96.05956251890343,-21.95472094779256,-29.224729091728015,-23.40579817896752,-21.46084972249051,-20.624431352830825,-20.582549000178695
-20.679248698080894,-20.805224930970073,-20.681354445518263,-22.532544058489446,-30.196832539529908,-20.722994020659694,-22.47964631827978,-44.83094111253426,-60.2272642009123,-21.118596032851055,-20.721667780530723,-20.850101478231288,-20.8466359831659,-21.08186884707854,-31.313549888965007,-20.87409012839782,-20.77438006741774,-20.666949325734087,-21.67128616452217,-24.027359940555982,-29.20291973462986,-60.87120429309838,-228.96820025574695,-95.95013667894335,-22.036126249088234,-29.211038911255017,-23.460470371404316,-21.550610842694596,-20.723451247311797,-20.68330088298962
-20.79692424859983,-20.92894376917889,-20.79515845781625,-22.746834967673376,-30.318353516697364,-20.834323599847384,-22.63129244394535,-44.78050777253321,-59.30652856388072,-21.210652508071043,-20.84410209049559,-20.962677488301168,-20.971297106789983,-21.18918049741621,-31.157029425775818,-21.008201717910556,-20.902494399645246,-20.788763954890886,-21.77921049638178,-24.110948990736876,-29.495100148441054,-59.356474342955124,-230.3938091195644,-93.95122780901548,-22.12868563433262,-29.372795068455872,-23.628291488152716,-21.65028398435724,-20.837718665964097,-20.796766342198882
-21.05115088930318,-21.17515039931337,-21.05583872660906,-22.89411322828913,-30.360972232192076,-21.093528962796654,-22.804698968202537,-44.8186299202711,-59.03940585768358,-21.46637723550149,-21.09111880648054,-21.212952537055504,-21.21045828227502,-21.423867791633608,-31.242561468916314,-21.23237463607289,-21.143697714018273,-21.040924903650996,-22.00349490151259,-24.26929549479887,-29.425776127174508,-59.32803808996734,-225.89710608096146,-93.70269615789734,-22.34131330390226,-29.33808277499478,-23.765618572485465,-21.88329647484869,-21.0936754450356,-21.057230831928784
-20.52210856409119,-20.655254573014524,-20.518675038733566,-22.473688382591156,-30.172545717628907,-20.56078762245299,-22.388006846478184,-44.764803897324555,-60.19839963242665,-20.95393328091772,-20.570572335784934,-20.69474416272679,-20.701950496015332,-20.936275709174115,-31.216063804937605,-20.74234554660479,-20.629031880979348,-20.512284220790328,-21.53381453084256,-23.92584127324239,-29.322022862105847,-60.5245689976443,-232.33703019963207,-95.62569363143584,-21.90368113338497,-29.28008443988344,-23.400296172840328,-21.40478144536769,-20.564252696070444,-20.520683370764612
-20.742872554982444,-20.877921752066083,-20.739022813203256,-22.7383053580904,-30.34622718108935,-20.778123107256004,-22.605130240020127,-44.813288196606216,-59.26170131896381,-21.15284648182563,-20.79281536255989,-20.908766985085247,-20.92207666572278,-21.13833312940151,-31.109399744801948,-20.963956969118243,-20.853398855258963,-20.735847695603244,-21.73158408111163,-24.082102470234346,-29.557697304219378,-59.15839134546553,-232.18004640072294,-93.8040153971883,-22.08124492699717,-29.402848488683823,-23.613321192262003,-21.59914275043163,-20.78278538859927,-20.74063186867809
-20.964916200502675,-21.093002061938623,-20.966372869775036,-22.863450695511983,-30.35931386744737,-21.004384077801962,-22.755745394951163,-44.78846042455126,-59.02818586571602,-21.37620147735518,-21.008475629968398,-21.12770961510212,-21.131397999020752,-21.344535771440672,-31.189505381090093,-21.160866505801444,-21.06419556380841,-20.956087682473868,-21.928283567179335,-24.217946934916984,-29.492797610250587,-59.14548925988396,-227.85889695283626,-93.52990139894803,-22.269111924989822,-29.374082204616194,-23.73347202621113,-21.803430169844074,-21.006261441492253,-20.967813445108725
-20.707921630067023,-20.83256713730185,-20.711113226425717,-22.54414093518535,-30.206798278418745,-20.752619422850433,-22.496583768186834,-44.85591401430618,-60.2325204938262,-21.148656476784698,-20.74926820017581,-20.87836201929647,-20.872929987933613,-21.108161468716496,-31.3300986269428,-20.897869356044133,-20.800884485241706,-20.69516867243101,-21.69617172069381,-24.04658312017385,-29.182041129289225,-60.93142196030919,-228.44183646255038,-96.02264492223472,-22.05977678880558,-29.197889511356465,-23.47135661951907,-21.577055674259192,-20.752517988613555,-20.71304432096358
-20.416125789602226,-20.543190280814375,-20.416713561645924,-22.272763975027658,-30.106268116515096,-20.461217683977996,-22.249089223384065,-44.89771157911412,-61.15544771231866,-20.87452401228119,-20.46021514277706,-20.593533641273822,-20.588717989357548,-20.84040513287718,-31.38369134950441,-20.619450567757717,-20.512617989661944,-20.402176790869436,-21.43685247267675,-23.86440430016413,-29.038940266570133,-62.087672015213016,-231.43638432545987,-97.73124510780627,-21.821422359084266,-29.117446990570468,-23.242340463318072,-21.316280422523164,-20.461736536039624,-20.41905629171586
-20.513282807517307,-20.64362225109829,-20.51174077915225,-22.42140013886332,-30.143508253885805,-20.554538554231726,-22.359483727297174,-44.78851802653978,-60.476874050736576,-20.953800775485753,-20.559488727744416,-20.68718092018431,-20.689312625972775,-20.929005435746017,-31.279515923209452,-20.72516847130685,-20.61544058059045,-20.50189376512284,-21.52502123499128,-23.91943245054936,-29.22008800164432,-61.02830031054841,-231.40667386120978,-96.25736489195978,-21.898854264474984,-29.223612451908348,-23.362311515665812,-21.399611154722145,-20.556712402631177,-20.513841169730537
-20.185157816340006,-20.320500893358872,-20.179238051631554,-22.151573433704968,-30.03391763345958,-20.22481163367973,-22.09748413112385,-44.805233593066134,-61.29549408411606,-20.638160218771834,-20.236055318743222,-20.366010782478703,-20.372761115322252,-20.62647637536992,-31.28719414391454,-20.418593529532696,-20.295141633483606,-20.173695568076237,-21.234138840362466,-23.708290563598574,-29.14192509638456,-61.91711826555438,-235.4703318474372,-97.66802570952554,-21.628415509429804,-29.18455159968459,-23.130773154997367,-21.103912641066575,-20.22870822227007,-20.18170978392878
-20.709376869272976,-20.841322613414484,-20.707354314094676,-22.652992580316834,-30.262023117338092,-20.747550166584702,-22.55034653069575,-44.76760491487498,-59.6189313141206,-21.12990999003569,-20.756569922636167,-20.877488545724372,-20.88490457313464,-21.108699601413857,-31.18345236309341,-20.92224842378166,-20.814645960595907,-20.700461891808548,-21.700823025290898,-24.050327508977233,-29.42482206887388,-59.78718140347861,-230.78010825066855,-94.54941319755679,-22.057303400633124,-29.33535223059873,-23.55092447907011,-21.572409826566307,-20.75077388346051,-20.70910187812297
-20.586745758805094,-20.71678000088054,-20.58563508966765,-22.49418864500841,-30.174760376896558,-20.627639661380258,-22.424135297839523,-44.77921419918623,-60.22590261990286,-21.022160698791247,-20.632543781041917,-20.75880542429969,-20.76131945616397,-20.99650636654402,-31.26136481575029,-20.79625760963704,-20.68853293837904,-20.57580884860182,-21.590509848121453,-23.966754810211974,-29.265901050105718,-60.699645913741676,-230.78898614331158,-95.7809153796898,-21.958855543661155,-29.248852753339662,-23.423172778668814,-21.465114822940716,-20.62979597857093,-20.58762722765531
-20.79237768575339,-20.91833725064084,-20.79481933354509,-22.650728696507365,-30.24502441192375,-20.835166586224194,-22.582360812109915,-44.8075836632371,-59.807650853990694,-21.222614800815375,-20.834478569041533,-20.960311161807915,-20.95818393904154,-21.18584444919561,-31.278507122625925,-20.985001553771394,-20.88769599560022,-20.78101527729841,-21.772536821498395,-24.09968966825649,-29.288976132624516,-60.30005531198853,-228.131112146348,-95.1261043225534,-22.128643952221413,-29.260306619388185,-23.55934842370155,-21.651262405352433,-20.835798333515314,-20.796584821150287
-20.552628896042574,-20.685867406774104,-20.54923366039334,-22.50744313881604,-30.19028657385575,-20.590969896176688,-22.41658534095597,-44.76399715531154,-60.07797749772496,-20.981789189359354,-20.601125250077324,-20.724410164315874,-20.732164811468543,-20.96426137175969,-31.20417330220704,-20.772523166404216,-20.659768373367786,-20.543105689970115,-21.56108928249642,-23.946280922125254,-29.348561454532224,-60.35613731002093,-232.19301327938348,-95.39227985973127,-21.928400284339396,-29.29427807200205,-23.427917848462993,-21.43179530101644,-20.594526397084426,-20.551191492242214
-21.234533493046115,-21.352668387507727,-21.244346119769375,-23.00603973975444,-30.42092311499381,-21.2806336114119,-22.931265106060145,-44.92283184143939,-58.83959276606202,-21.650520107222505,-21.269429751452808,-21.39293455368757,-21.38232847348266,-21.591240369309343,-31.295392257869626,-21.392474591278845,-21.317644274392954,-21.222855111312942,-22.164143707672096,-24.385419171635963,-29.384364789699433,-59.27393745405783,-223.18206741555397,-93.58228783305267,-22.49145535675889,-29.31374670148275,-23.86510552429469,-22.050242746024878,-21.27839097763538,-21.24554427665452
-20.83637127143271,-20.95692237977774,-20.843109245229705,-22.623864676115918,-30.259932095617287,-20.88364736981447,-22.585804808277075,-44.93897930925267,-60.09060748301795,-21.277870251317392,-20.874361754225767,-21.004345277305326,-20.99338632637972,-21.2255156509191,-31.36481175150729,-21.01019520842169,-20.922800679667613,-20.822588194885583,-21.808437501283443,-24.131362982978718,-29.15171043318638,-60.89356798537109,-226.63928304998126,-95.95085838178196,-22.164542526907724,-29.175981224221974,-23.54051006570602,-21.693870787631262,-20.881899232664853,-20.84491782058317
-20.897557701251603,-21.018729488532195,-20.90397013031961,-22.695290227035493,-30.27994875037715,-20.94375266400494,-22.645215170176254,-44.89955648744902,-59.81144000303823,-21.332339049890628,-20.935757353925712,-21.063887685023648,-21.054695783363194,-21.281939464709872,-31.335274042753365,-21.072328932975083,-20.985092904355593,-20.884603384381517,-21.863748746321836,-24.168581403375608,-29.21754372225063,-60.49108642387733,-226.23770192948888,-95.36074882338175,-22.214940575020364,-29.215914592286758,-23.600689277650734,-21.74800452161711,-20.942376396938478,-20.905667019667998
-20.12952072011171,-20.27936179616977,-20.11566412622491,-22.338045013240567,-30.326440809623758,-20.157773089693613,-22.15816044258142,-45.11663620102581,-60.26036264514802,-20.546975480310433,-20.192971524687888,-20.304341387368513,-20.335608348225698,-20.563627003265953,-30.95878884200852,-20.40114785694037,-20.262660709695883,-20.125194849875857,-21.183562031231947,-23.701187797138452,-29.614499575724764,-59.80496059146718,-243.85061209825562,-95.6094043755908,-21.556966517133567,-29.4115949640196,-23.23537074623897,-21.035561859963536,-20.167734326169935,-20.117729866003643
-19.911625648768243,-20.05708049723609,-19.898806940710667,-22.028931395038512,-30.032301433449128,-19.944871326024135,-21.924586481378743,-44.88385417127006,-61.411112304209865,-20.356875951942698,-19.97126917509562,-20.095153028443523,-20.116189600070687,-20.368681956187245,-31.142583225788215,-20.178353322058097,-20.037992046086487,-19.903348455529684,-20.991248347194876,-23.532698907113144,-29.29607323754369,-61.57923023052385,-241.7552353972033,-97.68789525967644,-21.391709445392312,-29.26749754043435,-23.00321340538718,-20.849354525806376,-19.952798884314912,-19.901356396023804
-20.382643683481188,-20.52341726489162,-20.374132455849086,-22.45075186917871,-30.230743579585592,-20.41596464801139,-22.318890150429418,-44.84540156053171,-60.06785768445992,-20.804432296828885,-20.43788257578747,-20.55555040115736,-20.57445413140257,-20.804043307027207,-31.08974226805011,-20.62700159943281,-20.50199294996037,-20.37569997167363,-21.410340856004023,-23.845788648884472,-29.482453456375893,-59.98850297450917,-236.84154029164378,-95.23629675940995,-21.780053914988137,-29.35958703988948,-23.360517408905785,-21.272397988406297,-20.422583844565754,-20.37612363302544
-21.159527643854698,-21.280293485931175,-21.167024399018015,-22.962667523231687,-30.39483543153765,-21.203897287228827,-22.8808876424839,-44.868474741868525,-58.90583650077919,-21.574684725105275,-21.196657801340503,-21.31933221547327,-21.312437927448336,-21.52304251659937,-31.271010420025252,-21.32789983336059,-21.246865565216165,-21.148550730335952,-22.098713227140546,-24.337996903549325,-29.407364889772705,-59.269167044143714,-224.30042948557676,-93.58350841856475,-22.430419984593563,-29.32765016002513,-23.826701888724656,-21.98195861523866,-21.20273569950458,-21.16830211870792
-20.92766932784358,-21.051287903951085,-20.932268552932005,-22.759490934697414,-30.29637757033155,-20.971413946866072,-22.68920031678529,-44.83211053666325,-59.505408796467336,-21.353476328020722,-20.96760629331413,-21.092725461338645,-21.088118114443244,-21.310122143607927,-31.282766304380488,-21.110043306795188,-21.0193214003234,-20.916221293448597,-21.892418671660128,-24.187157087214658,-29.31772837123536,-59.98064203978521,-226.56224468254587,-94.63497977057938,-22.239900035059055,-29.276017921002623,-23.65304454296268,-21.773377920139573,-20.97119318953704,-20.933867712674065
-21.414894057546295,-21.53779729075147,-21.42162199606374,-23.260769697904124,-30.576546302113123,-21.455319762991333,-23.1314851454844,-44.89150156382364,-57.911856166623096,-21.806028630255955,-21.4534779745851,-21.56765852969243,-21.56743232474096,-21.759071412289583,-31.178758302733733,-21.585209143290275,-21.506452184530318,-21.407124359800346,-22.330136039266993,-24.51998576902165,-29.67779594288327,-57.818311866163754,-223.83722637248806,-91.54749443127527,-22.6411751550923,-29.4811267282469,-24.074831411171978,-22.209253723721517,-21.455534212539312,-21.422442942888644
-20.35436337460638,-20.48668950193348,-20.35097566214716,-22.28382703877925,-30.086728552290857,-20.39522679381599,-22.229328295692653,-44.797759877130034,-60.911034419847,-20.80222379515678,-20.402504420488583,-20.531800597450165,-20.53541510702791,-20.78270786845185,-31.292526611023042,-20.575439664958033,-20.459569905288774,-20.342700594342194,-21.383980911834055,-23.817411656612123,-29.166407344786535,-61.53168818168436,-233.20562112916338,-97.0274178024875,-21.768297071944637,-29.19533880687855,-23.245222707650534,-21.256821263429494,-20.39803933169309,-20.353271916219814
-21.056979981304398,-21.180928437306584,-21.0617243522538,-22.899500469709,-30.363693656642937,-21.099355584572177,-22.809668833539774,-44.81934193146938,-59.02304836901436,-21.471892207849386,-21.096894998341515,-21.21864569668545,-21.216129968275236,-21.429230671655432,-31.241971671286876,-21.23792242756416,-21.149453182540444,-21.046776107529887,-22.00869918260667,-24.273152364640964,-29.42867436475035,-59.30763250253601,-225.8472298282701,-93.67277670231263,-22.346112240599165,-29.339743126655055,-23.770202483746854,-21.888532929177625,-21.09948786045513,-21.06310808754369
-20.991980726319618,-21.121019374335503,-20.99287884156708,-22.906618488128302,-30.392736256813272,-21.03039945948615,-22.787899780731767,-44.79748475360013,-58.865545515366954,-21.398850206158897,-21.036358992876302,-21.15372589800079,-21.159423731620297,-21.36934903567679,-31.164450194978876,-21.190295327753308,-21.0929337975032,-20.983867466614647,-21.95299322661973,-24.239326791192017,-29.545940871827483,-58.88175988025635,-228.15615696940804,-93.18836537114603,-22.29070621213419,-29.402375293778547,-23.767420702526017,-21.826811727229984,-21.032752879197737,-20.994253593135785
-20.209595910228597,-20.348652833711242,-20.201412373610147,-22.23762062888188,-30.085739463622584,-20.24575808997953,-22.147258179387112,-44.79491292104547,-60.851577291134504,-20.649504993520953,-20.26347294995639,-20.38813067356222,-20.401800931513712,-20.646637098782577,-31.188930707596924,-20.453139185912047,-20.32587646246939,-20.200342795436306,-21.256274413153665,-23.72381373171587,-29.29048688881185,-61.13757272702919,-236.78355144689334,-96.72612382608948,-21.643057752822017,-29.264075280366015,-23.19221198467065,-21.121185647069858,-20.251366980548454,-20.203725850284435
-20.336805950153654,-20.47460575104889,-20.32981455011991,-22.352108230745305,-30.137171073102493,-20.37298484119347,-22.253836150346554,-44.784237001590824,-60.48358384950219,-20.7701904769645,-20.38945984994405,-20.512443171817704,-20.525534422256136,-20.764010239920065,-31.17350052068199,-20.574211143585416,-20.45120529924669,-20.327928129560135,-21.36940781298449,-23.807334745465475,-29.342528788835313,-60.69714745186377,-235.45832365852183,-96.05555324091512,-21.74771762185204,-29.29067753152151,-23.28909765858365,-21.23535195164308,-20.37823915840817,-20.331971545855083
-20.351459742013414,-20.48809074983651,-20.34523267084445,-22.34852109461192,-30.126958114006726,-20.388526520615937,-22.258341383744586,-44.776055416819204,-60.53142175122876,-20.786992203069882,-20.403100396679285,-20.527232559436225,-20.538441447491135,-20.778124056502417,-31.195482450667598,-20.58528292176848,-20.46392999995511,-20.342080049600806,-21.38233425274459,-23.81571640441637,-29.312655520826397,-60.8176132794532,-234.83489425065352,-96.17093265519634,-21.761205500851226,-29.275294570648192,-23.289257358980667,-21.249683643526907,-20.393283411281608,-20.34740359735556
-20.439285069795254,-20.569768688587676,-20.437429469519117,-22.345677598793525,-30.113281974686494,-20.48106029760401,-22.293314494785637,-44.80429225224778,-60.74886662060504,-20.885504710373983,-20.48578879171148,-20.61509467032812,-20.616544986599404,-20.861091010831785,-31.302310320435495,-20.65304467202831,-20.54154251925676,-20.42735128444184,-21.459048464310484,-23.8724863095955,-29.168696902200377,-61.392121424305515,-232.0082987621015,-96.78149109936395,-21.838609803879784,-29.19513523138393,-23.299308928215407,-21.33383849356026,-20.48317593737255,-20.439643380261366
-21.076827893186348,-21.200185217184472,-21.082078631274115,-22.911941483795786,-30.369381911944267,-21.119566678026857,-22.82358960218383,-44.82711621865009,-58.998791325568035,-21.491736058182894,-21.11622021355655,-21.23813830702908,-21.234817345293745,-21.44742860096009,-31.24735852420596,-21.255443980799996,-21.16834615877519,-21.06648534718691,-22.026157530200692,-24.285705540512325,-29.425120719336405,-59.29761221523387,-225.54523210583685,-93.6500974131353,-22.36249060958693,-29.337799214530158,-23.781372846110084,-21.90662280966844,-21.11945979107997,-21.083442167814905
-20.305373562152614,-20.443203811178403,-20.298254983727944,-22.319193863287037,-30.119668111179937,-20.341788460907463,-22.225351758239476,-44.78399698004225,-60.59858011445541,-20.741156209941007,-20.358090254911517,-20.48185687942298,-20.494597265969226,-20.73517897761642,-31.18370605964025,-20.54352156133425,-20.41976993514047,-20.29625382226706,-21.341420661851615,-23.78629141581459,-29.319732604318855,-60.852238688065455,-235.65022255413746,-96.27229943553503,-21.72225354515328,-29.278972575795173,-23.262124600962885,-21.20746280904317,-20.347006239493787,-20.300459738696954
-20.643534416352633,-20.77334905699127,-20.64274935855567,-22.55071194012877,-30.200325069804208,-20.68413893898366,-22.47430187888294,-44.77431646787222,-60.03342087797131,-21.075012588321837,-20.689038597435783,-20.81417084192365,-20.817003460467166,-21.048707599333532,-31.24764132734986,-20.85125492841971,-20.745064204954232,-20.632954312582722,-21.64117699748575,-24.003721366217277,-29.302015187723875,-60.44666916089932,-230.33457204793487,-95.41530393723653,-22.00528103322659,-29.268752133244597,-23.47043973839498,-21.51577414987907,-20.686288294723184,-20.64465731750532
-19.760034615709934,-19.90366678858361,-19.7476740911766,-21.835231383237478,-29.924003582132308,-19.796136821850762,-21.772967866457385,-44.87828260311271,-62.199991553567756,-20.223457248181745,-19.818388925296407,-19.948864337453504,-19.964609323982046,-20.2320866939253,-31.25485922387137,-20.025346089337752,-19.883201781258542,-19.74950893861851,-20.857436515500975,-23.43376113660821,-29.11710358244177,-62.74146710861662,-241.83304425916018,-99.18414120635389,-21.274299273832327,-29.179341555130144,-22.85301630219229,-20.718442683352322,-19.803028930134065,-19.750524744789825
-21.260052273798376,-21.3813907012355,-21.267422974123384,-23.075635531069963,-30.45389829570294,-21.30309383879909,-22.977056144796837,-44.86262589543503,-58.52217125064047,-21.666184000592345,-21.29744148782971,-21.41718789783546,-21.412436245170767,-21.615876942980595,-31.237559140434694,-21.428370304183677,-21.348569950448425,-21.25020170383679,-22.18957250437847,-24.406759247377522,-29.504315558442755,-58.72083928859362,-223.90042877875234,-92.80098325983334,-22.513411863208418,-29.38381932443626,-23.921401042536107,-22.071530235976436,-21.302347600774926,-21.268526317748474
-20.123642976399186,-20.256796968489834,-20.119048534143904,-22.053125214947247,-30.006254429907106,-20.16584912068374,-22.02642417394242,-44.8655666059542,-61.7612721407295,-20.588808187399046,-20.1730645162475,-20.30699375158741,-20.309051276258714,-20.571213498672734,-31.36420462338765,-20.351672553163834,-20.229807106063518,-20.110464767078952,-21.17895591533824,-23.67471456145862,-29.020804267916503,-62.64896041771255,-235.36707595018186,-98.64999379186483,-21.58105490634141,-29.115945072308342,-23.05354153843868,-21.051945346254517,-20.16863814515302,-20.1216868474595
-21.429674090365364,-21.548376522098234,-21.43965061828499,-23.216998512048054,-30.52900263391406,-21.47369272416186,-23.113969597408165,-44.9177090036242,-58.143625430450264,-21.82958897957146,-21.464574183470972,-21.583093629468742,-21.575634883907057,-21.771471373971814,-31.24281168815808,-21.58572662807048,-21.514143302841937,-21.4199075393608,-22.34040648177756,-24.517875253451933,-29.555595923812064,-58.29698813941241,-222.22143896439542,-92.17343478176517,-22.653015143627684,-29.41470054825549,-24.043441893212137,-22.224639101996345,-21.47199923272195,-21.440517509024517
-20.220112980620083,-20.35191346147601,-20.216726413118632,-22.134611979293194,-30.036956939413592,-20.26266668656673,-22.10416364003155,-44.85466320051371,-61.498093099945415,-20.681059366137415,-20.268242312002762,-20.401328184083283,-20.40227284634186,-20.65994577089399,-31.356173590847707,-20.442140972973117,-20.324176785330273,-20.207027021943905,-21.264296958475736,-23.735722735978193,-29.047502813058536,-62.352079946628365,-234.17980123004898,-98.19117420585115,-21.660064195136762,-29.128909080746112,-23.122695109396282,-21.138550615181828,-20.265007249351996,-20.2192517546843
-20.531201810205925,-20.655990851207637,-20.533816409306624,-22.362033639558465,-30.148679413884423,-20.577328365713075,-22.337896468896194,-44.918881183557815,-60.90466276279322,-20.986429094981954,-20.573287083535046,-20.706152810505593,-20.698831727908598,-20.945949525392276,-31.387677648092996,-20.72494011884107,-20.624119109435945,-20.51703321182895,-21.53827485105378,-23.938562498577905,-29.052831907123256,-61.83839764617293,-229.99998443311384,-97.34834171749422,-21.915479028476494,-29.122344281293156,-23.31843756408756,-21.420030303020265,-20.577007195126683,-20.536029711222717
-21.00021419400691,-21.11387840293284,-21.013061657728517,-22.711014039695876,-30.355871239373926,-21.052225930886447,-22.69108154034712,-45.15379464990994,-60.02728397282536,-21.44664269179697,-21.033055392361664,-21.16478432576184,-21.144108977858398,-21.373303206789288,-31.428345344219004,-21.14701076345361,-21.075910942679542,-20.984371570773295,-21.949492337263944,-24.243626982899606,-29.07211795833333,-61.03995893133613,-224.50086694125008,-96.23467591873803,-22.294946967878246,-29.117950335717424,-23.612771973509943,-21.84285342036804,-21.04767786718751,-21.01471352694689
-21.39346800199798,-21.515212757933476,-21.40097837507849,-23.22141031355936,-30.542545420038728,-21.435081824403092,-23.102904746271335,-44.8843008608492,-58.056521511515,-21.78884231378312,-21.43102767366999,-21.547104465750035,-21.544584663140565,-21.73905224785781,-31.202033140335757,-21.56044860785404,-21.482997637673865,-21.384932862167112,-22.310040376631225,-24.50074309164644,-29.623156510245877,-58.06331299472589,-223.43803904673524,-91.87211436660118,-22.623571401307366,-29.45151701228324,-24.043582816756803,-22.19072289860329,-21.434729321418132,-21.401855533771357
-20.537723957408502,-20.671664080174864,-20.533823266159782,-22.502772811742613,-30.191738570969257,-20.575575297392014,-22.40823434379966,-44.76521878465948,-60.0732429550307,-20.966111739330458,-20.586836015428965,-20.709618712585748,-20.71842891671032,-20.950304607014058,-31.193707992389516,-20.75998143175714,-20.646017690980873,-20.52844920205061,-21.547955976510597,-23.937169557282377,-29.361296956379352,-60.31782297169353,-232.57636858323812,-95.36432748272469,-21.91554560340629,-29.300976721770944,-23.42246891421412,-21.417848066271958,-20.579424340562376,-20.5357843473091
-20.65534163491093,-20.784694560350236,-20.654917303187542,-22.556234445703176,-30.20229731566348,-20.69625779653634,-22.481720568781633,-44.77772346450554,-60.02886313033792,-21.087162232731416,-20.70044831856912,-20.825822126210785,-20.827986276699164,-21.059636583539092,-31.253406352075224,-20.86139643088001,-20.756113965207913,-20.64461631066854,-21.651544752542154,-24.011261763250943,-29.295620499510868,-60.46029693998462,-230.10128822967562,-95.42317286787991,-22.015201068232635,-29.265103859014964,-23.475795151440643,-21.526669102824446,-20.69821590649385,-20.65681851399721
-20.58123445155892,-20.707213309925635,-20.583071060687026,-22.430183522784418,-30.160687667711244,-20.625835580728886,-22.390891056179598,-44.86154873030807,-60.60223181280851,-21.02872145880557,-20.62396609920933,-20.75462153458168,-20.7499658996076,-20.991870718736884,-31.346295906282712,-20.777937267628463,-20.676197237285926,-20.56811222457539,-21.583659440090752,-23.966395355458022,-29.128524348520138,-61.380934034755136,-229.76590898860917,-96.68974404133337,-21.956115875863688,-29.168076123931044,-23.374808390504423,-21.463539768911154,-20.62613470830733,-20.585174936020948
-20.165699427556483,-20.299155674274488,-20.16100562361131,-22.101973799344375,-30.01980577444379,-20.207240416186032,-22.066478323701368,-44.84104597343385,-61.558108779324556,-20.626219371717077,-20.21521162755241,-20.347805013088742,-20.35095374474732,-20.60954628706861,-31.339688587107617,-20.393850623125903,-20.272453172195238,-20.15304627890739,-21.216412497579263,-23.699260555460096,-29.062574714078146,-62.359882862248625,-235.0692648623289,-98.24243045370625,-21.61470071119494,-29.13942815471769,-23.093358746213312,-21.088765510988456,-20.210242191407414,-20.163567392734354
-20.729690645721597,-20.861955753274334,-20.72752887900077,-22.679522681207082,-30.279694197950413,-20.767420450553093,-22.571411388011065,-44.77155176736625,-59.52169736468801,-21.147831742671446,-20.777141289136313,-20.89713465731251,-20.90536598971668,-21.127277628520396,-31.170937191498695,-20.943088676779823,-20.835539108840074,-20.72110936443525,-21.71909718676894,-24.06492487561955,-29.451436270223496,-59.63999486356039,-230.82154711405573,-94.3551344714023,-22.07357477138945,-29.34941968955553,-23.57211028518014,-21.59018707576129,-20.77082049349577,-20.72923588979357
-20.741906739427307,-20.87423542630209,-20.739746345973927,-22.693463538714784,-30.28848425251876,-20.77948239898574,-22.583112672279402,-44.7737322690143,-59.47381984386779,-21.15895737439584,-20.78940220387514,-20.908999686960147,-20.91749354123866,-21.13848963215047,-31.166124010545857,-20.955238584504826,-20.84788671874133,-20.733458586999348,-21.73004877848753,-24.073502698888696,-29.463061074586683,-59.5716662123841,-230.79224089869015,-94.26220303074513,-22.08348010386735,-29.355570548193185,-23.583473132410408,-21.601000811110236,-20.782930336655063,-20.74143244384068
-21.271294955762663,-21.3920813262252,-21.279127242619374,-23.079763928798165,-30.455269321537102,-21.31473608846117,-22.983403720474083,-44.87074766571054,-58.523638128601945,-21.677938578503785,-21.308206197256926,-21.428271359043805,-21.42268075122315,-21.62608883675729,-31.2440841600116,-21.437543542879073,-21.358907278681816,-21.261258118147886,-22.19929591121415,-24.413390505333457,-29.49567927464725,-58.74366135844446,-223.66724360366737,-92.82822035326492,-22.522620746238637,-29.379025947532753,-23.92547733712062,-22.081875353974812,-21.313754542621965,-21.280221794861962
-21.38110804046422,-21.498332533460736,-21.392108419371187,-23.146714848530234,-30.490912106621067,-21.426828718313878,-23.05899319554019,-44.93990678039384,-58.405444619387445,-21.788157970486395,-21.414912827696746,-21.53600460789434,-21.52544067603697,-21.726009930550486,-31.275742200699057,-21.533039326379864,-21.462998132030396,-21.370197440521256,-22.295398400063075,-24.482003183142044,-29.471487242375737,-58.71012982943033,-222.06719801042226,-92.76432792170993,-22.612211776353032,-29.365577486440976,-23.98495931003974,-22.18175095655566,-21.424389198302602,-21.393077474494728
-20.268144313342162,-20.40031146558516,-20.264626968685175,-22.190579615639344,-30.053293173446036,-20.309925049945424,-22.150098306581075,-44.827654238041404,-61.26810326129178,-20.723796874400765,-20.31639649966434,-20.4479476387949,-20.45016466979334,-20.703785475249628,-31.328782082293642,-20.490391278208115,-20.37291627607597,-20.25566609894692,-21.307154292879478,-23.764110644722304,-29.095938105399608,-62.023849269395456,-233.85500850417452,-97.7275955250065,-21.698615293978037,-29.156318258472936,-23.168446326814028,-21.180656570243208,-20.31251686752352,-20.26706476215385
-20.40190809552108,-20.546271680743942,-20.3916931589442,-22.5326880034849,-30.356614725645215,-20.432271223783022,-22.365042709422536,-44.985249149665115,-59.73004198873483,-20.81329823850625,-20.460433349085122,-20.57233476252543,-20.597660844810218,-20.818837623165862,-31.002660472787483,-20.654608396560853,-20.526909837428164,-20.396947068322167,-21.42726279368575,-23.874168280843953,-29.624071106686152,-59.35628350709261,-239.1466612099398,-94.6095732735985,-21.788930303819647,-29.42367020362707,-23.41438574512062,-21.284836649062782,-20.440403412904807,-20.393537456890638
-20.49108830278674,-20.63283095423337,-20.482532092152503,-22.582654926285038,-30.341787569580916,-20.522819126810372,-22.42625972797538,-44.91716598197205,-59.6188100033431,-20.902525321445264,-20.547209660582435,-20.6604977801894,-20.68241447299178,-20.902860880719157,-31.035435591831394,-20.735387086047144,-20.612090793622574,-20.48549884145893,-21.5070428826622,-23.9271918353054,-29.599081345606432,-59.33134560176524,-237.09710953092093,-94.40439937861707,-21.86620121219814,-29.415405574712274,-23.46456921224776,-21.36745397036662,-20.529993997002375,-20.484326318104358
-20.508620091148703,-20.649635934811293,-20.500507335028292,-22.588934198591215,-30.332870748318197,-20.540792424701245,-22.436615841927104,-44.89752462697007,-59.612769173576105,-20.920594529750904,-20.564071380102806,-20.67793581949903,-20.6988112004823,-20.91950569305399,-31.046484030174177,-20.750709176808005,-20.628493199569615,-20.502798450043596,-21.522713402789236,-23.936768045346625,-29.58678917704355,-59.35787760729471,-236.5645019550447,-94.39538795432281,-21.881720677812876,-29.410394435239247,-23.472224701433248,-21.383943308130654,-20.547687793124993,-20.502297991313533
-20.77878556492185,-20.895896898203137,-20.7881686294483,-22.523013158413153,-30.269712618320213,-20.829640476023172,-22.512784907090627,-45.10452460398066,-60.59830207457628,-21.234726279940283,-20.814842181933038,-20.948593798713265,-20.93119918640095,-21.171486612030073,-31.442941105010142,-20.94187975295199,-20.859682876550934,-20.762784978176693,-21.7540643461699,-24.105122657093204,-29.00499896551168,-61.70153679726822,-226.8385300366835,-97.17371248556994,-22.1156149340808,-29.081341794955023,-23.454264382016717,-21.644440004862794,-20.826284618626108,-20.79013523750544
-21.3520395997405,-21.46492674603486,-21.366546639830084,-23.063197375680613,-30.47348392436568,-21.401834663043005,-23.003844053470623,-45.0704929716357,-58.80915065416299,-21.771826171632977,-21.382748577234704,-21.5081143164016,-21.48984442309206,-21.696761557585905,-31.34581938134145,-21.489251669824775,-21.42682571532012,-21.338752906851774,-22.26520518376455,-24.4602685249736,-29.319632571888484,-59.40734845670963,-221.44307773763512,-93.81480143695819,-22.584987526010934,-29.27215905382227,-23.91428021304712,-22.157143186247026,-21.397413909780575,-21.367618717369805
-20.483207188673216,-20.616845358180548,-20.479324520766703,-22.44025934980583,-30.15791603160886,-20.521781636100396,-22.35615554664012,-44.766034305425805,-60.30048123112329,-20.916737729130688,-20.53214279723174,-20.656689526184852,-20.664275749455115,-20.900384735595342,-31.21813695643564,-20.705684051031604,-20.590885775843585,-20.473322256199936,-21.499223318645633,-23.900470952567268,-29.30919937459242,-60.641448080139526,-232.77276045551233,-95.80728587785373,-21.871575684526086,-29.27326150587092,-23.37168166627857,-21.369751192570554,-20.52540589345633,-20.481379702795884
-20.307214197837563,-20.446010448309735,-20.299526569307,-22.337160022009716,-30.137358660274913,-20.342785495815733,-22.2344160423724,-44.79377497047326,-60.50688770724437,-20.74012502352536,-20.360756822368476,-20.483188317597858,-20.4976618431496,-20.73625117605398,-31.160446788987542,-20.547984036364078,-20.42322125201016,-20.298623370907734,-21.34312232151063,-23.788891251856704,-29.355196958257693,-60.6812180194933,-236.10620625050493,-96.08123102390343,-21.72229206074523,-29.2969889408432,-23.274094312385834,-21.207945745247006,-20.348433871931988,-20.301697542019284
-20.527391359502516,-20.655785880343497,-20.52728616023109,-22.407766078805633,-30.142011190862124,-20.570278691424974,-22.358614801803174,-44.81978701326964,-60.59581753570452,-20.97237526669258,-20.57206700545202,-20.701529346810553,-20.700419711649403,-20.942295567494998,-31.315626049132987,-20.73289279518181,-20.626297200290992,-20.515088867848213,-21.536794932288956,-23.9298023406925,-29.166244448886985,-61.27306958640183,-230.7570181494571,-96.56786102963572,-21.911440224046217,-29.192021862234398,-23.353678320230706,-21.413825655811106,-20.57158862954343,-20.529415728904574
-20.85840919835106,-20.9801334497417,-20.864277777695225,-22.66182385635562,-30.26465438198419,-20.90444191858926,-22.613397377610838,-44.89406245867835,-59.911657296655704,-21.294880618187545,-20.897139925002293,-21.025626578903744,-21.01693040154014,-21.24606289771746,-31.33718763170109,-21.035786236373184,-20.94679037480398,-20.845409751084272,-21.82904298671464,-24.143558893011623,-29.204769833527635,-60.60696305704721,-226.6521554920968,-95.53163190717217,-22.182917611001987,-29.20877818646896,-23.57218729060454,-21.71282129668509,-20.90325478439188,-20.866027497402413
-21.18759543971116,-21.305654006822465,-21.197328928552114,-22.95630696444754,-30.39915657833864,-21.234148374544734,-22.887972430978955,-44.92990948559137,-59.0085974969899,-21.60741459976036,-21.222573977663323,-21.347175972870392,-21.335918928818714,-21.54794551629703,-31.308164248968026,-21.34618128639725,-21.270496228827753,-21.175487660136742,-22.121846223791845,-24.35469701383974,-29.345483952187344,-59.50796893085047,-223.4812261262628,-93.92333293946788,-22.452660579957737,-29.29048265860576,-23.822936901131484,-22.008322580769573,-21.23180251518697,-21.198605597705743
-20.473244630362995,-20.61324397667652,-20.465516192745486,-22.53406275437363,-30.275972453451054,-20.50649653060451,-22.396011187092387,-44.85073037676993,-59.81091369969781,-20.89034174428853,-20.52776167264319,-20.644061908107613,-20.66273962408448,-20.887748602077256,-31.079423328473524,-20.71356684380242,-20.591455477516394,-20.46662180277798,-21.49114092047606,-23.907375377514988,-29.52397489211972,-59.67609676431841,-236.03453470776347,-94.7668034933524,-21.854772763688317,-29.380748622044067,-23.430930594445403,-21.35377421680373,-20.512913793990013,-20.467393303285956
-20.69129118045773,-20.817037113480666,-20.693603343844035,-22.541924608646838,-30.20122495876128,-20.73513990783359,-22.488991298543286,-44.83310484740947,-60.201493074465375,-21.130298873822603,-20.73350236164205,-20.861891918684105,-20.85817125803119,-21.092929695935712,-31.314164328881688,-20.885155078242274,-20.78605933906025,-20.678972391828008,-21.681931154301818,-24.03513088410818,-29.204667274125704,-60.84540624479912,-228.81987042885635,-95.9098470989448,-22.046016892353965,-29.21187433653684,-23.468545165443086,-21.561485867760993,-20.73551179302618,-20.695535865017654
-19.97667335647348,-20.114534577537235,-19.968501981266723,-21.970465486407317,-29.966203620346896,-20.015948723638306,-21.92680011750792,-44.84214994365182,-61.89445807378167,-20.439740088816365,-20.030026998996682,-20.162195753843275,-20.170625313234996,-20.4344175838283,-31.311122048049107,-20.221569763426785,-20.090517989030346,-19.964813763084194,-21.049394628662988,-23.57570045585033,-29.073033444118312,-62.61180810740206,-237.96449505275456,-98.74208406716947,-21.457407944306617,-29.150467119754445,-22.977340661712052,-20.916910404242795,-20.02062462819146,-19.97121976965045
-20.65205172337889,-20.7868479351365,-20.64801235754986,-22.637771050270537,-30.27722119252659,-20.68823165595614,-22.519593536814753,-44.785091161104496,-59.59411086518783,-21.069387436258914,-20.70180277300755,-20.820505120907495,-20.832255498594133,-21.05495806686857,-31.14030191734499,-20.874385765130118,-20.761995788830262,-20.644161309176802,-21.65029015938148,-24.017252921155634,-29.478768883063886,-59.62445577094314,-232.4067559162598,-94.43459967121012,-22.007565877842666,-29.36225721708316,-23.531371206932093,-21.518585062855482,-20.692644051387408,-20.649770296614875
-20.546200754144486,-20.674207481707693,-20.546431450322814,-22.42193265974792,-30.14850689054922,-20.589273448708564,-22.372981743421036,-44.822612345511345,-60.557797269234996,-20.99074341362068,-20.590530911712282,-20.7199589240077,-20.718404617928137,-20.959601780174054,-31.31715810674178,-20.750108770553823,-20.64449024257535,-20.533851431204084,-21.553409827638745,-23.94197474282501,-29.1677888759323,-61.23757920788976,-230.51014520730251,-96.5099572701892,-21.92692819205462,-29.19256728159921,-23.365935203703742,-21.430841401047346,-20.59043777985506,-20.548540966696418
-21.384798530145154,-21.505590226836183,-21.393001538480128,-23.198790171776995,-30.523942873261436,-21.427323556814695,-23.087833705109958,-44.88725678319062,-58.14858038138772,-21.783052313572878,-21.42153660012453,-21.538895369814178,-21.534597745041335,-21.73079349330223,-31.21923255548799,-21.5487980983339,-21.47268825774659,-21.375709100149514,-22.301547579213683,-24.49187056494447,-29.585747547498396,-58.2266909895056,-223.12039569184512,-92.09091834541591,-22.616360124442767,-29.430924288826375,-24.025814417573205,-22.1834619505875,-21.426519378737687,-21.393909394200076
-21.31778980044273,-21.435079483555384,-21.328539757314605,-23.081690250134347,-30.458725710522287,-21.363964101215334,-23.00152780943126,-44.93882976849639,-58.614667831174486,-21.729477391425664,-21.351808892852322,-21.47425005007868,-21.463105180295237,-21.667634078744715,-31.288933217426745,-21.4711874512443,-21.399661693711376,-21.30638332831753,-22.238399960259837,-24.43974315044348,-29.42368649338941,-58.995231951803326,-222.46151084464017,-93.17775349885372,-22.55985842265,-29.337090507946467,-23.929707772870863,-22.125053793747984,-21.361461437565165,-21.3296129337903
-20.384761839848895,-20.51913502143206,-20.38008473128824,-22.347632030757513,-30.116010905002447,-20.423527898069786,-22.27183299448005,-44.772822852161596,-60.60664008564271,-20.82410135977695,-20.434470762841293,-20.560597088542934,-20.568229228314816,-20.80977655582599,-31.235440097182945,-20.61138195156896,-20.493491084547323,-20.37445158085781,-21.411609113037468,-23.836211288706902,-29.259508986826273,-61.02497989714097,-233.6911046420025,-96.3732314485097,-21.790926287920346,-29.246881790434486,-23.29385331454508,-21.28166770022249,-20.427322553594916,-20.382272588555548
-20.741199802545196,-20.869975908836054,-20.741446153124784,-22.63802387017994,-30.24029809372754,-20.78190346896094,-22.555882204497053,-44.77588424142361,-59.762515353553496,-21.167809312923886,-20.78566975086003,-20.909616992303345,-20.911819549623193,-21.138628543775393,-31.238627278750677,-20.94377120466603,-20.84117117295766,-20.730884355626987,-21.728106806245584,-24.067443647547087,-29.342349858442674,-60.12136117456702,-229.35321020247596,-94.9270007824725,-22.08562814798121,-29.290926476563186,-23.54471964567547,-21.603525932633342,-20.78373800262938,-20.743225755510295
-20.22851272174647,-20.361805293581387,-20.224103530890027,-22.165744889721935,-30.04160363923164,-20.26962973649448,-22.122132689512966,-44.82078971816054,-61.31931019498208,-20.684111309315703,-20.277722909825226,-20.408981318446152,-20.412668136986724,-20.667087012110784,-31.31838315544084,-20.454960815387786,-20.335110210964018,-20.216306132656584,-21.272222467999832,-23.73790981175412,-29.10422725798727,-62.0431403531358,-234.4934765150534,-97.7845192222485,-21.665579348075255,-29.16211838937404,-23.146179893008757,-21.14445539193732,-20.272666753312965,-20.22657045654608
-20.834035909673442,-20.959505293398603,-20.836964598399852,-22.687417188197244,-30.261750308847358,-20.876911210598465,-22.61685539129872,-44.81014745999731,-59.6956258853979,-21.262290141134564,-20.875651207312476,-21.001026676354673,-20.998541322656195,-21.224141949963826,-31.27545061403876,-21.02426965551203,-20.928611705834605,-20.822765592888846,-21.809583171827587,-24.1266695584447,-29.305107261233793,-60.16698237651456,-227.70624219472268,-94.92727700600086,-22.162873934775934,-29.269343076700878,-23.59062455814577,-21.688707151178647,-20.877385967909543,-20.838674438018483
-20.55047110591221,-20.686938912184253,-20.545045804786852,-22.557228532362046,-30.24464701415192,-20.586044575839985,-22.439280402781904,-44.7907571439058,-59.81879403238737,-20.971037037973783,-20.601775504072545,-20.72091113116421,-20.734351466307253,-20.960826411999573,-31.134409068661313,-20.779651556366325,-20.663017085438753,-20.54263127045761,-21.559811325637508,-23.950893890582567,-29.458894438708338,-59.853895926927336,-233.72170369873442,-94.82688441297658,-21.922811668376035,-29.35087230769003,-23.460664469475073,-21.426484403974325,-20.591041675775266,-20.546912684316087
-20.125692830703393,-20.26599054384601,-20.11648895837168,-22.169007297424262,-30.059390619734103,-20.161496410821176,-22.0801799384664,-44.80823319262855,-61.06018593015139,-20.56875232472727,-20.18072500174899,-20.30594375750227,-20.320712211789964,-20.56893957446955,-31.189975444350964,-20.374384060074362,-20.243900997170723,-20.116412667004425,-21.1817192868862,-23.66935748994846,-29.27121185729836,-61.360817553502784,-237.87083835934388,-97.09659841938321,-21.573433840826354,-29.25450641468226,-23.132867726442395,-21.0454229657204,-20.16751950063237,-20.118890882918944
-20.569885618714576,-20.704694475809283,-20.5655434755924,-22.55079648352993,-30.224808335823337,-20.60671827598049,-22.444289881686885,-44.77259314112577,-59.884351759775384,-20.993413550737365,-20.619711716102497,-20.74054620147308,-20.751298063329745,-20.97946700207287,-31.164687790834268,-20.79398818567159,-20.679700007839383,-20.56133293100401,-21.576867259833776,-23.96047501072535,-29.41601474906506,-60.02026466088486,-232.79990957231766,-94.98381789038619,-21.940701331711978,-29.329538066381545,-23.45984377169851,-21.445522104873078,-20.61100842322625,-20.56742915752214
-20.289447831639354,-20.429476194257436,-20.280985945413565,-22.338902115062844,-30.15063393580749,-20.32412286932241,-22.227665933240957,-44.81062697499564,-60.46627305511251,-20.720315996530175,-20.344076585664773,-20.465303355206977,-20.48172273846635,-20.71911919300338,-31.137602592988344,-20.53391565849571,-20.407460933216935,-20.28136439297832,-21.327335223774767,-23.7790866661511,-29.385356013194684,-60.566497170531576,-236.83373859098407,-95.9861275799761,-21.705954894778742,-29.311855234963033,-23.271852466160674,-21.19069728579137,-20.330283685172077,-20.2831443399893
-20.484606065248734,-20.6242366585521,-20.477123084950936,-22.539923480055755,-30.274388443848153,-20.518070291691075,-22.403545105888107,-44.84386864696684,-59.79998854134046,-20.901815086423735,-20.538785490071387,-20.65530068286106,-20.673475416711764,-20.89843273805123,-31.084256354769416,-20.723717881589064,-20.60223606931207,-20.477883165433884,-21.501272178676917,-23.91416496690302,-29.519625277973663,-59.67883686597003,-235.77016462372168,-94.74973393798004,-21.86459782858592,-29.37895615549229,-23.43691349490709,-21.364312184903575,-20.524346057375308,-20.478994396533896
-20.773101371689375,-20.894465625075775,-20.779023196402974,-22.568649291408903,-30.236291208545488,-20.820192910370928,-22.533904252557207,-44.934311506784,-60.26274562765378,-21.217617717153274,-20.811896805629743,-20.942536873887523,-20.93223199235193,-21.16756648911217,-31.3702708310039,-20.950873212897076,-20.86076573586663,-20.759202310021728,-21.75235021196922,-24.091390026016427,-29.128652732855294,-61.09760547928514,-227.30723731543463,-96.25059473333262,-22.112883115670424,-29.163047478890867,-23.49364894663344,-21.637117556777376,-20.818712790727112,-20.780918925260153
-21.1659470194433,-21.288922828683287,-21.171768865795084,-22.99998270180035,-30.41559560989327,-21.2082970271157,-22.90252723681624,-44.83573464183735,-58.72161898101568,-21.575072101240913,-21.204862754243212,-21.325077697901467,-21.322119938741658,-21.529486251714175,-31.231942218833034,-21.34155179435319,-21.257017259673486,-21.156148578519833,-22.10601777347846,-24.345516403446872,-29.482618835116206,-58.932120895293224,-224.92895110976463,-93.12272694566315,-22.435870358704598,-29.37077109501329,-23.855793146559293,-21.98646728050272,-21.208154529102984,-21.17299541245119
-21.09202060461445,-21.21622585553416,-21.096685427817757,-22.939940204656423,-30.385781319135205,-21.13388110159094,-22.84365075316663,-44.81817123334491,-58.883136115328305,-21.503621144357595,-21.132087750638924,-21.25271838078913,-21.251062944214123,-21.461544539427713,-31.228533017726647,-21.273107391978122,-21.185005017085604,-21.082239016026694,-22.040337579408906,-24.297312316813514,-29.464368464688558,-59.105540495710734,-225.73888240477396,-93.38860236172496,-22.374891034799273,-29.3599721144736,-23.80377236115481,-21.919659355297988,-21.13418575669995,-21.09800734877671
-20.121403741176938,-20.25798391286012,-20.114484340867858,-22.103571739669526,-30.01560026704585,-20.160517723257428,-22.04862473795035,-44.810326095028984,-61.43122922290293,-20.576017952720047,-20.17341706122938,-20.303486411560847,-20.311588299551108,-20.567480360257342,-31.282742875495156,-20.35972482268791,-20.23335831928034,-20.11007464504617,-21.17768589255404,-23.66708360940947,-29.136868268101992,-62.04371913810228,-236.38069968958644,-97.89091989240882,-21.57550234409749,-29.182939780144046,-23.088869394325737,-21.0461641134162,-20.164866042195982,-20.117016700571774
-21.03976208079266,-21.16541015142052,-21.043199059814295,-22.905954661685943,-30.371669919065653,-21.08077008116614,-22.8062930890063,-44.803269022359714,-58.95468482545281,-21.45164252379984,-21.081127626369256,-21.201392580870312,-21.201664574894732,-21.413517802018514,-31.21571923840764,-21.226536517573635,-21.135074085735276,-21.030290463694442,-21.99423167393674,-24.26429131293159,-29.470553301993668,-59.14570993366234,-226.52849024474645,-93.4723043008919,-22.331594375793944,-29.36293714994794,-23.773186394974385,-21.87203211282932,-21.08165259533058,-21.044574876534103
-20.723646647053933,-20.847963440612357,-20.727132627832148,-22.55607406074534,-30.21270116852836,-20.7685047154299,-22.50861514289908,-44.8600025928126,-60.20097499269927,-21.164007377722356,-20.764702477862983,-20.893759071976522,-20.887946084831995,-21.122583647413173,-31.331317245678818,-20.912214221499433,-20.816090396676234,-20.710854808769316,-21.71004478292983,-24.056747928043208,-29.183546809874226,-60.90141891421432,-228.24612969939056,-95.9760871399398,-22.07266341726815,-29.198484239681125,-23.481619524694747,-21.591263909983418,-20.768279258702528,-20.729045757673504
-21.538388752511878,-21.658480381149843,-21.547660027472368,-23.35029740622874,-30.617545288162965,-21.580315420574628,-23.224507488244694,-44.93358872333971,-57.704923035831186,-21.92722657378215,-21.57435574477175,-21.68874597996611,-21.684943243640454,-21.87233261953077,-31.20002836761912,-21.69692242460839,-21.62548938167053,-21.530229206135136,-22.43957600227754,-24.598500320778616,-29.686470025623336,-57.63904396269122,-222.26162623344723,-91.25124687792608,-22.74329063347932,-29.48912147554154,-24.154418225077965,-22.321431099526784,-21.57942865334503,-21.5483244039381
-19.862851600815524,-20.002333345427328,-19.853315811030697,-21.875643073768625,-29.93236655540163,-19.90171380924754,-21.835556331450224,-44.86524207735573,-62.202635309009345,-20.330695674996004,-19.917733114018606,-20.05082179781152,-20.060577560879373,-20.32939103934555,-31.319444422221565,-20.11464677773986,-19.979220732699268,-19.850909967000963,-20.948650867443387,-23.503294218231055,-29.045055412457152,-62.951700923546525,-239.44607716581956,-99.28565218477212,-21.363795959894958,-29.137814427228964,-22.89652440387196,-20.814596595393667,-19.90692205840459,-19.856156949126852
-21.29349943388948,-21.41956467424926,-21.297530348992343,-23.179833652232983,-30.54907869334035,-21.33211998208779,-23.043463511459567,-44.867689436429885,-58.08819321835399,-21.685854209514115,-21.335035563414507,-21.448405380841827,-21.452385995278558,-21.6473999754334,-31.14970689019706,-21.47636808931007,-21.390124105082453,-21.28633411916885,-22.22263291509267,-24.444457952624074,-29.68476672124916,-57.93551581221598,-225.6730414420849,-91.78474206720665,-22.54012618975587,-29.48109284673567,-24.001159502391843,-22.098522344119452,-21.33359319327318,-21.29848730397487
-20.495473144111788,-20.62539133001871,-20.49417868293704,-22.396417785679514,-30.133908773428583,-20.53726405992038,-22.340315072146048,-44.7992312150809,-60.58261592274965,-20.93867741406075,-20.541395571912307,-20.669980740463764,-20.671146180630117,-20.912754959356416,-31.29463379153821,-20.70638996276522,-20.59688463543067,-20.48371076323301,-21.50895908472878,-23.90835471636114,-29.192462318253675,-61.190401308127846,-231.41501209154478,-96.47952647098863,-21.884643155801502,-29.207964892300204,-23.342224354216448,-21.384185295322684,-20.539215965095863,-20.49631874925042
-20.490853329483805,-20.62765208971706,-20.485011346573863,-22.49933366846603,-30.212662196307463,-20.526625432648483,-22.387154771968685,-44.78588545678441,-60.004625410985994,-20.915056892683356,-20.542492099100617,-20.662757856304683,-20.67603625374791,-20.905909615755032,-31.145544530614508,-20.722225120803625,-20.603847852157337,-20.482703490131332,-21.506636019512666,-23.910420296407914,-29.424816898816207,-60.0918859639505,-234.1686609082102,-95.170877217517,-21.873952017684886,-29.33319843135442,-23.41230233453979,-21.373160435278695,-20.53167721615516,-20.486960688758842
-21.50822468587445,-21.633122983289823,-21.5138940663905,-23.38940609816398,-30.694580551182447,-21.54619334260408,-23.23381352762953,-44.96011719237279,-57.499443970776014,-21.88833967718864,-21.548696032057407,-21.657917655422448,-21.662307689802937,-21.845435692360148,-31.128273827790274,-21.682845473832216,-21.60343992073778,-21.502242173017617,-22.41555013374314,-24.597293817437354,-29.81877158788466,-57.16672481572196,-224.58569844247253,-90.69230104526827,-22.71762780580994,-29.555901916027604,-24.178616476467937,-22.291596714982397,-21.547474010037405,-21.5145220704845
-21.31170388259319,-21.44581349700048,-21.310890198730718,-23.327497947380408,-30.825186811088592,-21.343543231374344,-23.125737238417024,-45.148119035714174,-57.551176406612996,-21.685017620240604,-21.361216999160188,-21.46269037253788,-21.481047169961002,-21.66247874262498,-31.00209958253329,-21.516970847985544,-21.421691249633106,-21.308746236244648,-22.24218764643598,-24.50360007328941,-29.972706839174627,-56.85094966057838,-230.7392838378631,-90.65181391751888,-22.547801108269724,-29.61522621907227,-24.101507046122272,-22.107754367381695,-21.348614790793143,-21.311622261112593
-20.11169522404505,-20.24635823419052,-20.10602560400932,-22.06333381243893,-30.00343889387554,-20.152632314186693,-22.026130049532348,-44.83947989802584,-61.65986195112925,-20.573130693758312,-20.16226328164659,-20.294817047974007,-20.299383885976912,-20.55961734534954,-31.3331260629287,-20.344532715996532,-20.22038568677413,-20.099237748995424,-21.168721624763855,-23.664043933840503,-29.063263757838914,-62.44314217570288,-235.86146764278746,-98.39528970290718,-21.569939664301618,-29.141321856032818,-23.05957526266179,-21.039765119332642,-20.156090090284998,-20.108635289626477
-20.403031072279884,-20.54066535721833,-20.396373092199564,-22.419778783408347,-30.173825536822385,-20.438805968379768,-22.31314380983747,-44.786639605178166,-60.253303501188576,-20.831708200312363,-20.4554750525503,-20.576936437973636,-20.590580910394234,-20.82484232656149,-31.15501230698746,-20.638580155665622,-20.517266291876023,-20.394606895634137,-21.428401075765215,-23.85194132967024,-29.387092901701187,-60.391399226920846,-235.02509361969962,-95.6242598565527,-21.801567645192225,-29.31353319410246,-23.344864367857344,-21.294266058937488,-20.444090983785888,-20.398432734097383
-20.40473613594711,-20.547019874717222,-20.39553350894718,-22.50002088958588,-30.2899854347424,-20.436680677583528,-22.351108462316944,-44.90058908788998,-59.87307326879116,-20.8210271939647,-20.46134399532238,-20.576232889115147,-20.598031290983723,-20.82316038555746,-31.04857545192403,-20.65238801240566,-20.526515594543774,-20.398745092525782,-21.42997371204567,-23.866963362067395,-29.55269709929599,-59.650747779104684,-237.70953919367233,-94.86893964160623,-21.795227604960363,-29.39234509261204,-23.395435897560144,-21.290082949050593,-20.443966571725415,-20.39744186967297
-19.99852003466959,-20.13939735856295,-19.988546544279654,-22.043198336614893,-30.00205881203517,-20.034916517715043,-21.96880181421042,-44.8241562296554,-61.50464257420803,-20.450296190872173,-20.05422236490294,-20.18202644007733,-20.196128972015245,-20.45218820454275,-31.225325618685037,-20.251447099661764,-20.11748489555812,-19.98849592893483,-21.068835832481827,-23.586643944697737,-29.196263726103787,-61.93603595600314,-238.95137073018662,-97.9241686280241,-21.470221063672586,-29.216866684128696,-23.02906778169556,-20.932344830473166,-20.04098823519043,-19.991125672069707
-20.862356896638914,-20.992746424983576,-20.861892261640016,-22.790497328655256,-30.331554085710522,-20.900641449087455,-22.678953791674356,-44.77990572221824,-59.20575884245349,-21.275403773188287,-20.908037556221114,-21.027014198184823,-21.033544383267603,-21.249791625294637,-31.17190871965805,-21.06743410380444,-20.965313806477365,-20.85388281961096,-21.83727433291011,-24.152343360396824,-29.490408596904356,-59.290156578297406,-229.3402555066673,-93.80176946982778,-22.18357683712733,-29.37138146487638,-23.66815437667492,-21.710061995496503,-20.90340340305707,-20.863439321391304
-20.945667152812714,-21.073425201552524,-20.94728795708857,-22.838196249773794,-30.342794729103108,-20.985579481418565,-22.735600611027266,-44.78611448782163,-59.119206946911234,-21.35923802997505,-20.98896463456104,-21.10907447419403,-21.11195305315488,-21.326839551162927,-31.2007837086901,-21.140989169541985,-21.04434834840423,-20.93651025581927,-21.910860185422543,-24.20396348770885,-29.466842428799367,-59.28412366135364,-227.81975302397433,-93.71641398254317,-22.253509695368926,-29.35997284323372,-23.71306385197471,-21.78651561606763,-20.987276893507524,-20.948766925850148
-20.25294166267418,-20.39468952406903,-20.24339331460291,-22.32919476332155,-30.165339897631156,-20.286482475913,-22.207614429631924,-44.84048595359398,-60.45419695919581,-20.681910499117226,-20.309106092332932,-20.428921682761494,-20.447894249003507,-20.68436181671945,-31.109378907440124,-20.50270354050501,-20.37370915239356,-20.245467565699016,-21.29479374855999,-23.757933023539543,-29.41888345045414,-60.46627032452497,-237.95929910333146,-95.94421554906911,-21.673482096264877,-29.32772428893201,-23.2584943491798,-21.156173765672097,-20.29333139755476,-20.245550900208617
-20.22104993376887,-20.364384511226543,-20.21054408106945,-22.322433781496876,-30.183518875287835,-20.25355314959127,-22.19081836687057,-44.875855618516255,-60.43804846268131,-20.64817565982599,-20.278637061298348,-20.39706500231272,-20.418400488328363,-20.653823495544263,-31.082437424495197,-20.47553476644811,-20.344328700489136,-20.21414810141355,-21.26628209629127,-23.740156561330355,-29.451430452577803,-60.36633110873261,-239.03951805876844,-95.90347819675624,-21.644766463885816,-29.342603871431468,-23.247631264000685,-21.125834472577232,-20.26102927098384,-20.212696927917115
-20.120604056572954,-20.26569901422275,-20.10880290465809,-22.24582123581733,-30.160167528981653,-20.152479277841813,-22.11264153081625,-44.904880884369476,-60.656800424921485,-20.550609853548835,-20.179792560530878,-20.298447244046088,-20.321564728501365,-20.56021788350542,-31.07430047876803,-20.381705151365203,-20.246583294501573,-20.11381709693225,-21.17672708890203,-23.675138120685943,-29.439049171862184,-60.575518755183566,-240.54379662089192,-96.29964397979869,-21.560281828823918,-29.335579223363432,-23.179395151133303,-21.03450493235747,-20.160551972740908,-20.11104766298263
-20.979683161776887,-21.105436735470622,-20.98284934620743,-22.844325273902022,-30.33843053917871,-21.021089688330548,-22.751973719212224,-44.79879516600059,-59.15441969474853,-21.395848628324988,-21.021231028183557,-21.142835446200053,-21.142583028875055,-21.358192528605628,-31.229386482915473,-21.167989476144317,-21.075041530084793,-20.969769130922028,-21.94035364867939,-24.223594592782938,-29.42713467506038,-59.41529286577236,-226.8903167090943,-93.85716518281482,-22.282231159223407,-29.338525880751554,-23.72150276576507,-21.818341190585755,-21.021925489662255,-20.984319330450823
-20.709248073934564,-20.83580783696471,-20.71100385690587,-22.572162446920366,-30.2107687942146,-20.752208315199518,-22.510932666292575,-44.81144135051163,-60.06497455568142,-21.1445131015378,-20.752026223651516,-20.87916847681712,-20.87708629288271,-21.109426844366684,-31.292483249464283,-20.90540524617783,-20.805414272413717,-20.697505146987854,-21.69844049555195,-24.046081833841043,-29.2447650908496,-60.62647890885415,-228.8890947977368,-95.60526287948933,-22.0604836087355,-29.235378633951296,-23.49296742195148,-21.576848960085933,-20.752979893968057,-20.71288839620294
-20.136689144486816,-20.273324591226658,-20.129779211044177,-22.120661659532825,-30.022395394259334,-20.175616571427618,-22.062891625542647,-44.80583982082891,-61.36449237852641,-20.589836189836504,-20.188711890762857,-20.31832904686446,-20.326733128667616,-20.581430087619783,-31.2752915601394,-20.374868080966408,-20.2487664933511,-20.125519401692934,-21.191271865672427,-23.67662450656171,-29.150302011653217,-61.950462480839796,-236.28352392882312,-97.7611968104299,-21.58774562296867,-29.19010809595248,-23.102736304747335,-21.059604391562026,-20.180016424226157,-20.132285721419635
-20.018298322713004,-20.168009968213116,-20.0039571868893,-22.217588514739017,-30.227640988697303,-20.047414743255608,-22.05523604873329,-45.05503963650635,-60.65467749506738,-20.443959518557975,-20.081613023523467,-20.196322573549583,-20.226035233228863,-20.461832740636467,-30.997341372317912,-20.292436987848113,-20.151291490716392,-20.01306327875265,-21.084753633471497,-23.619453005220844,-29.52816094446559,-60.34155478714656,-244.04418301581632,-96.31372211392761,-21.467708241135618,-29.373058892490317,-23.138886112903265,-20.937307252854747,-20.057209274613943,-20.006192618952465
-20.123123528115634,-20.26075981211077,-20.11553155245157,-22.12235035003477,-30.024805749508673,-20.161278640485918,-22.057911064906413,-44.802888333601345,-61.321887472023306,-20.57435329156234,-20.175971476193567,-20.304699385644195,-20.314703599338305,-20.568419208131544,-31.256290973589593,-20.3644573032884,-20.236866032889974,-20.11238346671522,-21.179334486021713,-23.667341494012938,-29.175116112408098,-61.84513462682527,-236.75165439747187,-97.65177489547897,-21.57546756490256,-29.20392655262645,-23.101842707412093,-21.046438251640122,-20.166108050418185,-20.118026517767415
-19.90645000433839,-20.046503429570883,-19.896684567737786,-21.93139305311355,-29.952550218368977,-19.944396342801465,-21.879152497395342,-44.84570123750689,-61.96120935305318,-20.36862856302862,-19.961669964963733,-20.092932517143854,-20.10431212492001,-20.368739050625084,-31.28522839665606,-20.158985899567448,-20.02386765132585,-19.895197596466673,-20.987259065343704,-23.529050038136923,-29.097915461251986,-62.596288069246256,-239.2918412121284,-98.80907327937705,-21.39778414939905,-29.165939653897432,-22.940476667305774,-20.852243193188833,-19.94994109632177,-19.89943659361711
-20.370328208497554,-20.508599151382782,-20.363175961149878,-22.39555832932316,-30.165832386561142,-20.405828698654698,-22.288111343577665,-44.79191329038696,-60.319026127301626,-20.799783699725012,-20.423355993625538,-20.544824847346973,-20.55917778100268,-20.794456951118935,-31.15125753584934,-20.60832035414864,-20.485566098802103,-20.36197399091942,-21.399306920332677,-23.830848538827013,-29.38460574468063,-60.45062933030513,-235.51284863503645,-95.7368213769949,-21.774146998429522,-29.31205942689142,-23.323264043880766,-21.264517914578928,-20.41134381124633,-20.36526618041027
-20.4295539819114,-20.567029716702187,-20.423085879156375,-22.445352646574218,-30.187238264468114,-20.465247623709185,-22.336209149275454,-44.787354472202225,-60.16995255574539,-20.856618801730484,-20.481836386192484,-20.602810485557818,-20.616511213483744,-20.849268768650827,-31.14993943957218,-20.66410214659226,-20.54356996526094,-20.421262125463347,-21.452032040918063,-23.869760816168395,-29.401739542179904,-60.285346188296,-234.81170034198342,-95.47010611397243,-21.823286596718244,-29.321078433488346,-23.36622277586028,-21.31798006279541,-20.470503768901374,-20.425109397666823
-20.832684300531216,-20.960178852031557,-20.834127773221635,-22.71528607058527,-30.27595076186966,-20.873761763481117,-22.63014149403757,-44.78325999898385,-59.53698124298472,-21.25559867084284,-20.875932595940895,-20.999122613651796,-21.00017781130444,-21.222881583096385,-31.237004990797473,-21.029430080175533,-20.930676447962632,-20.822456990315036,-21.80943935091433,-24.12708199888061,-29.37038779352385,-59.86715088624626,-228.3488920484385,-94.53590155144299,-22.161090340364346,-29.3065052387354,-23.61111798413141,-21.686007610703268,-20.875158774117978,-20.835793051853017
-20.781400037975814,-20.904940499539236,-20.785641557434783,-22.60578514591061,-30.234541760886422,-20.82645909379924,-22.55572898655212,-44.86423970126859,-60.048987773695856,-21.219178227780557,-20.821702033634544,-20.950207613052157,-20.94373896576673,-21.1755763895545,-31.327665600901902,-20.966306514078532,-20.872654267522375,-20.76869016934677,-21.7612651133787,-24.09364502495085,-29.20295880261223,-60.72482046232636,-227.6230783733513,-95.71294254320652,-22.119958598228727,-29.20918865563045,-23.52393698743568,-21.643153397385863,-20.825973193984247,-20.787478464580655
-20.94649118779072,-21.07899939389845,-20.9449765671632,-22.913195652324916,-30.435376290758356,-20.982298435472934,-22.772978005791103,-44.83247329404847,-58.76687510351108,-21.348078776521263,-20.9940621480395,-21.108054310832912,-21.11934273817117,-21.326663024208855,-31.10838130796917,-21.15598402167871,-21.053178647056196,-20.939797647815602,-21.913418270383712,-24.218845183433096,-29.628436971474116,-58.59488575565463,-230.08755227493916,-92.91860508041881,-22.250455115839852,-29.44252889254678,-23.76444999531677,-21.78314447215657,-20.98614218630939,-20.946335761827502
-20.298639758145406,-20.42723891991151,-20.297783219813503,-22.171220173403153,-30.06772084030343,-20.34340272710907,-22.15341469625944,-44.90656310053802,-61.48699669182527,-20.76263955011829,-20.34423334909893,-20.478730089666666,-20.475092413043946,-20.732611642704967,-31.396421445473358,-20.509100087853817,-20.397486839540292,-20.28450390875411,-21.33290644811266,-23.790803648107318,-29.000564517517542,-62.47380959020312,-232.80707111160513,-98.31237809880112,-21.72552844390583,-29.097560921076365,-23.156469835785337,-21.210992923029306,-20.344419440369347,-20.300274472751312
-20.19446607652923,-20.324146129415336,-20.192551739406213,-22.07735876379111,-30.036264669020746,-20.23920445854101,-22.066857261222317,-44.92728987703062,-61.812548461749984,-20.664358641630972,-20.241203133467334,-20.3770152432356,-20.373916392760584,-20.637084474924595,-31.414933459593435,-20.41031639363743,-20.294938228394592,-20.180014790648336,-21.24067715542222,-23.726737036552237,-28.958052841790515,-62.86929243383483,-234.00258084899485,-98.90344274102098,-21.640698644449582,-29.074911298049116,-23.077493058738273,-21.117945619693515,-20.240532270505565,-20.195180754728394
-20.44867497233562,-20.58328000600163,-20.444051450126928,-22.419010001628433,-30.151696928690768,-20.48669138340535,-22.331853887224337,-44.76739337973554,-60.345177888569495,-20.882222140395246,-20.498472171492374,-20.62269010267385,-20.631551354465515,-20.868293783624917,-31.20825133670457,-20.674686086794825,-20.557918503277364,-20.439018609065492,-21.46864051988421,-23.878397772102563,-29.31619815981893,-60.65816932911204,-233.3793523588022,-95.8661971615114,-21.842492210334125,-29.27705969050129,-23.352018275719573,-21.338106417067703,-20.490695954716266,-20.446132332777957
-20.655010895470422,-20.787491779900805,-20.652452676178108,-22.6038718044373,-30.23789867827193,-20.693164220499014,-22.504572671562517,-44.76538006717092,-59.76957996003255,-21.078280668105716,-20.702728271014987,-20.82435895094739,-20.832050182481947,-21.058567078842355,-31.18847379820113,-20.870581706978456,-20.761074031222762,-20.645930657559727,-21.65236178175793,-24.01424107756687,-29.401210295716186,-59.96919365474573,-231.29917652335467,-94.82296330295048,-22.012483832950497,-29.32253851911467,-23.509154977877316,-21.52353694221794,-20.696543033510217,-20.65427108759496
-20.655010895470422,-20.787491779900805,-20.652452676178108,-22.6038718044373,-30.23789867827193,-20.693164220499014,-22.504572671562517,-44.76538006717092,-59.76957996003255,-21.078280668105716,-20.702728271014987,-20.82435895094739,-20.832050182481947,-21.058567078842355,-31.18847379820113,-20.870581706978456,-20.761074031222762,-20.645930657559727,-21.65236178175793,-24.01424107756687,-29.401210295716186,-59.96919365474573,-231.29917652335467,-94.82296330295048,-22.012483832950497,-29.32253851911467,-23.509154977877316,-21.52353694221794,-20.696543033510217,-20.65427108759496
-20.537326611676274,-20.66645099089752,-20.536719740237565,-22.428757106891418,-30.148038814065043,-20.579467050563192,-22.372719931997437,-44.8026715493631,-60.49270401030766,-20.97937213227175,-20.58252920206774,-20.71098319663607,-20.711277926014304,-20.95130647917749,-31.296962549556223,-20.7449490169846,-20.637479820081417,-20.525494292113073,-21.545992734498803,-23.93539112715254,-29.197891443966284,-61.10199677974647,-230.87279854733643,-96.33568778152002,-21.91916204604549,-29.210446595443248,-23.37020678116346,-21.42202357412387,-20.581126462183835,-20.538814391399228
-20.427020286962048,-20.553602730262902,-20.427999887919626,-22.277571271386794,-30.111339833510158,-20.47245318540757,-22.25574119924011,-44.90803174803278,-61.15644522627538,-20.885925028503856,-20.470736875254087,-20.604262143193072,-20.598748667031327,-20.850421987206552,-31.389634114696495,-20.62857685100533,-20.522732593142816,-20.41290908588589,-21.446314015754325,-23.872122908936817,-29.03162898903669,-62.10850789356098,-231.2540946028932,-97.7570166196987,-21.83040256047157,-29.112490374535806,-23.24668176894117,-21.326320531647266,-20.47277165031206,-20.430337453782073
-20.217258587239566,-20.34596529063546,-20.216122323236984,-22.087726971109422,-30.047380045231016,-20.262679251355575,-22.08099167612972,-44.947259447310955,-61.8134126710124,-20.688185800407595,-20.263252120278295,-20.399467783965907,-20.39497449345884,-20.65813318398268,-31.427196755768698,-20.429578448408844,-20.31615500653548,-20.202480744541305,-21.26051831115296,-23.743280623812346,-28.943319012738606,-62.91110945495669,-233.6253074722858,-98.9525314119273,-21.659587911181337,-29.064652693025586,-23.0868398885495,-21.13897362968452,-20.26360417244725,-20.2187423055561
-20.217258587239566,-20.34596529063546,-20.216122323236984,-22.087726971109422,-30.047380045231016,-20.262679251355575,-22.08099167612972,-44.947259447310955,-61.8134126710124,-20.688185800407595,-20.263252120278295,-20.399467783965907,-20.39497449345884,-20.65813318398268,-31.427196755768698,-20.429578448408844,-20.31615500653548,-20.202480744541305,-21.26051831115296,-23.743280623812346,-28.943319012738606,-62.91110945495669,-233.6253074722858,-98.9525314119273,-21.659587911181337,-29.064652693025586,-23.0868398885495,-21.13897362968452,-20.26360417244725,-20.2187423055561
-21.295416410011754,-21.415197885999984,-21.304108650571667,-23.091261940451428,-30.46061042023606,-21.3395558176318,-22.99836652770548,-44.88756104660989,-58.51380502970589,-21.70270950012101,-21.331457650415643,-21.45199744679342,-21.44492385448258,-21.648011597881965,-31.254901115962966,-21.457799983312075,-21.381392835554756,-21.285072664083373,-22.220263705004133,-24.428036117623837,-29.483070177853428,-58.76744815081882,-223.23628809754086,-92.85469842965159,-22.54233145797376,-29.37197745781016,-23.936150197608328,-22.103952167627583,-21.338151944299373,-21.305180453377965
-21.11130775160982,-21.22522510374818,-21.12424692318026,-22.82763785987082,-30.383777655775255,-21.162166225991726,-22.792496536466075,-45.09613129903941,-59.59384406098874,-21.54782104922454,-21.143743663290202,-21.273169925594587,-21.254091398894527,-21.47563324506966,-31.39241989696123,-21.256858060978463,-21.187467804343164,-21.09651561363768,-22.049544446209183,-24.3094798367476,-29.16388423996399,-60.44407221181828,-223.49845800020393,-95.33937997704493,-22.38681576895627,-29.17602501266073,-23.71288231693694,-21.941786031666403,-21.15787639885445,-21.125709647473624
-21.54188430816034,-21.652465073818952,-21.558943697550617,-23.231998162943217,-30.558863758157155,-21.592187552704445,-23.161797335533187,-45.12736537099316,-58.31844244886751,-21.952451520949843,-21.570264211365682,-21.693478562582456,-21.67328589463219,-21.87024277878151,-31.33509797866131,-21.66705155973142,-21.613258545702514,-21.529071898450837,-22.43407985164517,-24.582168279158424,-29.40174560889529,-58.80619557040362,-219.78897221690863,-92.96122922305761,-22.74016394717571,-29.322067344128364,-24.058422763699543,-22.32763053640117,-21.58700010933339,-21.55971687052786
-21.4090958438623,-21.531066163417993,-21.416492116646157,-23.24109395002013,-30.556649332934533,-21.45038705037233,-23.119037603403175,-44.88836707624489,-57.99150443502735,-21.802817396186896,-21.4468420580905,-21.562272069436393,-21.56032849608658,-21.75352681497258,-31.19519156937377,-21.576496933949457,-21.49904958895785,-21.400805015555942,-22.324284427399046,-24.512564206951666,-29.642912442653245,-57.964750199057335,-223.46750467598955,-91.73662992826199,-22.63647430085188,-29.46249682242916,-24.059800144458467,-22.204594980490242,-21.450162877570254,-21.417339523583358
-21.13751282926325,-21.257703243895957,-21.145394225440874,-22.93199841358471,-30.381309855610837,-21.18257690225886,-22.85679202097288,-44.88186091681425,-59.02518834017924,-21.555824618844053,-21.17424900748759,-21.29798537698097,-21.289842827053377,-21.50257973070601,-31.28611844910673,-21.304365814982702,-21.22384718273332,-21.126061134774606,-22.078490157168353,-24.32294607011265,-29.3722159044421,-59.45396250177092,-224.29307914775657,-93.84762934927323,-22.412138691215894,-29.30696123335305,-23.801234414880238,-21.962583775248312,-21.181120439859143,-21.14671796897865
-21.00898804330191,-21.14003162549652,-21.008633729027885,-22.956050674705914,-30.4469390683377,-21.04555021361838,-22.819182795933006,-44.82793488526113,-58.66514923476947,-21.409674041588413,-21.055191363887268,-21.169503690198994,-21.17895196007507,-21.3846241332373,-31.121811499474333,-21.212905489302237,-21.113356151926975,-21.00204753525074,-21.969033006359126,-24.258240237111607,-29.627295322171207,-58.51968799939654,-229.09233372683192,-92.7562721265075,-22.303048667204393,-29.44380120104516,-23.803706893033116,-21.840264443718368,-21.048835078015983,-21.009931855453146
-20.7907058088636,-20.915466915093315,-20.794040736445755,-22.632158836269518,-30.23978215215267,-20.834585837716222,-22.57248733987806,-44.83178719993548,-59.91279089125652,-21.2243602009889,-20.831887863939475,-20.958993024404105,-20.954753332044515,-21.1842544277176,-31.301864591155685,-20.97946113108879,-20.884009998487635,-20.77870619027941,-21.77035413886172,-24.098766464058734,-29.24897842227307,-60.4915160344284,-227.82784202065147,-95.38586968748312,-22.127508218392318,-29.236790154123085,-23.545082574627678,-21.65061970633007,-20.834668932967222,-20.79583596959812
-20.99128211191733,-21.118698051402415,-20.993295939653,-22.88114643865213,-30.365791419488968,-21.031124700627267,-22.774935487010527,-44.79210032661017,-58.98828201848861,-21.402302619408317,-21.034229359682726,-21.153613147532973,-21.156431682279383,-21.368860045481078,-31.19536249207512,-21.18461498681995,-21.089484060766527,-20.982323729217995,-21.951626974606494,-24.23464702989151,-29.491060928900666,-59.11888437888041,-227.45638414631304,-93.4748656338772,-22.29108713842694,-29.37350336464614,-23.749465233702587,-21.82747388695855,-21.032738308374768,-20.994710016317445
-21.0386117605857,-21.163216924728207,-21.042809319545462,-22.88961168722937,-30.359692644121147,-21.080554148399013,-22.797597410429052,-44.8115504733499,-59.037098096272075,-21.453242180551573,-21.079102790327266,-21.20057189461358,-21.1989943752844,-21.412385785086364,-31.23493406305097,-21.222052729598385,-21.132155006515983,-21.028593314276844,-21.992599826196592,-24.26171052258007,-29.43561039841112,-59.30080203173321,-226.16739420028287,-93.67341817382584,-22.330910466796812,-29.34356157369608,-23.76104522058143,-21.871710900563272,-21.08095785947176,-21.044209142413354
-20.924585907745723,-21.051584589274484,-20.926676018371275,-22.80465734323593,-30.320999159306385,-20.965341695619678,-22.710626731612898,-44.787554060279625,-59.25088435234832,-21.34172470978795,-20.967266275719393,-21.088788239583877,-21.09007386281239,-21.30747154081024,-31.2208534292572,-21.11794672320097,-21.021933895138847,-20.914861087464725,-21.89157858750683,-24.18821704913105,-29.425236215359615,-59.49627374036433,-227.64131577842448,-93.99816170837934,-22.23658646113779,-29.337171697137265,-23.68642937588255,-21.76829410114568,-20.96665899734617,-20.928206248498558
-20.633814198551132,-20.765622831090422,-20.631631527014267,-22.57093624480186,-30.21646808704456,-20.672732940462495,-22.480119513895406,-44.76406862837245,-59.90157151706296,-21.0605554663161,-20.680986605058266,-20.803988709326557,-20.810226306315617,-21.039298676557895,-31.20910909429854,-20.84781107488262,-20.738699210028912,-20.624205413121892,-21.633206030280707,-23.998953701721305,-29.3619451467141,-60.17943329910252,-231.13621325454088,-95.0952574396589,-21.995831291602986,-29.301585887893253,-23.48340835013422,-21.50532785394608,-20.67577342831756,-20.633501656159744
-20.57877087960199,-20.71173859662008,-20.57563921495785,-22.530846521080626,-30.20116419980598,-20.617130830662227,-22.438457116019084,-44.7637861467527,-60.005147590548674,-21.00663099844957,-20.62700164371599,-20.749960964735646,-20.757563943690183,-20.988364894544876,-31.201692639019953,-20.797334697983032,-20.68550462569376,-20.569320013150215,-21.584364993961255,-23.963473504456296,-29.35930638839567,-60.268981411487715,-231.92906892668051,-95.26037462321561,-21.949935464122692,-29.300043223411727,-23.447815212329274,-21.455289004634302,-20.620607189585712,-20.577563713191825
-20.753973807567338,-20.882291722384434,-20.754584753050956,-22.644653740562923,-30.242679289220398,-20.794978025682727,-22.56421304044828,-44.77932776968434,-59.7537989842389,-21.18082553281678,-20.798044539532043,-20.922205479696398,-20.923756174034448,-21.15042666714931,-31.243937131879804,-20.954859594766354,-20.85319596458706,-20.74352418489119,-21.739335732679354,-24.075541301770095,-29.336941527855274,-60.128872779959046,-229.11587197026424,-94.92684108061674,-22.09631450478651,-29.2878847199772,-23.550984027731094,-21.615269281324892,-20.79662417630847,-20.75635541853916
-20.88045410357426,-21.001164206741198,-20.887185197012542,-22.671577834020223,-30.27449887002725,-20.92720942722264,-22.626692526085538,-44.91891911400813,-59.91236098531017,-21.317883181403943,-20.918387256299848,-21.047294358763665,-21.037114146749232,-21.266089786244063,-31.34851176411993,-21.053985334122714,-20.96720609691009,-20.86712131805353,-21.848073348603585,-24.158354147197134,-29.190194546629755,-60.64543549702997,-226.29446438556974,-95.58625197579582,-22.200775996725884,-29.199212777763066,-23.580823613207304,-21.733027840095794,-20.92559940133453,-20.88891880552595
-21.111173217280534,-21.232400817105795,-21.118162354929552,-22.918442261945557,-30.373035430016827,-21.155528627137745,-22.839931163087087,-44.861778960505234,-59.03944247863037,-21.528880354163885,-21.148783709991626,-21.272102877014213,-21.265460351469045,-21.478614142085593,-31.275406849775884,-21.282039319749074,-21.199185569569117,-21.100028525111778,-22.055575225561014,-24.306326824505724,-29.384177099684273,-59.434936675640294,-224.7248154868922,-93.82590599025298,-22.390656386734392,-29.314134498144092,-23.789001969808524,-21.938518139862083,-21.154503439398827,-21.119510649430236
-21.367733488204095,-21.481613278314693,-21.38145053567032,-23.091103541030783,-30.47797512127971,-21.416526367404167,-23.02443762029727,-45.033235477979616,-58.68475344490632,-21.78388373232871,-21.399075434396043,-21.523357309667148,-21.506925449920725,-21.71185606711044,-31.328056424409084,-21.508176923707595,-21.444128292407807,-21.355060949768365,-22.280313901011485,-24.470392429943182,-29.360796280539674,-59.20563698593307,-221.47408300821485,-93.5054659368174,-22.598876747315725,-29.298091606337323,-23.938351855052048,-22.170907521648115,-21.412565836826673,-21.38248495893609
-21.727099758438843,-21.8337500802871,-21.748185947415163,-23.378520006929474,-30.6507237245104,-21.77937709971068,-23.305838950665322,-45.26102011247987,-57.95778959122215,-22.13248508332794,-21.752055471520812,-21.874291589584296,-21.849368775856377,-22.037881215566223,-31.347135550141537,-21.834134462962815,-21.792545470956227,-21.713984117137493,-22.59707904438278,-24.700544931006814,-29.437660555464966,-58.42332489230989,-218.0715617946015,-92.47340138458442,-22.889372578082888,-29.343130640289388,-24.18270507495324,-22.49418300591807,-21.772704342938418,-21.748665410052364
-20.583240584310946,-20.70501860771566,-20.588345419169833,-22.377405922545144,-30.181996902612113,-20.631631455263804,-22.365639990953536,-45.00603651003618,-60.96736498185018,-21.04280513833985,-20.623129220468307,-20.757411071882416,-20.745582030206208,-20.99335844075943,-31.427285021297077,-20.765964931920497,-20.671339115065326,-20.567951672549377,-21.58278443188175,-23.977543795087485,-28.99822828026217,-62.03729307211617,-229.13059207547434,-97.6376767123912,-21.95766365871931,-29.085069083352444,-23.33203315737603,-21.468241716916918,-20.63004242066402,-20.590542617072416
-21.463520590080343,-21.5887115238226,-21.468810442497595,-23.346491602048665,-30.66421150101437,-21.501580542479434,-23.194496607461666,-44.938924277529594,-57.616603715388365,-21.846041789563948,-21.504252672635424,-21.614283157569055,-21.618678805225237,-21.804204017630376,-31.131445256964312,-21.64002455483593,-21.559108328546788,-21.457315265189916,-22.37538319530279,-24.5654301792128,-29.79227734522911,-57.317764414242106,-224.8192607995504,-90.9077226931832,-22.68062649103854,-29.540993306935157,-24.14213556709644,-22.251346342375697,-21.50292359807471,-21.469506662749247
-21.476219431521862,-21.60026502816743,-21.48235597656522,-23.342547612738183,-30.646928939113412,-21.515170524306164,-23.197253881824064,-44.928053916597094,-57.6485006692382,-21.86044023942996,-21.5158576383989,-21.62703969320559,-21.629544631601917,-21.81582908456681,-31.14818479883847,-21.64887958463024,-21.569892494107933,-21.469538870375406,-22.386164865173505,-24.569386549542102,-29.764611500713748,-57.408033098647294,-224.20180427643206,-91.00186450838578,-22.691533110789393,-29.527730959851702,-24.141235492984045,-22.26348493196317,-21.516008298820402,-21.483053948477888
-19.767635180899873,-19.90749747970322,-19.75758860984298,-21.780529895566385,-29.90158925469914,-19.807047315433998,-21.75233311322735,-44.89999098841817,-62.568385752152466,-20.242752341916287,-19.823059674411002,-19.9581073654989,-19.967212147440257,-20.242295765027436,-31.353272591896083,-20.022398406915745,-19.884464531629522,-19.755081240243246,-20.864426787837324,-23.445341857926582,-28.987589387003275,-63.42896756419124,-240.39579978483727,-99.97579828761383,-21.287109654887576,-29.10831410512605,-22.818380898435876,-20.730352277250432,-19.812254637830574,-19.760567194884505
-20.882718733937423,-21.007350715045593,-20.886418195652595,-22.726588293503813,-30.280186970727407,-20.92593355107006,-22.655327831361586,-44.81865154003481,-59.5867042466797,-21.30937175315943,-20.9235587930591,-21.04867595088929,-21.045306278340224,-21.26887318170116,-31.276977761298305,-21.069286800883095,-20.97598295732426,-20.87141963211396,-21.852731111513652,-24.15815954655064,-29.315558462928443,-60.05176071352301,-227.1413327559863,-94.74969716512292,-22.20292633111856,-29.27507388666683,-23.624386476233347,-21.73265323442576,-20.926103761970474,-20.888068295910482
-20.672849747325376,-20.800986414491966,-20.673346552181837,-22.55669483940477,-30.202170300457894,-20.714705330756782,-22.48894207509596,-44.79101472034726,-60.06699800253237,-21.10665547022028,-20.716947292187694,-20.843258871213102,-20.843497275170467,-21.075884571110475,-31.27259801738043,-20.874744009161113,-20.77160140921406,-20.661630052115203,-21.666663316169185,-24.022419647445595,-29.26863540809199,-60.56388931613456,-229.59738500374084,-95.54392070328029,-22.030142631819622,-29.249638423654943,-23.478032240669883,-21.543247659087417,-20.716137091992692,-20.675250767910466
-20.224373971050444,-20.366810952596744,-20.214346638001878,-22.310542077897715,-30.162792606529905,-20.257576871061577,-22.18683612127681,-44.851911420241464,-60.50053809416389,-20.653654443380667,-20.281162993994137,-20.400781299817623,-20.42059541212197,-20.657624433941095,-31.102684847454526,-20.47653232708312,-20.346220148832238,-20.217031177668577,-21.269327597516195,-23.739916980966488,-29.421901681305652,-60.49537813475285,-238.48681253741762,-96.02439770669005,-21.649158742020248,-29.32884278106951,-23.241066122589796,-21.12997064589663,-20.264678463501767,-20.21652475570605
-20.22808623490909,-20.36968132733307,-20.218523943788156,-22.30009891124665,-30.145386246368126,-20.261950759111667,-22.1836726213801,-44.83286953701034,-60.558247313179635,-20.659377269065246,-20.284131611525165,-20.404835375427577,-20.42322324225937,-20.661705131755337,-31.121501489233815,-20.47800551172663,-20.34857547573016,-20.22033184708834,-21.27268919413744,-23.740399366240048,-29.394676246477808,-60.61513045914917,-237.98742690521837,-96.13898595813332,-21.653699034324163,-29.315903195115858,-23.23537103512966,-21.134357066017635,-20.268697723143603,-20.220724666369055
-20.33064107387729,-20.462834379164622,-20.32727825238586,-22.256810425103073,-30.076668670529212,-20.37183568562582,-22.206871940185792,-44.806518697832296,-61.01670435466565,-20.780893312213532,-20.37874036516369,-20.50876081061196,-20.511834512868756,-20.761015920157142,-31.304325379139485,-20.551769328301447,-20.43557701252509,-20.318706703862446,-21.362807383073513,-23.80269543949961,-29.143967221901818,-61.68122456398357,-233.35155270868376,-97.23745897513678,-21.7491889082952,-29.182884751957214,-23.22312647072645,-21.23594340854759,-20.374547116745564,-20.329615978067224
-20.28219611146742,-20.41628046477686,-20.27740036382367,-22.23459322197796,-30.06653946461377,-20.32211653224566,-22.176444449487505,-44.7937610733222,-61.03033947313714,-20.730838757709407,-20.331882151860704,-20.46091618285335,-20.46670764067058,-20.715909646502446,-31.279382426927917,-20.509988518843144,-20.390237513065912,-20.27087176590157,-21.32019270665109,-23.77045758405951,-29.17180034804091,-61.614646348985346,-234.31331975473034,-97.19751960962614,-21.708195960796196,-29.199621641820176,-23.20146227365946,-21.19111844492273,-20.32560719439141,-20.279758212378415
-20.86779377772674,-20.99933022502119,-20.86659539644085,-22.81425019108811,-30.356427057037436,-20.90504313315706,-22.692772604433312,-44.790953027731,-59.10033846879039,-21.277504082098936,-20.91449360641724,-21.031858200059673,-21.0404836598497,-21.254518213471325,-31.14764665300042,-21.07616520710433,-20.97269563539933,-20.859959992213106,-21.842549563996727,-24.15926840084382,-29.53367799056459,-59.095379833059596,-229.85732455081913,-93.57066052163219,-22.187045270297812,-29.3936703101717,-23.68517571401707,-21.713879465110168,-20.90833135653413,-20.86810433729517
-20.273596244795048,-20.408468947750876,-20.26824945027653,-22.23780919290003,-30.068434851002706,-20.31288603427707,-22.174353449754395,-44.788220099725535,-60.99023288406646,-20.720595273203994,-20.323925518814274,-20.452236043286987,-20.459313845486978,-20.70767469791937,-31.264331689288444,-20.50390016915573,-20.382955122683345,-20.26262485404693,-21.312712050473127,-23.764514357856818,-29.192445166242948,-61.52395648318528,-234.64658099293635,-97.09515047519974,-21.700385979041727,-29.211269195563062,-23.202533390279356,-21.18266185135871,-20.316720460108606,-20.2705966522487
-20.57435613104615,-20.70786736189835,-20.57085525500721,-22.5347618515182,-30.206380833628963,-20.61227728447376,-22.43851141686599,-44.764840259765776,-59.975687814490854,-21.001067685480056,-20.62305560180913,-20.74544459676606,-20.753955012313256,-20.98411062362872,-31.19138793968228,-20.7946101386352,-20.68199805207975,-20.565156026793005,-21.580564957194177,-23.961249861337965,-29.374597866443672,-60.204206544771495,-232.18558714544616,-95.18928246431528,-21.945789417993605,-29.308106446038217,-23.44980987101491,-21.450825871463373,-20.61599189461224,-20.572771293262498
-20.559295962677577,-20.691422037595764,-20.556661190074596,-22.497103968498056,-30.18027949360163,-20.598561371360656,-22.41438860915736,-44.76564476340381,-60.14814788377201,-20.991026096918365,-20.60685055696705,-20.731333653044423,-20.73720174696131,-20.97076191479605,-31.225985514114548,-20.775740585378184,-20.66456846023892,-20.549238749768044,-21.56672438682233,-23.949645822488776,-29.31560481777776,-60.501794285953906,-231.7089382398177,-95.55976670819538,-21.934883447397574,-29.276549187921155,-23.421749770255307,-21.43880444629084,-20.601624762860798,-20.55863982965095
-20.473153231275433,-20.603218286053874,-20.47169084069469,-22.375114578065016,-30.1253615987817,-20.515007778822582,-22.321092762584232,-44.80245498000918,-60.65548774834028,-20.917780094127288,-20.51924673022841,-20.648203032176358,-20.649345440339104,-20.892248381341545,-31.29930732269223,-20.684957606813654,-20.574769495907937,-20.461281383813322,-21.489099471713633,-23.89415652740744,-29.18040923513621,-61.2832120062436,-231.62774939639604,-96.61586588366644,-21.866403282265438,-29.201341621761667,-23.324332839257984,-21.364253388936323,-20.5169893359409,-20.473862404329683
-20.876473720894612,-21.003454024305572,-20.878424024426245,-22.753769506512736,-30.294309158195922,-20.91764383262767,-22.66644077649276,-44.78699192429668,-59.42190438117035,-21.29735922636021,-20.91921883954603,-21.041932210951746,-21.04260881221325,-21.26319314197465,-31.23447893077868,-21.070728981680293,-20.973687622750678,-20.86634133494602,-21.8484285093788,-24.15578144876063,-29.38729320951349,-59.731145536684394,-227.90998299779488,-94.33132216021232,-22.19716745491204,-29.31598443168618,-23.644011347495216,-21.725417340080867,-20.918876081596444,-20.88003151224814
-20.32159081866369,-20.455208842747485,-20.317224953777735,-22.269009536442876,-30.080361673712254,-20.36158149795823,-22.20884853937606,-44.789492344622715,-60.91939793210684,-20.768338560341938,-20.370819991033642,-20.49942806974512,-20.504905328698822,-20.752194829396718,-31.275389897091166,-20.547215206367646,-20.428919633734868,-20.310346729821166,-21.35515215397224,-23.795721014327086,-29.18561682790341,-61.48500995695083,-233.8644334251768,-96.99877108642946,-21.740550072050844,-29.206765940134876,-23.23068462935566,-21.22648523341371,-20.364927033062873,-20.319534774472235
-20.76440500143854,-20.895452862941177,-20.763164526377675,-22.697164127232526,-30.281300646495524,-20.802911441499962,-22.594012278517578,-44.76969480378935,-59.49593657967766,-21.183124130629697,-20.810758977953693,-20.931403443449227,-20.937906126506444,-21.159537016260593,-31.18592954626662,-20.97346992339311,-20.868269994602,-20.755471343145672,-21.749773028520067,-24.086241959495034,-29.436760630957025,-59.65865807696201,-230.10695124822252,-94.33904724361165,-22.102994369808407,-29.34212825569096,-23.589427253667594,-21.622218682393864,-20.805816466474177,-20.764849301678293
-20.56919171842257,-20.695708261741075,-20.570591183152867,-22.425024079833225,-30.156051674264553,-20.613411740186013,-22.38361937195043,-44.851255807130386,-60.601270648702524,-21.016132546907134,-20.612351776660297,-20.742755890716555,-20.73888642639802,-20.980806940381942,-31.33964946866226,-20.767869266326997,-20.665029058350065,-20.55625035917504,-21.57319271602371,-23.958160509133634,-29.136726421325992,-61.35793338043459,-229.97910409594647,-96.66249700138766,-21.946170998430407,-29.17337999435037,-23.370037445715703,-21.452438579731666,-20.613935465119784,-20.572701292145823
-20.7275589975186,-20.861829197455105,-20.724122042842854,-22.70936481708095,-30.31731757027285,-20.763585833232227,-22.584928503563553,-44.794191919968085,-59.37292236311458,-21.140639623572604,-20.776797168649455,-20.894214694458384,-20.90596454355223,-21.12459006311303,-31.129868417391613,-20.946792562851865,-20.836764382478727,-20.720006462002793,-21.71771569423605,-24.06869633245255,-29.518838556706527,-59.34608878635888,-231.8164406115208,-94.02734282469078,-22.06970463555036,-29.383499104525754,-23.591672510776817,-21.586314932576563,-20.767880259831394,-20.72577706167539
-21.0959498046293,-21.22161170132512,-21.099563228515887,-22.96529557827059,-30.405863457082802,-21.13648981136474,-22.858020440792323,-44.8101483948772,-58.76251134771125,-21.503592187107696,-21.13725384489521,-21.256122423233244,-21.257080290711347,-21.465281974435214,-31.201470820161447,-21.281639775594662,-21.19141265977018,-21.086949400331534,-22.04471368736268,-24.3030286254402,-29.51503590498932,-58.88125729541865,-226.2552618790313,-93.09851884122986,-22.37775936432323,-29.38779889615995,-23.82276481887662,-21.922196572108962,-21.137467275598322,-21.100848368894713
-20.246600217187744,-20.38272375207074,-20.240355346784362,-22.229047175884016,-30.067191106030286,-20.28501268443037,-22.15898748940121,-44.785827060256416,-60.97892051314286,-20.692107618661495,-20.29798933069126,-20.4254532869048,-20.43439937124781,-20.682316674157008,-31.24512972820976,-20.48110105519635,-20.35802168239444,-20.23607722685809,-21.288913403536434,-23.7468417883725,-29.215412731579306,-61.45043018498143,-235.29877015198338,-97.03694928198482,-21.677074902286677,-29.224198110481552,-23.192628913316153,-21.15738473035992,-20.2893681550122,-20.24270583414285
-20.725079899301548,-20.84878723182987,-20.729038549887896,-22.54936514525272,-30.21370260078978,-20.77047567637401,-22.505834357268345,-44.876647478118976,-60.24732017772533,-21.16703279365933,-20.765690813018864,-20.895289662324032,-20.88844023464605,-21.12383949619581,-31.342414800703004,-20.91160406950597,-20.816516180904312,-20.711983998486325,-21.710946468613006,-24.058354941972446,-29.165316027451336,-60.98815837992403,-228.11258805296802,-96.09789424662432,-22.073852118611104,-29.18726015241407,-23.47639437840673,-21.592948431209567,-20.769976420014405,-20.730962857020405
-20.7105212905003,-20.834117407004637,-20.714526679231223,-22.532730026088164,-30.208793437248488,-20.756144188316288,-22.491925755679205,-44.88482857496187,-60.312199534838626,-21.153997023936977,-20.751103829575566,-20.881126366340474,-20.873911748469173,-21.11045190124529,-31.349243708314738,-20.896950488099847,-20.801750302827347,-20.697245469546,-21.697845649703986,-24.0495128399963,-29.150739166759145,-61.08063819789734,-228.21320402993462,-96.23223459654415,-22.06193902554985,-29.17858097525575,-23.462472803800036,-21.580078924398503,-20.755571594009787,-20.71647697550123
-20.895956309652036,-21.020000313686378,-20.900138889165966,-22.732232038218193,-30.283598550284395,-20.93958655805189,-22.66327414519113,-44.828043134575026,-59.585961397048735,-21.323136434408045,-20.936304758537258,-21.06172076322801,-21.05748151589032,-21.280993397449038,-31.284030546953325,-21.08034177033932,-20.988259713004396,-20.884463538766262,-21.86424291151747,-24.166626755651976,-29.306875237348013,-60.07398443135885,-226.89205048507642,-94.774425017815,-22.213848879377828,-29.26988829285831,-23.629735993296222,-21.744838348923185,-20.939509742626306,-20.90178026492253
-20.43280666552875,-20.559772593593323,-20.43351116087049,-22.288819133353062,-30.111420040416505,-20.47783732968274,-22.26347006295196,-44.893097592937124,-61.097698617981365,-20.89005423869252,-20.47676489730879,-20.60980409868489,-20.60502599397002,-20.855699592823054,-31.379484760787598,-20.635500463810054,-20.529162374853442,-20.41894745085515,-21.451678961231554,-23.874582047225033,-29.04829816763084,-62.0133980759571,-231.2650982942547,-97.62179896899099,-21.835009713669173,-29.12274135026034,-23.255826697020453,-21.33113689523599,-20.47833937043397,-20.43582951810074
-20.433935173146367,-20.557475192858345,-20.437281424197845,-22.24505972008237,-30.134481959127342,-20.482078564406677,-22.24265607180852,-45.01795462679141,-61.410779051517544,-20.9014370718443,-20.475637789291472,-20.611625155183482,-20.600989937059502,-20.856732785290085,-31.448891518867324,-20.625342656204037,-20.524698519271656,-20.41828698425135,-21.45066568205532,-23.885854904248397,-28.940937907766198,-62.571201410068106,-230.80793974157984,-98.42581750678686,-21.83624098644875,-29.05361796320191,-23.220394162612074,-21.334754648530744,-20.48103842115193,-20.439683044520603
-21.31713462617827,-21.43076914110152,-21.33090602382071,-23.035996985273705,-30.45738948357391,-21.366553374279796,-22.97689476416988,-45.04993242433261,-58.8775919648006,-21.737831933796265,-21.34849400905503,-21.474009650576523,-21.45663097202918,-21.665054030716043,-31.343447853023733,-21.457692808621562,-21.39306593491846,-21.3039203329945,-22.234487521223958,-24.43787971007498,-29.314225521253345,-59.47723926793642,-221.80209728276262,-93.90851538475081,-22.55675447851159,-29.269273978456006,-23.89117334159466,-22.12571510995673,-21.362415587281156,-21.33202812980912
-21.153608745732782,-21.281951785186582,-21.155565668673255,-23.066834382693315,-30.493459967711377,-21.191354416369347,-22.93172923874194,-44.8404048268666,-58.38234692072777,-21.550489792147914,-21.197284203467845,-21.311361990626782,-21.317743963937527,-21.518331670624868,-31.13912420646163,-21.346417027771427,-21.25375262063811,-21.14646002730163,-22.09788355823435,-24.352183568555585,-29.649800193537406,-58.24661313364098,-227.23071726047635,-92.28380372073208,-22.423802031349336,-29.459200571276984,-23.902092278738905,-21.97171429943495,-21.193645112667852,-21.156698293380344
-21.329774745673458,-21.454835397786713,-21.334642108991492,-23.202973941238625,-30.555352018030113,-21.368983839054067,-23.06926114623599,-44.87229515999418,-58.03957400516731,-21.72191635236808,-21.370371319390163,-21.484073466245277,-21.48669290034747,-21.68081496595451,-31.159615256812742,-21.508742948454696,-21.424784297966106,-21.32239650363136,-22.254747060475566,-24.46676279544078,-29.68042817640381,-57.90920603677709,-225.08240558870096,-91.72190470160376,-22.570419104978665,-29.480000269141115,-24.02250758720535,-22.131679778019265,-21.37005461992084,-21.335560809715492
-21.263936169354416,-21.390320686325495,-21.267635962517492,-23.153432846905886,-30.533615675527365,-21.302510947672864,-23.01856631187195,-44.85927390837793,-58.160921063597826,-21.657632273193702,-21.305774021969608,-21.419503844198644,-21.42370659661871,-21.620140703187058,-31.15030974636169,-21.44841953248986,-21.361028811355013,-21.256690421839075,-22.196185677661926,-24.424306511748366,-29.671823103566588,-58.022877561147155,-225.91734917987623,-91.91478335255415,-22.51563881528476,-29.473614962649002,-23.978471049785348,-22.07184565424377,-21.304083388289875,-21.268634151041486
-19.992775713881624,-20.130509830897328,-19.984732802696342,-21.9855240866237,-29.971599173522122,-20.032018057805022,-21.9404534090654,-44.83803611050489,-61.840770383697674,-20.454843475938507,-20.0459914567777,-20.177907377680395,-20.1863298348814,-20.44920703040173,-31.307432818726454,-20.236986972342436,-20.10643615990754,-19.980983929680807,-21.063660483612328,-23.585785403959274,-29.08063551391681,-62.5450269975998,-237.7905865723738,-98.64280349405793,-21.470511686734874,-29.15433554126824,-22.989904074067265,-20.93126311195383,-20.036664811571047,-19.987429485493447
-20.674574532306277,-20.808964091416314,-20.67086819930228,-22.65507949283077,-30.283882693441655,-20.710920970627367,-22.537136116614832,-44.78393282457998,-59.54733669377704,-21.091287288439634,-20.7239484072329,-20.84260114509019,-20.853911136636366,-21.07583314981934,-31.142397624799102,-20.895277009874754,-20.783881236629476,-20.666654588561602,-21.670343635575435,-24.03187934877786,-29.48203942861292,-59.57913903867119,-232.10102804244283,-94.35444484956625,-22.026389694431174,-29.364245429525447,-23.546685331794045,-21.53904118701011,-20.715187122848505,-20.672602610390822
-20.388694912829507,-20.523713124504383,-20.38361073370533,-22.362033109491602,-30.125260372333724,-20.42685748150951,-22.280207690237933,-44.7709509510658,-60.53406726654273,-20.82585849543261,-20.438929271429465,-20.564157199046967,-20.572984132037874,-20.813089785837025,-31.219448796915465,-20.617124614736273,-20.498520806520062,-20.378762217483732,-21.41524871754252,-23.839062818810135,-29.284807989977047,-60.89645645618893,-233.92039016623576,-96.2161641611691,-21.793381840665365,-29.260495560886604,-23.304248479575723,-21.28446881063187,-20.430950235729554,-20.38577303446162
-20.651796992870242,-20.786212828451866,-20.647991604057097,-22.631339998867126,-30.269413868203397,-20.68830356461628,-22.51641606781344,-44.7799826881099,-59.62508056487407,-21.070150966408015,-20.701209502229325,-20.820424311062304,-20.831499560618944,-21.054888791456495,-31.14847369502244,-20.873056648994922,-20.76110540996861,-20.64370567637711,-21.64998229055914,-24.01609070601866,-29.46538701800523,-59.68418960956765,-232.21612650321677,-94.50100333942501,-22.0078096296652,-29.355540144138306,-23.52708650235843,-21.518752406535313,-20.692546173878753,-20.649760826732482
-20.885459966557015,-21.01227839490538,-20.8875552743823,-22.760841892341773,-30.297558873085734,-20.92669934423863,-22.673481713180628,-44.78835664775465,-59.40281595433346,-21.306078728089894,-20.928055237762223,-21.050734553502622,-21.051233884517995,-21.271466679289695,-31.235053548872806,-21.079024201040014,-20.982418892890177,-20.875317839977384,-21.856402043877463,-24.16160945437504,-29.38892075561811,-59.71172797849351,-227.80109732866245,-94.30029064900724,-22.204594045283535,-29.316909650160603,-23.650162050803445,-21.733547740573446,-20.92787200363634,-20.889152152258124
-20.741002115911098,-20.871762482364538,-20.739876240231844,-22.667968584322278,-30.263239562221706,-20.779952640855125,-22.570391058579204,-44.767446403374755,-59.60179585518563,-21.162275147490732,-20.78713661265352,-20.908728397688144,-20.914435326789015,-21.138086968577735,-31.198558854637135,-20.949676779195137,-20.844332698622352,-20.731725554269236,-21.728722859385663,-24.069765650658688,-29.408910674489178,-59.816054263420895,-230.10857920389273,-94.5507128138041,-22.084119910159338,-29.327183602858057,-23.565862201858547,-21.601643163065116,-20.782689982291974,-20.74160545663222
-20.91501974750154,-21.03207366038831,-20.924806726467057,-22.662296616533713,-30.30363063378706,-20.96475096438951,-22.634777036254157,-45.04145333407704,-60.07915147986607,-21.35951132077631,-20.95036475549453,-21.081468620429693,-21.065491754340204,-21.29662046474795,-31.40023771910768,-21.07533088772292,-20.995933763928765,-20.900133977661117,-21.87613719445552,-24.185337330252565,-29.106108833193545,-61.000467122991026,-225.52625744990948,-96.12857978643163,-22.227482156846182,-29.143999031025608,-23.572943765913315,-21.765631972225584,-20.961564711099935,-20.926548766886103
-20.926551753439185,-21.04379343476918,-20.93621501845823,-22.676388118527388,-30.30556688269474,-20.97601729766067,-22.646313692216367,-45.028955129723705,-60.020497040438855,-21.369570410506352,-20.96196360882789,-21.092698255953884,-21.077163657311132,-21.30730033767485,-31.393623430526183,-21.087296146629328,-21.00777420139429,-20.91185615763831,-21.88664423050232,-24.191885678310882,-29.12042205683384,-60.91455500773016,-225.4393076814287,-95.99911032487555,-22.23708507420514,-29.153070331355117,-23.584999563531838,-21.775814953221612,-20.972930292297644,-20.937934894015054
-21.06258278803422,-21.188163327718126,-21.066143719625693,-22.92897337894292,-30.38440034374627,-21.10346481377579,-22.826747395109937,-44.80596323984699,-58.88167741469504,-21.472919781996477,-21.10385892295225,-21.223643486284004,-21.224065307416865,-21.434536656589838,-31.211190660540733,-21.24868493361457,-21.15783156137605,-21.053264946577375,-22.01469077181405,-24.27981227744967,-29.486195485358916,-59.04825000609299,-226.38685505734958,-93.33286759527115,-22.35036379716456,-29.371727308206488,-23.792537210091776,-21.892453818362906,-21.104352447671985,-21.067484300687056
-20.484256193170026,-20.612279380890644,-20.48430639326277,-22.357284401061026,-30.125865998197312,-20.527862436314287,-22.317006971829738,-44.84249604775814,-60.79702187150603,-20.9339499244488,-20.528788074015733,-20.65963027866098,-20.657332901357858,-20.902770044411014,-31.338584699211907,-20.689390047118525,-20.582460411110844,-20.471393116890507,-21.49811395200659,-23.9035804046713,-29.121392545623646,-61.56200042028189,-231.02243314791647,-96.97921392945304,-21.876494545991044,-29.166140626289085,-23.312037313662746,-21.3758703421362,-20.528931252126334,-20.486514620790537
-21.05157698363579,-21.167752502940598,-21.062462054798413,-22.792470077079535,-30.350628332361783,-21.1009347145981,-22.752468731856926,-45.02490959777634,-59.63962412643964,-21.487104344018356,-21.085740165044914,-21.214742350627745,-21.198792952258902,-21.421836199161138,-31.374250919307322,-21.206223277413645,-21.131237656370324,-21.037396611894682,-21.9979551711682,-24.26968525808922,-29.184145294167788,-60.433003696572186,-224.2327439808722,-95.29481366555513,-22.339337065888223,-29.191104239457886,-23.683671351499843,-21.88768118661479,-21.097554187606026,-21.063992100931266
-20.157236212048208,-20.29328248081673,-20.15077108224078,-22.133081160949278,-30.02687495649564,-20.196508124384035,-22.077248276614895,-44.80563208159976,-61.339295162740434,-20.61045067045116,-20.20874901443643,-20.338562117504686,-20.346191783668363,-20.600557743998724,-31.281375018520848,-20.393290032845083,-20.268356277667728,-20.145919785664145,-21.20944265736822,-23.690080267717974,-29.145264348030008,-61.9438873310879,-235.92214789796483,-97.73039962751415,-21.605052180761522,-29.186940837414035,-23.114167272009475,-21.078439933232907,-20.20067607351043,-20.153264343646413
-20.24912833076299,-20.390064923313034,-20.240007297783137,-22.31131831361059,-30.14435462853023,-20.283370168353212,-22.197811791482117,-44.8223639500049,-60.53706374943344,-20.680608391577767,-20.304581952902144,-20.425635875870217,-20.44313692000633,-20.68149658643152,-31.129936957681995,-20.49687098186075,-20.368572369533087,-20.241197259358824,-21.291438348397175,-23.753385720370623,-29.38711700329135,-60.61856856038902,-237.52199415242006,-96.10679641771031,-21.671846886776017,-29.31241615940694,-23.24659081468107,-21.153837436980247,-20.289864412163247,-20.242197719105313
-21.690406653172264,-21.79917321260189,-21.70951295193899,-23.36423637108866,-30.629422483452977,-21.74112917873426,-23.28562550689555,-45.18321705786761,-57.943825857190305,-22.09384065024892,-21.71696142717412,-21.8384789624635,-21.816728438452596,-22.005874267726508,-31.328704684228782,-21.80598442873951,-21.759118165691273,-21.677976593162334,-22.56629901241921,-24.67816698351923,-29.467583875375148,-58.3447902643026,-218.57096879871645,-92.31248883253504,-22.86159518133362,-29.362644455989326,-24.171543518177064,-22.461072072572705,-21.735333893490598,-21.71004449731928
-20.22662559691024,-20.355728123679942,-20.225217284114493,-22.102951278735787,-30.047115663446043,-20.271594562614148,-22.091971230813975,-44.92846466010961,-61.73541645801337,-20.69545943099497,-20.27284464874434,-20.408481579241272,-20.404794929741048,-20.66662273617444,-31.414515298665123,-20.44003746710426,-20.32619149912415,-20.212140887906966,-21.269032919843482,-23.747279069904522,-28.963165431153595,-62.78913993010593,-233.5912095825049,-98.77887719749577,-21.666991234205643,-29.07683789000447,-23.099235395664287,-21.1468864591072,-20.272715711212253,-20.227810841720895
-21.40558604661763,-21.524362687522757,-21.415424825665934,-23.192814372688193,-30.5153645525244,-21.449731548806895,-23.092353610229527,-44.913336755686565,-58.21750194495573,-21.807099935775735,-21.44059056250127,-21.55959646160282,-21.55199988282934,-21.749272211148376,-31.24668754510971,-21.562371723766248,-21.49012361894347,-21.395655550289742,-22.318746358454053,-24.50142706564098,-29.53877706088894,-58.39618185322992,-222.3624029407468,-92.31595992798017,-22.633109416761194,-29.404845414909424,-24.02291259797112,-22.203031235472746,-21.44803551206847,-21.416330562297336
-21.619902547582196,-21.733275840445597,-21.63483901261649,-23.34603120167512,-30.60142671692227,-21.667130931987668,-23.251439350947447,-45.0426813079105,-57.87747229388326,-22.018176751890852,-21.65009677145688,-21.769404724434423,-21.754760936291333,-21.944245020301594,-31.28249532439971,-21.753563318440747,-21.695924854687426,-21.609094128690394,-22.507374910362095,-24.637378878471708,-29.54483966655597,-58.11235254425655,-219.8283843622933,-91.91215008737319,-22.80768976482826,-29.41018538731875,-24.156277127052267,-22.396981771041663,-21.66329278789507,-21.6354534687265
-19.705773994869787,-19.851641325181767,-19.69198440366994,-21.81580620454057,-29.92768014120334,-19.74042183569883,-21.74056347610842,-44.90214290863366,-62.19457640452457,-20.166766856490938,-19.766025895930945,-19.894942199109053,-19.913914964176094,-20.18037892064882,-31.21817833910572,-19.978057687908205,-19.832560773062163,-19.696017232521122,-20.80906135637747,-23.398165375350448,-29.15802596329884,-62.61953830463581,-243.23321273037138,-99.14025455723736,-21.226395837264953,-29.201396919608754,-22.830492252144612,-20.667436247039653,-19.74820524162951,-19.694834753851044
-20.211449886648182,-20.352809024715306,-20.20195330007281,-22.278348281047897,-30.129529932291373,-20.24564408776506,-22.16662309774024,-44.825886343532,-60.64009602812836,-20.64467967130894,-20.26730114464053,-20.388783157333314,-20.406543209982054,-20.646648503826956,-31.132935328354257,-20.461121895814674,-20.33153330326043,-20.203436650050072,-21.257904924212045,-23.728481789972623,-29.373709631885056,-60.737918944781896,-237.93789112839602,-96.2939506842614,-21.640701239737258,-29.30564428979877,-23.218468653481718,-21.119931647217246,-20.252264538635014,-20.20418742106024
-20.564975280343045,-20.70654369027038,-20.556834747599964,-22.658255160311526,-30.39754631360441,-20.59630497719919,-22.49296154197057,-44.94690166692625,-59.38471748281321,-20.971623609299154,-20.62095982575784,-20.73244812503668,-20.754953442833383,-20.970865480834295,-31.01875103744537,-20.80709628965952,-20.685765827488563,-20.559874376780314,-21.573036186381508,-23.9805045738164,-29.64916743873347,-59.02148393438458,-236.7950253006386,-93.97697544291412,-21.926483198686025,-29.4398336671163,-23.526770317644186,-21.433338859886565,-20.60350321330845,-20.558521661944827
-20.381956177704993,-20.51475627481959,-20.37832310237114,-22.32017370816322,-30.101184831201266,-20.422149688328112,-22.25778483585164,-44.78507510252513,-60.75995882130688,-20.82611719017279,-20.430403479782587,-20.55848043264,-20.563288523367596,-20.807832804230095,-31.27185370899778,-20.603935678530284,-20.48801861661252,-20.370779759542906,-21.408709060522842,-23.834559035841117,-29.20342799184092,-61.30503427131853,-233.14915111003575,-96.71818282323326,-21.790241136071636,-29.21591165741524,-23.27438798604931,-21.280796827637914,-20.42522504898769,-20.380561905521763
-21.025392104447167,-21.15209584499971,-21.028023714411386,-22.906435517307198,-30.376708700320588,-21.06558491972319,-22.80094385170953,-44.79763365010783,-58.92501353662377,-21.4356703424763,-21.06768220253683,-21.187067626851164,-21.189032908515557,-21.40029711107359,-31.19994967589002,-21.21580277077556,-21.122462359445755,-21.016346636675138,-21.98189170538689,-24.25660900086266,-29.494104589298043,-59.06167240328635,-227.00488141844215,-93.37674450789042,-22.319405641887673,-29.375572572259216,-23.77182854463016,-21.858449588897262,-21.066927308820432,-21.029399367741913
-20.027643612817375,-20.162438118866227,-20.021659174336506,-21.976583925207432,-29.97644268664132,-20.0692414708402,-21.951179994005706,-44.87284566424225,-61.99563777598895,-20.496076013993992,-20.07856189115523,-20.213008598535996,-20.21667939455113,-20.48274508052047,-31.365588962933003,-20.26248947438977,-20.13639516551944,-20.014535826718678,-21.094133709991816,-23.61332159071256,-29.004857300661694,-62.89244497481528,-236.6408245196582,-99.04229290232408,-21.502141396521253,-29.109608295324257,-22.98806825153563,-20.965460516683876,-20.07260887688803,-20.02439861107548
-21.379212272857853,-21.49516120719485,-21.391245993470303,-23.128417446096854,-30.48495464017958,-21.42608060671043,-23.048555081418467,-44.9705606170526,-58.50056131255136,-21.789476911203543,-21.412036876560634,-21.53433781712125,-21.52155554666733,-21.72362318039425,-31.295294083624448,-21.526735150192174,-21.458991532762553,-21.36765273964649,-22.292576071687957,-24.47919500560531,-29.43129183393954,-58.88471784976575,-221.783470457485,-93.02058459301873,-22.609916644928916,-29.341522615043257,-23.969954403294807,-22.18052205092534,-21.4230617583284,-21.39223555410581
-19.940969937087928,-20.085788378928697,-19.92859370100175,-22.04920355566604,-30.036535477483504,-19.97449987046077,-21.946423423373414,-44.872298695283305,-61.356284870483165,-20.385715434561934,-20.000042704434463,-20.124021542279394,-20.144329612104364,-20.396122033939015,-31.147423503274204,-20.20545471439926,-20.066341397051904,-19.932593050996203,-21.017373771390947,-23.551452488494775,-29.29493275469579,-61.537271149561676,-241.2438634045236,-97.59122330923881,-21.41655811905223,-29.266885377480612,-23.02172073716822,-20.876159123864756,-19.98220023114186,-19.931121387983723
-19.943428177119525,-20.087712418459677,-19.93134373229038,-22.04255274679351,-30.027335947216816,-19.977382381653527,-21.944554033700165,-44.86272748403587,-61.396486153012546,-20.389534074509548,-20.002045052708443,-20.12670425434684,-20.14610492761974,-20.398877607342236,-31.16018329771745,-20.206508014126914,-20.067935902257908,-19.93478609863417,-21.019645821721635,-23.552414611323194,-29.27746983545961,-61.6188300042354,-240.94289037545002,-97.6707898844849,-21.41962575530795,-29.258377552305703,-23.01814603504945,-20.879085993138048,-19.984857481689247,-19.933886913023702
-20.0520034311614,-20.194474276555876,-20.04130295146679,-22.127272291357443,-30.055507318954383,-20.08657532768336,-22.029594842364887,-44.83484403048549,-61.14397668474616,-20.494661543866762,-20.10896224769562,-20.233198958569723,-20.250840106085718,-20.49977881582359,-31.164015522778914,-20.308045885032247,-20.173690155481907,-20.04328150527626,-21.1161728333958,-23.622615370793298,-29.29347824385805,-61.36729621863697,-239.37667902133842,-97.2207382898259,-21.51030449604515,-29.26594379534962,-23.092462359125605,-20.977451376232285,-20.09343405257218,-20.043743780476113
-20.130936542228127,-20.26892883661534,-20.123144902003176,-22.13643335455815,-30.031889284403384,-20.168707062039225,-22.067641131784832,-44.80024819262651,-61.2567021684103,-20.580432155700727,-20.184056512529665,-20.312137073822036,-20.32287886549394,-20.575341186429107,-31.244515063102405,-20.373126144728673,-20.24529375206061,-20.120455334503625,-21.18630491081953,-23.67218477187333,-29.193519081014177,-61.73954681006191,-236.83452178206977,-97.51823619037481,-21.581253931792094,-29.213758735404355,-23.112484212024228,-21.05291525257794,-20.173710224071552,-20.125615871976443
-20.98135846170725,-21.112019177961905,-20.98114511169717,-22.920706231724452,-30.417837092917047,-21.018462526071907,-22.790661769349903,-44.81193115921107,-58.78331867779539,-21.38496910705238,-21.027213225921177,-21.142761988985367,-21.151203636713092,-21.359272096541268,-31.135911341809766,-21.184747654197412,-21.0850251434353,-20.97399619998141,-21.94409775766818,-24.23699499101552,-29.592559923407343,-58.698771397283195,-228.98464086245272,-92.98904791696249,-22.280755049029345,-29.42583186131433,-23.77539408218664,-21.81594880387805,-21.021532791525228,-20.98249678396696
-21.62833218754449,-21.73670510964421,-21.647582347901526,-23.296020991652796,-30.602087866551727,-21.679882812609225,-23.22661712525393,-45.201495099268314,-58.17448690855852,-22.037365382779083,-21.65485652426614,-21.777892728197017,-21.754872219492206,-21.9482431173627,-31.345503236047854,-21.743716760476918,-21.696342873684113,-21.615195129763872,-22.509759995336996,-24.637286313358782,-29.407435685112898,-58.67306428090234,-218.92453325746635,-92.80545359728704,-22.809421700463652,-29.324715789471217,-24.11252747514709,-22.405444426323093,-21.673838416206223,-21.648223606744622
-20.065945525576602,-20.204585544715957,-20.057546413365383,-22.077918176948202,-30.008575825952477,-20.103716417624824,-22.013391933798214,-44.811330163117375,-61.452916586533256,-20.518913173211686,-20.119711671835177,-20.24864558991388,-20.25967189104268,-20.51547194079945,-31.254355686802484,-20.311284030674535,-20.1812744754451,-20.055270144847192,-21.128638492322647,-23.63046192059565,-29.16743194858915,-61.97499501869436,-237.5525898914948,-97.87594471450555,-21.527996648199206,-29.20063564680468,-23.063173095810594,-20.994713818260887,-20.108900661498964,-20.06009733405224
-21.585001920182094,-21.701412307969672,-21.597325275453734,-23.348684651376715,-30.602322543892512,-21.629817633893857,-23.240553700038266,-44.977920979469786,-57.793585452911614,-21.978900801508054,-21.61772432454149,-21.73495032360449,-21.72519508377043,-21.91380589149969,-31.246480115412414,-21.730052878860096,-21.665993968732547,-21.575394135399616,-22.478662357985055,-24.62011531937652,-29.608669332340803,-57.8945467134663,-220.80204384801186,-91.58906894872132,-22.780741121911742,-29.44705038511863,-24.156979764727446,-22.36476619180352,-21.627309362506274,-21.597964112440593
-21.140243440972007,-21.267700424291064,-21.14275029898037,-23.039036764993654,-30.46524990624391,-21.178859286678907,-22.912486559924346,-44.82583043778661,-58.48699822423495,-21.540218136494023,-21.183107827250947,-21.298669641272383,-21.303324525719734,-21.506086224490144,-31.158372582487054,-21.330636452996007,-21.23885611299042,-21.132530551098622,-22.085453949425105,-24.33936706340248,-29.609491205332027,-58.42806902317228,-226.84349510397172,-92.50852279496793,-22.413362058446634,-29.438387740713374,-23.88089692722187,-21.960462019801504,-21.18072630602101,-21.143924692897155
-20.352741340309112,-20.489577974994198,-20.346391335696765,-22.353233464093147,-30.130739162170247,-20.389618723964837,-22.261067913518794,-44.77710880438489,-60.50847307149351,-20.78758769603382,-20.404554445581315,-20.528386692797174,-20.53997660646536,-20.779184428679223,-31.190296631087662,-20.587119635796874,-20.465558656009108,-20.343481836882724,-21.383501985634513,-23.816789752038385,-29.320827668819653,-60.776675921877626,-234.91962990879475,-96.12274072158117,-21.761965979527755,-29.27954249366431,-23.292586581668036,-21.25058659478017,-20.39446962934623,-20.348553863587174
-20.719311214244694,-20.844192159547816,-20.722354869526676,-22.559242983292044,-30.21118875187672,-20.763697728143836,-22.508500543382997,-44.846520784290746,-60.169456117809375,-21.1584474265936,-20.76079458602294,-20.889403599624305,-20.88451682052473,-21.118641247355523,-31.32191569989429,-20.90981690560998,-20.812685849833276,-20.706776300455356,-21.70650495319293,-24.053481975470618,-29.19824331539173,-60.83632113541434,-228.40206272394792,-95.88678860781754,-22.06906657446873,-29.207500404584163,-23.48383426013486,-21.58701881074187,-20.76372139808426,-20.72426228318604
-20.7315871735951,-20.84842556382355,-20.74107606377374,-22.471534362797268,-30.26357915388199,-20.783098123609413,-22.468948360923978,-45.14403661523751,-60.807126220499526,-21.192413906138103,-20.767739980161505,-20.9025805690348,-20.884208478890056,-21.12806429706702,-31.463644325471847,-20.894630291747774,-20.812036567764913,-20.715053202958163,-21.711558157000294,-24.07906989052369,-28.961646375091085,-61.992734114276786,-227.3112326787699,-97.61374593991961,-22.076726455851006,-29.053742603504517,-23.410194656828292,-21.602654260187446,-20.779555565371314,-20.743125894484432
-21.82632732555363,-21.928824726018647,-21.851469161935597,-23.436755145961822,-30.712812549915895,-21.881412053292596,-23.371155726770766,-45.43043842149106,-57.89036668789484,-22.23325829674487,-21.848155742682565,-21.97095309781,-21.940137227773697,-22.125351779735496,-31.374955714667657,-21.915803687224834,-21.885546094684972,-21.812139922574016,-22.68182245856079,-24.762892695167906,-29.404174889762178,-58.43753691957396,-217.0592189763563,-92.6095968399826,-22.965676964959684,-29.319488668084425,-24.22938116797147,-22.58327030161869,-21.87307695807393,-21.851785997153833
-20.6589577019441,-20.778316110149216,-20.666196914479638,-22.42613072960523,-30.221157510302362,-20.708854983517718,-22.418807688897388,-45.06823862405652,-60.87865137571961,-21.11893641440446,-20.6969815568478,-20.831537528954104,-20.81652544470969,-21.062264236954324,-31.444875230623126,-20.83204850923666,-20.7432845769213,-20.64307532521295,-21.64866306071868,-24.02899693796326,-28.981723428778412,-62.00388078506025,-228.17896100336762,-97.60177121307949,-22.01870024808515,-29.07082005700796,-23.37284032028269,-21.536866696393464,-20.70630955214274,-20.668319843085534
-20.765553772251277,-20.89375537527078,-20.766283301449302,-22.655114715180062,-30.247559663773288,-20.80656418044793,-22.57394310406104,-44.779708584538795,-59.72134503690758,-21.191811231963175,-20.80950732500884,-20.933519960271482,-20.935006835773265,-21.161085707514182,-31.242784336579447,-20.96584693816609,-20.86460297162078,-20.755139321404,-21.74964926773912,-24.083114336359028,-29.34200057845419,-60.08945102723675,-229.0036292762925,-94.86806575114403,-22.10583938595899,-29.290691820833864,-23.559876941464555,-21.625670546662423,-20.80817595235274,-20.768038409647588
-20.206818737428648,-20.340416722429097,-20.20213924557053,-22.147496980288473,-30.03453711796126,-20.247855181446226,-22.104653075926358,-44.82304043904108,-61.37720863769403,-20.663338928637756,-20.256319501065768,-20.387760688001823,-20.39170271668391,-20.647107044808084,-31.319831986362807,-20.43461102556914,-20.313890918128855,-20.194593211827364,-21.25300849940033,-23.72407745187063,-29.098302088252638,-62.10797708624279,-234.759620750061,-97.88570116730955,-21.64776161308112,-29.1592023090859,-23.130634729796732,-21.12495423203763,-20.25099385217235,-20.204631249877156
-20.567572537199368,-20.702714660961608,-20.563014923839983,-22.55373471257033,-30.229406235326632,-20.604137541878217,-22.444726661991357,-44.775640374482805,-59.865353858098615,-20.990379935640192,-20.617692421911713,-20.738149581362926,-20.749462009113596,-20.977190820526445,-31.158153193335288,-20.79267309282368,-20.67794051915009,-20.55917624172076,-21.574866554007748,-23.95958043569687,-29.42580978249813,-59.978980728950155,-232.97178990608933,-94.94053063596091,-21.93841903182706,-29.334503450977962,-23.461397715641258,-21.443115418893655,-20.608572867003073,-20.564894483136037
-20.619933608265676,-20.745394580093492,-20.622265999560636,-22.463476212240888,-30.17462876653331,-20.66466290636805,-22.422415990660376,-44.862234959736455,-60.49822219438421,-21.06566568914647,-20.66216196074139,-20.79244632121119,-20.787364630927215,-21.027390243363485,-31.343351772089306,-20.814216815707134,-20.714101244279625,-20.60686625626225,-21.61795432333091,-23.990986466905046,-29.14123871386564,-61.26034372057522,-229.3344503071973,-96.50893348579734,-21.987785856248607,-29.174918458592167,-23.403095932223884,-21.49828693008335,-20.664789898111728,-20.624319969739606
-21.35046534886063,-21.46697608592745,-21.361949976553976,-23.105683900396677,-30.47238661533129,-21.397067154956105,-23.02609035313585,-44.95707056242092,-58.55861733393208,-21.761559296864387,-21.38379848697342,-21.506227027440765,-21.494098305780817,-21.697395344480046,-31.293337820977484,-21.500514836613046,-21.431114700669703,-21.33894416795936,-22.267166021225812,-24.460670008737633,-29.425673596753658,-58.94524671119703,-222.08406346500857,-93.10671333226136,-22.586462379292442,-29.338204872328298,-23.950419328926433,-22.154590381758346,-21.394260204883444,-21.362979860957072
-20.858818412826775,-20.99153256982733,-20.856838316600324,-22.82350747297924,-30.375262163651634,-20.895132581438556,-22.693670672466933,-44.80526118708471,-59.04323061707832,-21.26621684492779,-20.906592064090702,-21.02263372883178,-21.033232259449747,-21.245903471224732,-31.126399439855714,-21.070800772533346,-20.965676859466562,-20.851521861846944,-21.83486637432167,-24.156674126323352,-29.56704925613596,-58.96480555763084,-230.4927906318937,-93.4359230413063,-22.178556131809753,-29.410163471301757,-23.68986639853422,-21.704773201235586,-20.898934754885037,-20.85833025208442
-20.43313662393185,-20.566148555679057,-20.42951364106701,-22.377508945465387,-30.126284338799618,-20.47269493176111,-22.305882932922568,-44.773930328199114,-60.544341743399464,-20.872484072666374,-20.481646318002102,-20.608208540860527,-20.61404758683643,-20.854686359940267,-31.24902785147479,-20.654748022961964,-20.539658111293896,-20.42250175601746,-21.454395270836496,-23.867418547123744,-29.249549769919337,-61.002026489677085,-232.86076543662102,-96.2949678860952,-21.831555339916683,-29.241044268828013,-23.32127419930149,-21.325959220169867,-20.475952500126446,-20.4316656239723
-21.01577695983621,-21.137929635465344,-21.021761923527805,-22.831422739486744,-30.331287021158275,-21.060096622326657,-22.75931586995569,-44.85126099467727,-59.305046455334406,-21.438517052549837,-21.054349807072867,-21.178924324954867,-21.172792967470702,-21.39097020182374,-31.284543862345963,-21.19158716691033,-21.105147515458313,-21.004310134201987,-21.970524308467148,-24.24414467804009,-29.339272880239356,-59.763368293548695,-225.58660076451997,-94.30736869982849,-22.31225707000074,-29.28810446317998,-23.714880091965654,-21.852844170779232,-21.059345778894688,-21.023247906417705
-20.326907639404972,-20.454101271613823,-20.32717543811592,-22.18151084722327,-30.082327206767676,-20.372697845345495,-22.16967352655099,-44.938569973118774,-61.50573087012778,-20.792753260116925,-20.371439741904148,-20.506614309460502,-20.50090231321829,-20.758678335085914,-31.41550751298672,-20.53231281722614,-20.42347537264213,-20.312264987484344,-21.35739358015421,-23.81166542960119,-28.976275577458463,-62.556794638437886,-232.31174601286014,-98.41876594436354,-21.748941525767904,-29.081149397664213,-23.16600956757503,-21.237207122344987,-20.373124810095295,-20.32965914296016
-21.015988830608258,-21.146706835870898,-21.015869335199604,-22.958306133389264,-30.444536715484563,-21.052773541403724,-22.82309317227658,-44.82486413734028,-58.66510362537239,-21.416965856470345,-21.061888928024292,-21.176451431882448,-21.185407525285093,-21.39114889651371,-31.12640256475318,-21.21880469529788,-21.119825668947136,-21.008937726815038,-21.975202506471952,-24.262040397623206,-29.62169349153998,-58.53383318874464,-228.8968111439867,-92.76340090444114,-22.309074577081464,-29.44123820215648,-23.806391522063503,-21.846803586905693,-21.055923030771137,-21.01716455589164
-21.43588853903121,-21.55723246534066,-21.44384850430176,-23.260295658654996,-30.565399853102626,-21.47751981164544,-23.13909274870246,-44.89752689086312,-57.94740135507885,-21.829151247374323,-21.47305482630737,-21.588545147226434,-21.585799002541123,-21.778094546309646,-31.199961167126403,-21.6006810330448,-21.52484626918673,-21.427503934578255,-22.348006342765167,-24.52956927077144,-29.644194594154875,-57.92773246521145,-223.11924830108867,-91.67494802185774,-22.658614402350672,-29.463821491656457,-24.07686764566223,-22.22893422240587,-21.477049322312983,-21.444662581179134
-21.614243473259524,-21.73242982621744,-21.62525569938126,-23.40335169695999,-30.642404788932154,-21.65725554543449,-23.28049395825657,-44.967162844725024,-57.58855627580395,-22.002014140940368,-21.648452218119928,-21.76311457147798,-21.75679477313282,-21.94165044134077,-31.2151245664435,-21.76480407862377,-21.69831203305368,-21.605765763596946,-22.506583738217326,-24.64613517365001,-29.687391670873772,-57.54748275107528,-221.27620197506783,-91.10279845647736,-22.805710890597478,-29.491578726011063,-24.20160737725382,-22.39031704365877,-21.65560827478825,-21.625821393362564
-21.44002035438103,-21.560445795902773,-21.448692112851,-23.251616769988303,-30.55506636542412,-21.48242996349538,-23.136062519183465,-44.90254429038069,-57.994836868257195,-21.83512983740754,-21.476374281649257,-21.592801163362584,-21.58848158674821,-21.781640209690963,-31.213780446722943,-21.60168039454568,-21.52742789705289,-21.43120649318176,-22.351066726090725,-24.52962609580544,-29.61814099746484,-58.028047426922285,-222.7553030688271,-91.80489299232745,-22.661961618038053,-29.44976446505936,-24.070796759537057,-22.23310733547052,-21.481543163280005,-21.44951476343743
-20.37974848616494,-20.517285699246624,-20.373065573669148,-22.393425968805527,-30.157920961076194,-20.41579733559823,-22.29109248347461,-44.78364088612444,-60.34711173290259,-20.81050287088602,-20.432130585798298,-20.554334969276002,-20.567511388266336,-20.803544653792127,-31.164977798369335,-20.6155219818638,-20.493783198382204,-20.371082892799087,-21.407641118580706,-23.83593420267823,-29.365952077027515,-60.52378384850191,-235.09843797382064,-95.80295595211682,-21.782851585534175,-29.302734561379083,-23.32358987695352,-21.273728191433275,-20.42100298558898,-20.375164302115945
-20.832366455498686,-20.956423590984457,-20.83635492206941,-22.665969589160955,-30.255629845357376,-20.876523866525325,-22.605504199092355,-44.83890763372604,-59.816997940125894,-21.264588601225274,-20.87289725377275,-20.999754947490594,-20.994786303911514,-21.222498564565118,-31.302454739020796,-21.018013219222897,-20.92457134121689,-20.820350074323756,-21.807249239728634,-24.125626247375642,-29.258389397901784,-60.388689490584085,-227.3490257531486,-95.22941601571557,-22.16170426055811,-29.24184223296163,-23.574097011601005,-21.688182557288346,-20.876352821456145,-20.8380984776104
-21.5377762843995,-21.658198244052095,-21.546794364509363,-23.354351063722998,-30.622442542560716,-21.579416578085247,-23.226431673093646,-44.93296006580848,-57.68585863787958,-21.92590518968614,-21.574040767186432,-21.688066087767275,-21.68484063145381,-21.871873194737063,-31.19501062904309,-21.697420631420613,-21.625438060423715,-21.529777848539414,-22.439269700214325,-24.599258066185776,-29.696530732713384,-57.600222070728044,-222.39569181882024,-91.2008958744269,-22.74281702303987,-29.494489030045674,-24.157370659549397,-22.320719440249317,-21.57868133848629,-21.54745445757366
-19.589798824997896,-19.731971446356614,-19.577802589531583,-21.62879710659366,-29.852540139972508,-19.62880648422151,-21.608572088867767,-44.95155464889428,-63.09154916378509,-20.073356077255582,-19.647443898880116,-19.78423783823417,-19.79494526235223,-20.0784596286686,-31.376682051120326,-19.85460441390458,-19.710195963148138,-19.576985911337765,-20.70732067305824,-23.334053773114587,-28.937990369111745,-64.02345423462138,-242.72629588052095,-100.91093578178382,-21.14160943830174,-29.08658576270578,-22.690281702133333,-20.57106878305121,-19.634733321708723,-19.580978105926633
-19.967571828273574,-20.113186473709426,-19.95488950450115,-22.091522522121195,-30.07041385661617,-20.000232484399895,-21.976840227595055,-44.891810388141565,-61.181602093045775,-20.407929044867558,-20.027303080604778,-20.149426310211457,-20.171478779976542,-20.41966704497427,-31.11683476185534,-20.233437557063848,-20.094249274261937,-19.959832823569606,-21.040798763051242,-23.570773692668755,-29.343525816967187,-61.260200581248256,-241.55363818612778,-97.26293408372561,-21.436211335063796,-29.290097252931716,-23.053063748604114,-20.8985019839657,-20.008309304814055,-19.95734796010804
-20.234960145841562,-20.37396630554941,-20.2268942507899,-22.263769398481227,-30.09904188186894,-20.270952528111305,-22.170015989520678,-44.794029972955634,-60.759630307467376,-20.672985845179355,-20.288762354113004,-20.412820278220686,-20.42673120802506,-20.669902688119414,-31.180939720412326,-20.477831741566494,-20.351198280340085,-20.22588879673809,-21.278830644602625,-23.74063176853969,-29.307873841997747,-61.01497446520298,-236.61054924206914,-96.55357641108021,-21.6636033093338,-29.272925671578864,-23.213662409418994,-21.143697580521447,-20.276579556813456,-20.229170124040056
-20.898592255657526,-21.02835275316947,-20.898675393932898,-22.81905079910924,-30.344095703059452,-20.937132044713614,-22.707469772396202,-44.78275244536219,-59.12902390015719,-21.310548797344058,-20.94368588000194,-21.062529230511984,-21.06838402236325,-21.283259826304732,-31.174598818588578,-21.10102575420428,-21.000562969830806,-20.89008802628199,-21.869514007752965,-24.175965515975662,-29.49733107729783,-59.21226301417502,-228.89155621306563,-93.67263512800588,-22.213701762549785,-29.3755245055532,-23.693188139075964,-21.742906348922155,-20.93966604730496,-20.90018087814569
-20.97476531097988,-21.110185874864918,-20.971663640231995,-22.990764512637302,-30.544646494862263,-21.0079662849748,-22.822501347451983,-44.93476877751567,-58.4796925906202,-21.36749252607413,-21.025127828792698,-21.13423273439673,-21.150964853596193,-21.35153444737241,-31.04435354870442,-21.191613740366794,-21.08628604212308,-20.96978313812742,-21.93949561815557,-24.253335866460095,-29.751133599666986,-58.0703260013598,-231.81285748207057,-92.34354143261092,-22.27009422305929,-29.500823877538195,-23.819802914781814,-21.80543672923599,-21.01312647368248,-20.972898874736916
-21.648318566396348,-21.76729651714882,-21.65883877739862,-23.450239230079276,-30.67915747220527,-21.690363755933813,-23.318010325839364,-44.977442402005146,-57.43435170490372,-22.031913809851595,-21.683211354209774,-21.79614351786196,-21.791600647614572,-21.973440174018116,-31.197372279270844,-21.800848648394183,-21.73383159608397,-21.640523958783046,-22.53801093413016,-24.673596012024742,-29.74001331945246,-57.30432503347089,-221.47155939809682,-90.76733761885173,-22.834145808408916,-29.520927643389157,-24.24022969657586,-22.420547087956407,-21.689135983359428,-21.65933547711889
-21.28691564251288,-21.407575409158515,-21.29489629865301,-23.094368561445073,-30.46310036677052,-21.330343065257157,-22.99683404695536,-44.873841417670285,-58.48028433738111,-21.692702229730738,-21.323693740281275,-21.443524876145847,-21.437889554186402,-21.640456968290817,-31.242610823746308,-21.452430065858014,-21.374350022499222,-21.27694468971721,-22.213267773946782,-24.42382763739746,-29.503995144726233,-58.688766472263524,-223.54590966786446,-92.74848835114508,-22.535495560032178,-29.383884053387103,-23.937926953670473,-22.09591459078513,-21.329327557315498,-21.29596740064662
-19.967305034580217,-20.106382307225584,-19.95833114708452,-21.9801584407869,-29.969973230983573,-20.005571507493986,-21.92713642592428,-44.83395257496839,-61.80962013939288,-20.427319289453617,-20.021624287345226,-20.152543093101002,-20.163013807501102,-20.425027486294415,-31.284199791298107,-20.215867503390683,-20.083188480003347,-19.95603397875202,-21.041164244495835,-23.568085454080542,-29.108850393194267,-62.438160917389105,-238.4586073974808,-98.54513670041791,-21.44810617917396,-29.170587389559735,-22.98249278227828,-20.907133075013768,-20.010782287616795,-19.96102177298517
-21.102383172399342,-21.22564199682658,-21.107788629338653,-22.93733460971744,-30.382447555759253,-21.14500002860574,-22.84628680204529,-44.82888527811963,-58.9179192175507,-21.515595701185568,-21.141645876688596,-21.263065570749514,-21.259868760785242,-21.470957296504558,-31.242624456007015,-21.28017348846238,-21.19379055349667,-21.092202208127194,-22.049057564411402,-24.302796383353435,-29.441915623221284,-59.19055990733311,-225.367963829619,-93.49562471786831,-22.383523114906613,-29.347430026692315,-23.802817750413546,-21.92950536166488,-21.144887968483577,-21.109112747742596
-20.743207992740146,-20.875129765015505,-20.74131714622153,-22.688418383031085,-30.282316135048614,-20.781125921730016,-22.581199163893046,-44.771155176473066,-59.50134305834409,-21.161230299546826,-20.790345076896095,-20.910429309599003,-20.91821896738099,-21.139809700697885,-31.174130762874768,-20.955312908704432,-20.848504982662693,-20.734557720255935,-21.731088731236568,-24.073487750326315,-29.450144283225825,-59.62743828801583,-230.59929237488072,-94.32526851953853,-22.084925794766193,-29.348905642817176,-23.580251914006414,-21.60254318159526,-20.784392467991463,-20.743012149003256
-20.79211326628507,-20.916098931784745,-20.796042485505872,-22.62297928838422,-30.238951058117195,-20.836679195090746,-22.56845647807244,-44.849798164232055,-59.971903887552905,-21.227787551329218,-20.832709355831508,-20.96054809047778,-20.95497761110208,-21.185477749599386,-31.31602667357393,-20.978290569196954,-20.88412596915976,-20.779723406974878,-21.771142135236683,-24.100051854169504,-29.225273524891435,-60.60257014142817,-227.63541699059715,-95.53883408171245,-22.128726473676956,-29.222551364643362,-23.53805573944302,-21.65239509670808,-20.836412107594306,-20.797852480598927
-20.985168779856068,-21.115141276739205,-20.98541914848018,-22.91392676006118,-30.40605291360894,-21.022833816886507,-22.78882367500972,-44.80426666368124,-58.820279255702594,-21.390206674278225,-21.030393556800288,-21.1467417712763,-21.154011233719622,-21.362923343583322,-31.148252940877367,-21.186436650991084,-21.087684539246847,-20.977482371095352,-21.947258959053524,-24.23738872422376,-29.57216551361917,-58.77942393316666,-228.62657273005036,-93.07645637801915,-22.28444072160931,-29.415654699999813,-23.771405307797906,-21.81994827167677,-21.025599572508465,-20.986781943884804
-20.64423584326228,-20.77529366316596,-20.6425939207526,-22.57034370180959,-30.21307009801248,-20.683729914613572,-22.484064124374825,-44.76583854289977,-59.92623794841587,-21.07222073627113,-20.69076222896687,-20.814414536128933,-20.8194529189239,-21.049077672248227,-31.221610601115273,-20.85575645872444,-20.74787165151558,-20.63431724544036,-21.642270665666192,-24.005085967616942,-29.344448231103918,-60.24626939587956,-230.78002064167794,-95.1659854750184,-22.004951390644262,-29.2921442121294,-23.484435263733697,-21.51528925160373,-20.686446404468533,-20.644467913641
-20.063952516306163,-20.20439893646649,-20.054451248864698,-22.105715130948557,-30.029019114678526,-20.100155755875438,-22.025073548974074,-44.813917969437526,-61.28687749030748,-20.511609340154116,-20.11919627181351,-20.24584640457588,-20.260060018673492,-20.512344296275746,-31.210074400885453,-20.314342770327475,-20.182307427968123,-20.054240720222,-21.12689729687729,-23.62895680844903,-29.23003608330562,-61.66151277964106,-238.32648458601446,-97.52127813908976,-21.523514922270117,-29.233743357317223,-23.08102187477876,-20.990673922234286,-20.106144336392564,-20.05694372035015
-20.333822395434208,-20.48126079809255,-20.321944455202964,-22.51326681139984,-30.41389746978032,-20.36240186889806,-22.326851858259033,-45.104535011672006,-59.74398245974419,-20.742742088244153,-20.395167441281565,-20.50436924376291,-20.534056196456127,-20.75351427408826,-30.953482337255785,-20.5951203499998,-20.463403111063666,-20.329862297603583,-21.366067238115637,-23.839875735331777,-29.681209906960405,-59.22701262356718,-241.58936515796574,-94.6585161702238,-21.72740190091132,-29.44535320753819,-23.38670567843446,-21.220172667250477,-20.371661647844338,-20.32378838345501
-20.353070451808648,-20.49799468520046,-20.34237290327738,-22.49041449371975,-30.335129413244825,-20.38335847554589,-22.32457217512201,-44.985965765368434,-59.85423870126736,-20.76654961943473,-20.412097121952172,-20.524533305736952,-20.550225541523528,-20.773515446444158,-31.00421277561516,-20.608258960626753,-20.478907988116035,-20.34801352035819,-21.383643786411245,-23.84103954507153,-29.607137316874606,-59.497301790512466,-239.66619007336425,-94.83676585421475,-21.74826665316725,-29.41492306803426,-23.3779744280936,-21.24073357980168,-20.391656768519685,-20.34427236011402
-20.105466045042622,-20.24867139918258,-20.094567760317673,-22.196939675416886,-30.102869647339713,-20.13898701979379,-22.084060383706067,-44.85142828759227,-60.87451803936666,-20.541799661222992,-20.16300561419748,-20.28477479701717,-20.304407249621242,-20.548067421251947,-31.12586670389364,-20.362227948173384,-20.22841695096767,-20.097569680170935,-21.163557999039266,-23.659875467989558,-29.359957687067958,-60.96497930054977,-239.4867753764485,-96.71125308290384,-21.551893664333978,-29.29842533944327,-23.146462838888805,-21.023714951361082,-20.146243231852996,-20.096901150262475
-19.946152409629523,-20.088386744226764,-19.935213209605603,-22.010252286606978,-29.994413988651893,-19.98182673838837,-21.931413250810586,-44.838356716268564,-61.58165044588931,-20.398158960927155,-20.00305291362711,-20.130441096971936,-20.146249804944866,-20.403215639610966,-31.211919953220075,-20.20383283299579,-20.06729240596934,-19.93642778681422,-21.02232552738409,-23.552887145680813,-29.205635591560785,-61.97316298691416,-239.91102770444888,-98.04458667558761,-21.4257936611714,-29.222330245633277,-22.998478083798105,-20.884330996102236,-19.988412782747794,-19.937825676017376
-20.503163131247444,-20.64126600547895,-20.496604649582963,-22.53403043672244,-30.249179113511367,-20.537740329648972,-22.40859184611302,-44.81134565300129,-59.85513613420981,-20.922965936103022,-20.555955082536332,-20.67411215026546,-20.689841452479804,-20.916454638069116,-31.11268907444946,-20.737827594112353,-20.61833082170395,-20.495795608820156,-21.517754474640405,-23.922370368860307,-29.47999159128929,-59.82659086224397,-234.81084360382266,-94.86964918095674,-21.88205947763213,-29.36045610187,-23.436893704488963,-21.382604528932685,-20.54338317761887,-20.498495012708254
-20.425826902154103,-20.5598338254677,-20.42151935646455,-22.385331025411233,-30.132581752106077,-20.46456458465464,-22.306549103579144,-44.76963011215294,-60.483512206177835,-20.862902870105394,-20.475162870906242,-20.600703571140876,-20.60821270949756,-20.847592151107726,-31.229392308129544,-20.65054497230018,-20.534016815530922,-20.415662456236813,-21.448131831569107,-23.862915247515282,-29.278132177129866,-60.874054332661174,-233.28103344083544,-96.14766150165183,-21.824617049612996,-29.2567245322621,-23.32565867532868,-21.318462537507013,-20.468261413254574,-20.423653710715477
-21.146765756699715,-21.2704152978139,-21.152020992224482,-22.989451877242615,-30.411571240973274,-21.18867373717176,-22.889833369681753,-44.82766944625159,-58.7375581178656,-21.555647506685432,-21.186278557030384,-21.306210013760616,-21.3042143621001,-21.511918698003264,-31.22487697228568,-21.324956605681187,-21.238932632631116,-21.13715281303297,-22.08920131401908,-24.33368671697374,-29.489287324048362,-58.92762329757543,-225.25914122835206,-93.12640788853622,-22.420017326749566,-29.3743109166996,-23.846060224184257,-21.96891700036307,-21.188809764327573,-21.153265514706085
-20.8045349457066,-20.930748018184413,-20.806824979124343,-22.66708994584254,-30.252053700473517,-20.846993429311894,-22.59522916339817,-44.801625910118,-59.74241454331257,-21.23311415315503,-20.84680631957258,-20.972083961886092,-20.970547149977197,-21.197026374834774,-31.269995414858645,-20.99774195919595,-20.900304307304374,-20.793405864111527,-21.783563820582636,-24.107649566417216,-29.30658068505693,-60.200709088877474,-228.12065214118536,-94.9875552453853,-22.138524783845654,-29.27040567577003,-23.57271523688718,-21.661901636839904,-20.847760306108086,-20.80856517270726
-20.0868984268718,-20.22984162925879,-20.076069407742438,-22.17261452387138,-30.085613326720967,-20.120786947950556,-22.06507217369971,-44.84430935740356,-60.96779387089968,-20.525426761667074,-20.144226717395547,-20.26686713248781,-20.28579807549743,-20.531300571457916,-31.139142385569023,-20.3434014439352,-20.20940213004181,-20.078712849479132,-21.14709944011018,-23.646763704382728,-29.336617843915363,-61.10462151251629,-239.43647551036995,-96.88696390604291,-21.537462091097076,-29.287100743320778,-23.127644846354965,-21.00765294798593,-20.12790316106188,-20.078440278983617
-20.65198397811479,-20.785613448818907,-20.64867347847763,-22.618894356185177,-30.25486481651536,-20.68916480128803,-22.5105391279856,-44.77180840087999,-59.68724480018935,-21.07240647055313,-20.700702399674892,-20.820942922848058,-20.8306298430437,-21.055378261465258,-31.165118536569857,-20.870980316326516,-20.75997495160716,-20.643482255778554,-21.649966286687388,-24.014384185296866,-29.438353224576048,-59.804938114235426,-231.83433681288787,-94.63662649205835,-22.008846103365013,-29.34179973936554,-23.518834495647912,-21.519717248798973,-20.693055919495055,-20.650464683745064
-19.91298966356413,-20.051960525379013,-19.903922979423818,-21.92067412415552,-29.948139174138014,-19.95184906603345,-21.87719764417958,-44.852368400177355,-62.04544074516072,-20.37807046876857,-19.967354084439265,-20.09979036882433,-20.10932663610098,-20.37551393581514,-31.310435681925185,-20.16233358080775,-20.02859026480258,-19.901196167074975,-20.99303125207849,-23.53478541201159,-29.064442371909436,-62.76329069868187,-238.85747374076578,-98.99912523672894,-21.40472371315341,-29.147294983456945,-22.93431701672138,-20.859402394405873,-19.956915439711683,-19.906702924478385
-21.271118544736026,-21.392475389273898,-21.27851112551898,-23.087486186705483,-30.46055602202548,-21.314054413569423,-22.987353874312177,-44.863587994340705,-58.48387025490503,-21.67638121136735,-21.30850442715848,-21.427968935160763,-21.42337544380095,-21.626087134280223,-31.234738809353992,-21.43927820109482,-21.35969272675932,-21.261369306018086,-22.199548005256187,-24.41438943314491,-29.513630286610123,-58.66744479223368,-223.84984066619032,-92.72491454623123,-22.52254482943267,-29.389176635034424,-23.931363260163227,-22.081419640523205,-21.313333674498608,-21.279596031590312
-20.21240504358444,-20.343996973721463,-20.20914697190906,-22.12345502275004,-30.034737207707707,-20.255220584632454,-22.09578304139299,-44.8631092169244,-61.55000196954212,-20.674677416367,-20.26040897532748,-20.39389539967969,-20.39437269167815,-20.65296123234101,-31.364068452717625,-20.43393128193182,-20.31610390152661,-20.199140290717835,-21.257369752794343,-23.731606406260656,-29.0347377057956,-62.43160160951388,-234.20125464059373,-98.3014174825711,-21.65399143654255,-29.12147535847697,-23.113734500906006,-21.131945780527662,-20.257452330650796,-20.211690872168006
-20.516453706000902,-20.648597082333442,-20.51367326835063,-22.452108087680827,-30.158701884712407,-20.556068511461127,-22.375430760786337,-44.76922528976422,-60.30625409350351,-20.951555299652938,-20.564098105370583,-20.68962710699891,-20.6949862777708,-20.931427297933347,-31.23969601867644,-20.733802236429664,-20.621670104215088,-20.50605003210844,-21.52847679231057,-23.921472983579456,-29.283436696165204,-60.71658521494406,-231.98927112322966,-95.8638309427029,-21.900026297133486,-29.259122958219493,-23.384546949628678,-21.400742768217206,-20.559069411905845,-20.515718866327976
-20.20115587789346,-20.340583712481795,-20.192723448079892,-22.234815398227134,-30.086991389502828,-20.23706984546545,-22.14237911194717,-44.79821422256718,-60.850147765980864,-20.640669788520537,-20.255357293868013,-20.379744353068215,-20.3939616372113,-20.638651835195812,-31.18309152246058,-20.445892334743228,-20.318040081261298,-20.192031748040417,-21.24878011740432,-23.71857147442302,-29.297248249424307,-61.11768029767157,-237.00816861471077,-96.71648015781837,-21.63566401681861,-29.26755252604164,-23.18888621250111,-21.113260547352166,-20.24282947346973,-20.1950377553845
-20.599033634305368,-20.7352849295938,-20.59391869891546,-22.60525676665108,-30.27264002450774,-20.63440348032934,-22.482195643920377,-44.79724564476494,-59.665052925056585,-21.016527299623075,-20.65011760827945,-20.76825845280226,-20.781920107076886,-21.005545447259095,-31.124587167767103,-20.826569871735202,-20.711302730100638,-20.591473436693462,-21.603159028834128,-23.984216610584287,-29.48861141690804,-59.65414649133761,-233.3966701442982,-94.54151355052069,-21.962574059576102,-29.36626439024852,-23.500654592440508,-21.469884428916572,-20.63937892569475,-20.595716670485505
-20.15298442722965,-20.293334539243506,-20.143845035866267,-22.19896537524883,-30.075325488479237,-20.18851265069983,-22.105463714266058,-44.80793231879076,-60.9503941635475,-20.593692605523977,-20.20802632264675,-20.332452092003344,-20.34767224239743,-20.593879831793174,-31.178465774532672,-20.40124019229703,-20.27132285880058,-20.14395734339374,-21.205965085852686,-23.68749247589908,-29.29364952254341,-61.20905094221099,-237.73352053800014,-96.88910198838187,-21.595323783581673,-29.265820386096593,-23.157064462890737,-21.06948893202268,-20.194602469742755,-20.146203017544813
-20.488695727056438,-20.626285315898443,-20.482378497536175,-22.510108728953476,-30.227731379162453,-20.5238167945258,-22.391307418372115,-44.79816771841773,-59.94768657172119,-20.91094329078499,-20.541036092746133,-20.66028664878982,-20.674932525306858,-20.903479731513354,-31.128581163447016,-20.722286781678942,-20.602996337046097,-20.480943360128578,-21.504798403547575,-23.910845326756355,-29.450896262942308,-59.977022477596684,-234.5920993863663,-95.05044063466983,-21.87108076966953,-29.346078684633632,-23.418860590924556,-21.370348191943073,-20.52921357663191,-20.484307012772476
-20.748887591526785,-20.8788646360297,-20.748321152691712,-22.664261882874364,-30.257466972627544,-20.788462453954835,-22.571759625288625,-44.7687803284155,-59.63685134610411,-21.171651058079377,-20.794345207399896,-20.91669096937651,-20.921108951682356,-21.14550343711669,-31.212160256184788,-20.955019915722467,-20.85090865248983,-20.739265422215045,-21.735486491776552,-24.07390937477743,-29.388529690878002,-59.89809483103713,-229.75059772605357,-94.64271826484884,-22.09114461593122,-29.316276658023575,-23.564350977719048,-21.609352350635024,-20.790856514392672,-20.75005818997653
-20.56724952677027,-20.69701746812182,-20.566269100934605,-22.469693543357852,-30.16405705312573,-20.608550297035798,-22.40447708685726,-44.78589213030549,-60.32235099945957,-21.004998781082488,-20.612879414699087,-20.739912235747212,-20.74171334363365,-20.978658635291897,-31.27338078941339,-20.776312311997746,-20.668547635662698,-20.556008856116453,-21.572986600823864,-23.954183010403142,-29.242102742470887,-60.84254491058624,-230.8410420817032,-95.9783162637902,-21.943148703884606,-29.235536382978594,-23.403272114008825,-21.448032233555214,-20.610552969962935,-20.568299207849524
-20.795864545104155,-20.92005093165319,-20.799650869999397,-22.629633675668064,-30.240731994419782,-20.84021759743323,-22.573229569081263,-44.843954668286585,-59.941298805874666,-21.230681550810672,-20.836598907020043,-20.964157060273784,-20.958979525461658,-21.188947602724674,-31.31111198021324,-20.982632824328448,-20.888218396708062,-20.783610012284477,-21.774626721334894,-24.10231044652697,-29.234539444071814,-60.55302646945205,-227.65238197378005,-95.46882961548934,-22.131788363298703,-29.22807532377307,-23.543478999963153,-21.655600417379713,-20.840047594541552,-20.801450448836437
-20.980259211476337,-21.105815388329127,-20.983571429798662,-22.842060973750524,-30.336749948608926,-21.021836330670943,-22.7510609019935,-44.80058507387666,-59.16755372154209,-21.396891812725485,-21.02164171344623,-21.14345412488175,-21.142861114354663,-21.358714927602275,-31.232878567732804,-21.167920883339658,-21.075284683766277,-20.97024792740096,-21.940761028677727,-24.223693423266937,-29.42112456975353,-59.441308115898735,-226.81893806749952,-93.89043193666913,-22.282761132261847,-29.335181107979984,-23.719900023075727,-21.818993022590444,-21.022582811906812,-20.9850448026983
-20.058510365651877,-20.19473569177146,-20.051642951427638,-22.031315788829765,-29.98923450223586,-20.098515658341785,-21.989108938907137,-44.83428418755702,-61.722183344881564,-20.519644519559705,-20.11040334689161,-20.24246722969886,-20.249094094722313,-20.510181796058813,-31.31723716405866,-20.297027378472762,-20.16974286606963,-20.046452508306587,-21.12179131225268,-23.62866545540333,-29.077279706697443,-62.45538352039975,-236.76842652657405,-98.46200678820519,-21.525321713605113,-29.15079089520056,-23.03043749378488,-20.991047874575003,-20.102592175468555,-20.054286265051246
-20.256332046754007,-20.40431499409393,-20.24384814340082,-22.4404406690912,-30.36555803076424,-20.28504614868952,-22.259913193319395,-45.08716485345843,-59.963322001658675,-20.669321062262433,-20.318137857181732,-20.428714878314732,-20.45839752707066,-20.68185697767858,-30.963376801193128,-20.520771145000385,-20.38672720136016,-20.252053192496742,-21.296896520259846,-23.78517953728618,-29.642758638529507,-59.49610919267021,-242.15294230924934,-95.0565589741297,-21.663543180630533,-29.426974627444334,-23.325584200447167,-21.15065429997701,-20.294432937772907,-20.24578939506273
-20.26701897419352,-20.413527465563448,-20.25521225170435,-22.426290475171093,-30.319122384481872,-20.29673349846548,-22.258051047794268,-45.017102063222055,-60.031517601466106,-20.682751709876786,-20.32747575830498,-20.439965464358675,-20.467304418461524,-20.69309478602723,-30.993737949542933,-20.527930744351796,-20.395230495098197,-20.262092116117966,-21.306713453904894,-23.785596030035133,-29.59872290906421,-59.65986417433267,-241.02481591843312,-95.16585441733692,-21.675384953072918,-29.40887110088878,-23.319957552157508,-21.16221778803347,-20.305559724897382,-20.257187800628827
-20.808673060932506,-20.92882497810691,-20.815656537082038,-22.59018504153491,-30.253008613314286,-20.85654667186364,-22.558256979660836,-44.96373045623637,-60.22866233074428,-21.253584073454302,-20.846505940614705,-20.97740259172335,-20.965446377014114,-21.199949780643482,-31.380571693154693,-20.981660181282535,-20.89441922738022,-20.794454526896367,-21.78331569266502,-24.1151746800895,-29.118469769390753,-61.0954750073915,-226.82594009410352,-96.24921941324848,-22.14168410027731,-29.155484305069354,-23.51205721176112,-21.669446276948026,-20.854578204148385,-20.817518060544813
-20.382829721917467,-20.50970010160612,-20.383480356674514,-22.235413562098127,-30.098111426207012,-20.428402123406478,-22.217848534890752,-44.920264534283305,-61.30803846941646,-20.844726483409346,-20.426916651794272,-20.56115361539987,-20.555586009311817,-20.809915833146558,-31.40046390002437,-20.586145725881106,-20.478949144418433,-20.368494024782997,-21.407061808756644,-23.84527394037006,-29.007729053385567,-62.302245693199595,-231.71907456121755,-98.04306710646534,-21.794421375943337,-29.09898457923284,-23.211250714603995,-21.286957172179218,-20.42877707214631,-20.385881971396376
-20.36938773466213,-20.501191404135316,-20.366405725040924,-22.291777875928087,-30.09045393838933,-20.410589479073682,-22.239243719477457,-44.80161954116902,-60.90055443884948,-20.817546007477926,-20.417087239854673,-20.546608588014767,-20.54949352861616,-20.796647466199627,-31.298670561269077,-20.588574029513335,-20.473739990789493,-20.357571184878267,-21.397201927568922,-23.8273449734283,-29.160104365324518,-61.54060668315918,-232.93294552638181,-97.0262601142954,-21.780911105920005,-29.19144759685135,-23.252654538904437,-21.270643292706175,-20.413189210884084,-20.368693317569136
-21.01134076941273,-21.137541982373577,-21.01428507576509,-22.884183270511787,-30.361655596675384,-21.05209128363117,-22.78429762522848,-44.79772975197855,-59.010777234253815,-21.42395294132999,-21.05321749184053,-21.173539060602675,-21.17445064923551,-21.3873559248757,-31.212836727623568,-21.200445112900898,-21.107527241642,-21.001919796943813,-21.96901286506611,-24.245902341427016,-29.46652477435434,-59.200066356397095,-226.8814527001723,-93.56091929066736,-22.308068953691667,-29.360462411529227,-23.754107165716135,-21.846272611738907,-21.053181804012798,-21.015694432302237
-20.549838522253065,-20.6822294290127,-20.546995934766425,-22.491218932014,-30.178308286740332,-20.588949714587066,-22.40771563047563,-44.76523718068546,-60.16048389327406,-20.981578428129787,-20.597628626396954,-20.722027376366718,-20.728245536152127,-20.961994111343635,-31.223366115789958,-20.767267317256675,-20.65554015688267,-20.539843298910473,-21.558358893484492,-23.943591929713737,-29.31739826413346,-60.50679649455303,-231.8695199714851,-95.57534188714936,-21.926950368772527,-29.27754370691266,-23.41634997473875,-21.430149093215828,-20.592117839703086,-20.548982059805557
-20.798829966928324,-20.925067673928357,-20.801084900331293,-22.661460323462556,-30.24951112649581,-20.84131470028577,-22.590204317706537,-44.80197214031497,-59.761206889290655,-21.2277951975371,-20.841134102379712,-20.966519701864378,-20.964957380057438,-21.191780045425524,-31.27122304586264,-20.99222658191311,-20.894629441841165,-20.787666221216387,-21.778466988936117,-24.103936931706905,-29.302994445667096,-60.225356277372704,-228.1665002154387,-95.02333464606048,-22.13384771743062,-29.26837631644233,-23.56797887109563,-21.656804011599743,-20.842083672650688,-20.80283365455429
-21.51291323827729,-21.630106079044104,-21.52436600020205,-23.283749962395426,-30.565308141852302,-21.5576073391199,-23.17975595269592,-44.952798990236715,-57.9739502836871,-21.91026056773636,-21.546412385679417,-21.664528108656324,-21.6553514617992,-21.847636804964846,-31.2488557948371,-21.662121175787227,-21.595043486684144,-21.503089121379137,-22.414252992746455,-24.57195543545447,-29.57507476711073,-58.116601082891236,-221.3667105243579,-91.90891246044418,-22.72135421188438,-29.426850301735193,-24.101271975440753,-22.299842491244714,-21.55534886705888,-21.525115684401293
-20.845938465559943,-20.970950894112036,-20.8492437728808,-22.693432946158723,-30.26498607001973,-20.889122788773694,-22.62448606212579,-44.816693934555346,-59.68942343886955,-21.2744829304128,-20.887166883200365,-21.012742960937516,-21.00960070995968,-21.235065570135284,-31.280569175500528,-21.03445689167912,-20.939769477050742,-20.834530116576556,-21.819986675051588,-24.13431313485434,-29.299488613736415,-60.1768486212271,-227.4975431569895,-94.93491705692554,-22.172715617922535,-29.26597584982446,-23.596181812752757,-21.699626714406993,-20.88940813418029,-20.85094467244139
-20.74016383176532,-20.86817478025008,-20.740952152893247,-22.62559541578985,-30.23324355633664,-20.78155858002717,-22.549387680870833,-44.783851788551104,-59.82939591401362,-21.16894311394756,-20.784013003949934,-20.908853488315582,-20.909694967349044,-21.137760798985756,-31.25420939045761,-20.940353364862954,-20.838838449210847,-20.72943868556904,-21.72683185147859,-24.06625071266596,-29.316135264381685,-60.2450245412777,-229.10291017510656,-95.08552196021117,-22.085181210278424,-29.276227216480752,-23.535595684747285,-21.60322557176275,-20.78304231921386,-20.742752323794594
-20.53150359602385,-20.66970937265853,-20.52499695554509,-22.565885897074768,-30.27156057298945,-20.565773539962986,-22.43543580218379,-44.82099332741021,-59.74761597045665,-20.948930120983814,-20.58437797227371,-20.701629504323304,-20.717891108354717,-20.9424149855955,-31.101864368892883,-20.765819589224314,-20.646881819671652,-20.524417189288716,-21.543061580318046,-23.94264152205109,-29.50528862903277,-59.67514352878668,-234.75559368047033,-94.66758761919594,-21.90490711700341,-29.373112947537116,-23.46262061526736,-21.40766106765885,-20.571502914477886,-20.526840413367577
-21.018784691065747,-21.142894825800834,-21.023288521262543,-22.86174847313201,-30.344557360806828,-21.061330939445433,-22.775869954891256,-44.81720671367607,-59.1437423159323,-21.4362057200274,-21.0589057246402,-21.181386868071037,-21.178707846245405,-21.394070934253506,-31.249015277362908,-21.201004559903073,-21.11144896193692,-21.00834709666534,-21.974496886201063,-24.247700686874786,-29.404133239837847,-59.466627849338295,-226.12151280235327,-93.90252328770164,-22.314695692817146,-29.32572365835823,-23.738333386015135,-21.854335965348522,-21.061477231382856,-21.024730575041623
-20.976286669626216,-21.107849089872214,-20.975477825631664,-22.929641391584262,-30.434727506392754,-21.01266223699587,-22.793047345827638,-44.82505931372503,-58.735826652020144,-21.378049429679997,-21.022975243899044,-21.13745683961242,-21.14743186304162,-21.354376918557147,-31.11964383574369,-21.18241707269018,-21.081455444418967,-20.969347787976677,-21.939857776566654,-24.2366588104048,-29.619357080794074,-58.594050321475365,-229.4752474182826,-92.87886137505694,-22.27578519847534,-29.43896728422201,-23.78053265713896,-21.810610890430258,-21.016129397750248,-20.97681456672233
-20.344619197772463,-20.471590862742012,-20.3450985566412,-22.1969727607819,-30.08795225324767,-20.390449430590987,-22.18415409594953,-44.93675813971974,-61.454237201616536,-20.809577577025383,-20.38893004298596,-20.523916108602336,-20.518044180939118,-20.7749147114184,-31.413221017070935,-20.548975018235822,-20.440847984069688,-20.330010457056847,-21.373058412303255,-23.822658752115263,-28.982390217533887,-62.49607588894685,-232.1053811720183,-98.32788400329471,-21.763371890882595,-29.0843471280387,-23.17905571685096,-21.253059697970333,-20.39080585925439,-20.34755942926812
-20.682571519067217,-20.823364511055427,-20.675349387484644,-22.77008136887155,-30.472919282273644,-20.713659080320625,-22.595321584664433,-44.98064872058376,-59.054940468668555,-21.082907845898124,-20.73789145771768,-20.847237725105153,-20.869809170637673,-21.07951944739569,-31.004637478747984,-20.9199811701185,-20.80225064317974,-20.67799565950646,-21.678191178053705,-24.063781415573246,-29.71183152563799,-58.6094859768049,-236.01741946578906,-93.37644197468043,-22.02345531612807,-29.471402028231623,-23.620774723681635,-21.538909733216762,-20.720687679956278,-20.67688033779812
-21.684938645175727,-21.7985880813744,-21.6998607499216,-23.41713563273277,-30.640628325507954,-21.731410048320107,-23.313106676548372,-45.045518163314796,-57.65167312863257,-22.077828413336114,-21.715202540101807,-21.8328080295373,-21.819325820127716,-22.004489959950387,-31.266865261449766,-21.818276644006698,-21.76156240564904,-21.674813211586542,-22.56642115959382,-24.6826562944782,-29.60516986993408,-57.79115577587405,-219.5730265748985,-91.44568865289165,-22.861953099096894,-29.446414763779618,-24.21688078204094,-22.455268752931406,-21.72778983041959,-21.70036155415613
-21.593095436933734,-21.70761958718012,-21.60698661824064,-23.332641257714315,-30.592535693747372,-21.639518013571053,-23.234733439121467,-45.0135113626022,-57.88958245244728,-21.990716550188026,-21.62426211234131,-21.74312322518901,-21.730179604265533,-21.920218583305772,-31.27173224337058,-21.731375839732912,-21.670959800977332,-21.58262485292785,-22.48425871847994,-24.621314592097903,-29.557824541772447,-58.09132895667856,-220.24371831384062,-91.87508057414101,-22.78630421347211,-29.417689606862844,-24.144452916068012,-22.372626795352584,-21.63616222218112,-21.60763429623265
-20.115688925180034,-20.24983828836952,-20.110381860406104,-22.059711309860056,-30.00394580025641,-20.15705779539091,-22.02613932626519,-44.84755184567311,-61.694649417302685,-20.57839767486073,-20.165863208965717,-20.298895822536725,-20.302606219196427,-20.563510380365134,-31.343803393394467,-20.346901169167896,-20.223518391026264,-20.1029852831273,-21.17215086867841,-23.667550501731373,-29.048679503057098,-62.51376071114887,-235.68733942739416,-98.48167591745045,-21.5736921545479,-29.132694460738072,-23.057454050488815,-21.04385486951857,-20.16028790196486,-20.113001547357264
-20.421435418392573,-20.551629785513427,-20.41973624423976,-22.32265177068002,-30.105471869301667,-20.463630790363784,-22.27510560318139,-44.81495852985995,-60.844953640848885,-20.870006072200717,-20.467768184550025,-20.5978118491422,-20.5985265533901,-20.84479197208448,-31.31501151299513,-20.63463383302039,-20.523170930416246,-20.409196700785863,-21.443017881521186,-23.861656324048447,-29.145521192677542,-61.5352411093822,-232.07097231032915,-96.98053351635717,-21.824302539785684,-29.18193736172804,-23.280622649177744,-21.318279862441912,-20.46558425238079,-20.42198654963384
-21.00113472557546,-21.12941103972919,-21.002584376465272,-22.90458402305587,-30.38545404606441,-21.040144011752854,-22.790502781468838,-44.79524567287068,-58.89076390971233,-21.409243931931424,-21.044826812696083,-21.162913870824134,-21.167371619694933,-21.377869001587133,-31.176632312067415,-21.196931711879415,-21.100817360029623,-20.99270238406948,-21.960875123409124,-24.243615254136188,-29.527495782731883,-58.9488257819475,-227.7742923297243,-93.25932150194237,-22.298698319552354,-29.392945939575903,-23.767317290557845,-21.835597095162612,-21.042165312873685,-21.003962693153216
-21.39797431030152,-21.520426231790875,-21.404973467502437,-23.236349759330558,-30.55668116583324,-21.438929596260937,-23.112392987244558,-44.8847609009219,-57.99513365837639,-21.791365984814554,-21.43615996441541,-21.551303429685607,-21.55008475188145,-21.743371146583645,-31.189559627696315,-21.567176856668148,-21.488718974027886,-21.389835034355862,-22.314584433450733,-24.506252653474334,-29.64958526110652,-57.951148726764885,-223.70409398042239,-91.72552322105265,-22.627259688814394,-29.465783903348242,-24.055072419910292,-22.194363101325923,-21.43890958775741,-21.405830565867966
-21.162482438904263,-21.28502667134332,-21.16861921188583,-22.990261631264588,-30.409439186252907,-21.20524405326823,-22.89622326964571,-44.84034272536651,-58.764861442292066,-21.572946007312108,-21.201045029813603,-21.32181014729917,-21.31805518879388,-21.52620905500841,-31.240193705035914,-21.336733898857428,-21.252815747034344,-21.152434921191027,-22.102617045692057,-24.342387089708502,-29.466053130051076,-59.00825574068921,-224.80588720459983,-93.22568803644415,-22.43302842821887,-29.361425772117574,-23.84815387426638,-21.983623978326683,-21.204898679157363,-21.169859616118792
-20.647345856899857,-20.776201684189935,-20.647250710452564,-22.54044550336625,-30.19488728891752,-20.688775139524395,-22.470855326537347,-44.78481923528636,-60.10073588684592,-21.081193565441225,-20.692071338110274,-20.81819789261224,-20.819387300497024,-21.052366748092414,-31.266121792779536,-20.85200149067182,-20.747261493375333,-20.636291990286015,-21.644182325202095,-24.00594142709204,-29.272935038595463,-60.57951477254575,-229.99516188206883,-95.58163378300664,-22.008965119431345,-29.25232458869244,-23.463455674900963,-21.519981164268227,-20.6904933993751,-20.649177353799832
-20.642161109760938,-20.7613018308857,-20.649535536177332,-22.406294014862528,-30.220149665606687,-20.69240300163845,-22.40247134159729,-45.08772433619454,-60.96453770393649,-21.10424388622366,-20.68014168245831,-20.815184051384808,-20.79961595126205,-21.046796597163787,-31.454746738767156,-20.81482267315007,-20.726133648914587,-20.626026535393983,-21.633465085543037,-24.020150834518216,-28.96266416436346,-62.1274910375825,-228.33888614435057,-97.78824800234631,-22.00485584536119,-29.05866250138851,-23.35591101003801,-21.522086563898043,-20.689736560139853,-20.65169051127431
-20.77774379779887,-20.908205931425496,-20.776941668988712,-22.702182071002007,-30.280567369858204,-20.816653607407215,-22.601825025740112,-44.76970876187109,-59.49535667645545,-21.19699546831915,-20.8235763098658,-20.94460938088029,-20.950238670108217,-21.17193926601785,-31.193981154854264,-20.98477140658714,-20.880646024842875,-20.768613340459197,-21.76150453754083,-24.09425153621867,-29.42721666377649,-59.68350666158299,-229.78904176111686,-94.35514476010675,-22.11435695303282,-29.33719918793568,-23.594819662858683,-21.63461885959828,-20.819314308323545,-20.77862061882607
-20.39907215859199,-20.538353781151876,-20.391445381165358,-22.443031800058385,-30.205658801755774,-20.433491757047335,-22.322280310598853,-44.81356413642966,-60.130181606805245,-20.823579518863372,-20.452969051312813,-20.572287002745792,-20.588784073296967,-20.820166350508362,-31.118663812821218,-20.639166079638898,-20.516018669638207,-20.39148241223654,-21.42497452749873,-23.85295655905036,-29.442143226562102,-60.14513928676025,-235.91340209314671,-95.3679337838806,-21.79584631719695,-29.34062505313735,-23.358990114200246,-21.28880751265863,-20.43949255897119,-20.393459220977622
-20.934333400275165,-21.0692200392382,-20.931356604018532,-22.939002845422987,-30.492304827949788,-20.968263333314482,-22.780708634437463,-44.89172289876497,-58.642632357880984,-21.33108361276882,-20.984153535712558,-21.095147085172258,-21.110470000923584,-21.31455815913904,-31.064217020013192,-21.150692460419872,-21.04492098314096,-20.92875885595055,-21.903108711212347,-24.220503572938497,-29.700999600031288,-58.31787122499989,-231.53835483537446,-92.65038600977148,-22.237742595790976,-29.476382985649753,-23.778876277633014,-21.769930246440875,-20.97313522223852,-20.93267041279547
-20.195594666631997,-20.33497672887237,-20.187170038304632,-22.228131488053585,-30.08316405511634,-20.231594856733476,-22.13695745336392,-44.79793345678162,-60.87553104988983,-20.63568674357351,-20.249764346867142,-20.37435892123315,-20.38842243320177,-20.633591290593444,-31.18623251514684,-20.440323020938468,-20.31239358738857,-20.186400221159026,-21.24383468023728,-23.714830814605637,-29.291423445945288,-61.15441257666273,-237.01930252342072,-96.76518264177321,-21.631252280755067,-29.264590549163483,-23.183572922816875,-21.108396247480805,-20.237325327984045,-20.189494464698853
-20.785594600425295,-20.917090898827677,-20.784129870391087,-22.726589660501936,-30.301668814470247,-20.82353800128148,-22.616870040960993,-44.77439619228268,-59.38638520819634,-21.201531301911476,-20.832318702689033,-20.951857608033908,-20.95941312757462,-21.17890823203678,-31.170810669550736,-20.99556282500972,-20.89026028003626,-20.77706892844026,-21.7688971410926,-24.101784844900113,-29.468437776614394,-59.48898299687024,-230.2015427709677,-94.11697814050589,-22.11991311610494,-29.358914384384278,-23.612777940062095,-21.64067881901761,-20.8266794041339,-20.78576945944295
-21.1053093846478,-21.230033639254646,-21.10963489214645,-22.961402453781336,-30.39942038911009,-21.146601787731385,-22.859659327381532,-44.81544078226939,-58.799510777927246,-21.514603470580262,-21.145795150684386,-21.265519489813926,-21.26493300583222,-21.473843488895024,-31.216009634417865,-21.287810300301498,-21.199202987508656,-21.095904315254,-22.052589729057946,-24.30740724593536,-29.491664327348396,-58.96999763477682,-225.85416156566282,-93.20516269925062,-22.38571816367835,-29.375191189166436,-23.821001768643207,-21.93119151148763,-21.147164858906002,-21.11092469378591
-21.720154465921116,-21.829707220822744,-21.738674650734794,-23.40390848402289,-30.64403869170106,-21.769957452799375,-23.317847067507827,-45.156943996441356,-57.797112230280696,-22.119605536057325,-21.747170158862236,-21.8674900157425,-21.84736002386031,-22.03399657260781,-31.313556932753578,-21.83800990614878,-21.790164909244535,-21.708348225031024,-22.59405777115132,-24.698877762235995,-29.51356457486524,-58.119695426878906,-218.51483514728935,-91.96777147250984,-22.887305873050092,-29.391392100152466,-24.20594918700772,-22.487668094406857,-21.764546883097907,-21.739149589532893
-21.664132427629724,-21.769778542674988,-21.685906386709494,-23.30341656688956,-30.629213689224528,-21.717764567192635,-23.242593553972274,-45.31005426403519,-58.231460312938836,-22.076593242843803,-21.688717056203853,-21.812777281673206,-21.785599070241872,-21.978839757798905,-31.37091437618802,-21.768729819082935,-21.727979896098546,-21.650022921301442,-22.538975307406602,-24.659768631158606,-29.360519710881437,-58.825739958266,-218.4191999331517,-93.0976906521885,-22.83543967744413,-29.293295122838508,-24.11682977990635,-22.437767485911348,-21.710587512635264,-21.686500141066215
-20.791236955986307,-20.91014470664578,-20.79917974488437,-22.556938552138693,-30.256135901655124,-20.840377854840767,-22.534788457914118,-45.01978031372788,-60.39935465391474,-21.24108142144156,-20.82833623445913,-20.960564303435284,-20.946308162114946,-21.18355659271223,-31.407980344593653,-20.960294823570678,-20.874969632412473,-20.776241984279764,-21.766719158693977,-24.107416956074882,-29.067664609185805,-61.37100457959623,-226.84699116757668,-96.66338533928412,-22.126856272769654,-29.12290637459321,-23.48378967007066,-21.6546058289954,-20.837830338770527,-20.801093362433416
-21.009909649697025,-21.141770015906435,-21.00904569473891,-22.970071354267137,-30.46791681657069,-21.045774411637325,-22.826489647689986,-44.84485456560754,-58.605318283860704,-21.40855628142969,-21.056877518170715,-21.1700589747508,-21.180960606242497,-21.385253301175858,-31.105812584347724,-21.216164031796126,-21.11564508467808,-21.00339605391444,-21.97013245100807,-24.26220364711461,-29.655953609398487,-58.401614765138916,-229.5388151801246,-92.62665169969256,-22.303025342545624,-29.457792877334164,-23.813176635397582,-21.84034022801549,-21.049425784606427,-21.010321432975022
-20.02167601234971,-20.159965679890842,-20.013361983559008,-22.0251579101937,-29.98647051933625,-20.06015548340945,-21.97065557377357,-44.82394449475548,-61.6663197184223,-20.479492398627144,-20.075255905818032,-20.205761602775997,-20.2155667048266,-20.475243929849068,-31.281260271346635,-20.26691006947506,-20.13633128548554,-20.01043509362185,-21.089336592358322,-23.60288823521525,-29.12182305556535,-62.28165302600746,-237.75211893150146,-98.29250023122987,-21.492932237140696,-29.176580961010842,-23.02100129033706,-20.956072082163573,-20.06510512522367,-20.015994205413445
-19.89952875028194,-20.04342663284049,-19.88749407096606,-21.988948694722133,-29.995976487829186,-19.934178928810184,-21.901632780692417,-44.85863110885265,-61.60602354029791,-20.35036144987423,-19.957874793005736,-20.084255459002957,-20.10238546304414,-20.359131534590524,-31.18787707651052,-20.16257250685724,-20.02334744419903,-19.890317248783862,-20.980815960676722,-23.523120087188822,-29.230729743388054,-61.92253290113213,-241.00680604872727,-98.06575561276154,-21.385240391048235,-29.235512693391136,-22.97615939408046,-20.840910348596765,-19.941418290552672,-19.890118679674544
-20.48377065192468,-20.617489253453126,-20.479837024824697,-22.442123965111556,-30.159187683460893,-20.522269448903508,-22.357269345358194,-44.76589601876614,-60.29139842287147,-20.917029488137356,-20.53277247283447,-20.65720543048608,-20.664941361179025,-20.90086996183468,-31.21617693895724,-20.70647351980662,-20.591586180165972,-20.4739331444496,-21.499746014950947,-23.90090784868006,-29.312397058641523,-60.62541045567278,-232.80159968824398,-95.78759189494045,-21.871949186756492,-29.27497679967857,-23.37304049581755,-21.370169414862847,-20.52593100938514,-20.481888989417975
-20.999185732708213,-21.121220304971434,-21.005213123157247,-22.81251123054559,-30.32318397948695,-21.043749606621255,-22.743380288473304,-44.85591939441019,-59.373388419076264,-21.42353789906893,-21.037711770190207,-21.16277900030231,-21.156250691459643,-21.37566809840523,-31.291127636110495,-21.174920424262076,-21.088327404201102,-20.98752035681972,-21.955547056230234,-24.233282863633587,-29.32270720396196,-59.86126169177483,-225.66994089216132,-94.4481215220975,-22.298601996519206,-29.278398270255273,-23.699045441650846,-21.838110357326855,-21.042919520663894,-21.006728294343663
-21.10792349644443,-21.235537664043463,-21.11020571541566,-23.007281554126358,-30.445577664098927,-21.14665828401925,-22.88385901684469,-44.81740024644749,-58.58208006651074,-21.509853520481908,-21.15094710466058,-21.26714003183592,-21.27169232650493,-21.476293970680505,-31.162998477339436,-21.299474740475237,-21.206727078703775,-21.100026144195944,-22.056479380409172,-24.31688834423279,-29.589238479765044,-58.55238862593612,-227.03701005836453,-92.68629630547981,-22.386723917346096,-29.427192304237508,-23.85412991931082,-21.93146535236003,-21.148546131146617,-21.111428474449013
-20.649468719850326,-20.7819304449981,-20.64690444461174,-22.597704998078,-30.234366694689406,-20.68768452164902,-22.49935146007461,-44.76500075355377,-59.79104775275236,-21.073217607117368,-20.697176282713116,-20.818972188512415,-20.82656071494852,-21.053480709725132,-31.190555981419653,-20.865096004039497,-20.755488485257807,-20.64033286917513,-21.647401102413248,-24.010446850918612,-29.39628788186173,-59.99937826711029,-231.32069060859308,-94.86455974559014,-22.007986758414106,-29.319912666446875,-23.504107397038815,-21.518626629032653,-20.691045818530114,-20.64873208453494
-20.8447070150438,-20.97089633366783,-20.847134974004526,-22.70888927580065,-30.271300947969912,-20.88684786107666,-22.631699682686502,-44.7976578632046,-59.59870377556025,-21.270178009577915,-20.886869711680518,-21.01122334769469,-21.010127633994383,-21.233975698142405,-31.25864931191484,-21.037058629980926,-20.940517571723184,-20.833899697124327,-21.81954317944958,-24.133970550592625,-29.336764169558414,-60.00541174417026,-227.84798117199318,-94.7072808053841,-22.17142640147693,-29.2875137631071,-23.60768033943468,-21.697697093322613,-20.88766817100913,-20.848811430944618
-21.46624312088975,-21.581100632091037,-21.479449343214064,-23.205031814341428,-30.525403315500075,-21.51337990720545,-23.120743728946692,-44.99771352021846,-58.28350899865058,-21.872526475461672,-21.497991340080436,-21.619357093678804,-21.605635976669145,-21.803316989440198,-31.292392091648107,-21.60821816632963,-21.544394914248063,-21.454872733549603,-22.37006086740431,-24.535958099341357,-29.467093033662934,-58.62312601784714,-221.0202149583137,-92.6450235842116,-22.68129182037901,-29.363047572728654,-24.0355467268339,-22.258818064782616,-21.509993516349216,-21.480306999460968
-21.328305441388082,-21.44474937357649,-21.33977648248266,-23.08183377760043,-30.46145117922913,-21.37514590640301,-23.005408303133844,-44.95998013481258,-58.638791728825694,-21.74125494860095,-21.36165189299027,-21.484624196968944,-21.472140026161473,-21.67692362549723,-31.299394274208638,-21.478554329733047,-21.40880392770776,-21.31656621554543,-22.24714180177058,-24.44595275153815,-29.40628136163816,-59.057522422249335,-222.2100076276821,-93.27046860309066,-22.56808509473709,-29.32654214497199,-23.9301536783094,-22.134784760615197,-21.372276955724356,-21.340844109724014
-20.369345865311598,-20.509791790550395,-20.360958650442505,-22.43103578634899,-30.21307688048831,-20.403038090569115,-22.304118087035725,-44.833546570613564,-60.14156812943345,-20.792992691135996,-20.424295601560747,-20.542788050061564,-20.560952786157515,-20.79208325970876,-31.101484082800777,-20.61315488594536,-20.488149001293994,-20.36212544567744,-21.398494261594852,-23.83544792380705,-29.460750495201772,-60.10459468727932,-236.70234698520818,-95.37600778788365,-21.76985544222347,-29.34912723029823,-23.345537900356135,-21.26101045647705,-20.409497962664325,-20.36298079869085
-20.171321768180057,-20.309437826228862,-20.16358181827802,-22.181380101737542,-30.052700674254048,-20.208630585318115,-22.105294131866167,-44.7939313126268,-61.08625185945435,-20.617102816390208,-20.224471495599392,-20.35135332954183,-20.362850467950366,-20.612218286558324,-31.225917610143252,-20.41303923292686,-20.285960746591222,-20.161245255894286,-21.22219847331891,-23.698205920873278,-29.22833857817306,-61.50194178545739,-236.60885887482064,-97.19079550327736,-21.61361616753641,-29.231893976341162,-23.148855864309475,-21.0884683344295,-20.21375714247454,-20.165985685658658
-20.44127314624671,-20.579477319760496,-20.43442117673444,-22.469901201342484,-30.209715330148164,-20.476256798667393,-22.35258872715046,-44.80054696201732,-60.06713822691456,-20.865469479844403,-20.494188477166574,-20.61386213292281,-20.628995258951946,-20.859583341832913,-31.12968558322936,-20.67755884928187,-20.556512849939036,-20.433459452431062,-21.462545109535885,-23.87949148723196,-29.436292301890497,-60.110710588815294,-235.13574105572818,-95.26498515879547,-21.831712888626004,-29.338307244355622,-23.384181644839593,-21.327535977854968,-20.481851151944525,-20.436403925829055
-21.43613672061434,-21.553830828164447,-21.44693565124085,-23.210238577690745,-30.5242377753423,-21.480998611443916,-23.112733105274202,-44.934254604240564,-58.19065883420442,-21.83795927843571,-21.47019434759728,-21.589582896431498,-21.580437211736136,-21.777003818406996,-31.25688364559214,-21.58860410445903,-21.51892865992468,-21.42591989062768,-22.345408741201037,-24.520169366808876,-29.52943940206685,-58.39793472877573,-221.8914710489472,-92.31430985518885,-22.657983102181845,-29.3997760478149,-24.038552256630084,-22.230848080674498,-21.478854156655913,-21.447806551325996
-21.52069152088524,-21.636542408920853,-21.533255620183876,-23.274268436276422,-30.559570414558355,-21.56651368314107,-23.177451342312175,-44.97773082249055,-58.03743467144448,-21.920586162244508,-21.553081146126953,-21.67232943456875,-21.660905008293017,-21.85413196222064,-31.266966562658595,-21.665079515108,-21.600597656695395,-21.510266872650167,-22.42009986355251,-24.574400410066332,-29.54019531778543,-58.25073615705564,-220.95438423248297,-92.1014512556317,-22.727094744165978,-29.406741654465385,-24.094107597797258,-22.307293312433533,-21.56365502529312,-21.534009730987957
-21.381063706456754,-21.500732503541535,-21.39012179829239,-23.17929942668118,-30.50913211721637,-21.424613838204934,-23.076213228631225,-44.89787592340407,-58.2371592492642,-21.78226175257426,-21.416853389162192,-21.535509179710413,-21.529198893749243,-21.726981152894496,-31.23790769558365,-21.541367622307984,-21.467045859675434,-21.37137684808231,-22.297340329145563,-24.486483048683056,-29.547251945165392,-58.3907120378768,-222.7598187923495,-92.3139000298128,-22.613079882420514,-29.40937638003981,-24.010636464886222,-22.180666868271498,-21.423288797084588,-21.391054233524105
-20.64864339189161,-20.771807389504243,-20.652821382651535,-22.462738599890184,-30.190261294518304,-20.69519942144888,-22.433223985388807,-44.92246692333549,-60.58776862657171,-21.098552981621772,-20.68915785486157,-20.8209136474216,-20.812219390022086,-21.053576391191836,-31.378087472191254,-20.83479516331415,-20.739068665120733,-20.63462275258315,-21.642207350956465,-24.012583064667155,-29.090301077513587,-61.47132638742981,-228.6802357557657,-96.80263650017906,-22.011318945486693,-29.14234494376314,-23.40377659389652,-21.525385596372985,-20.694334010113707,-20.65488150843826
-20.663932276413185,-20.792743237574385,-20.663918562852384,-22.55722690059948,-30.202364800644496,-20.70525982514741,-22.485643038761282,-44.78301635095504,-60.042943794170654,-21.096574211225732,-20.708585512769098,-20.8343636623414,-20.835678739092252,-21.06761089984027,-31.261761104708143,-20.868124756309886,-20.763805298212187,-20.65299300776446,-21.6589939580217,-24.016709119236527,-29.28414882875866,-60.50261509813511,-229.86748631112016,-95.47081417315877,-22.02252156027427,-29.25856674301255,-23.47747898292261,-21.534764329020348,-20.706984725060366,-20.665819994125442
-20.569112304327945,-20.7024757920612,-20.565689874504105,-22.526867909268226,-30.20124347813826,-20.607206155023103,-22.43259894636204,-44.76429322850319,-60.00715146826208,-20.99663783877861,-20.617692361326398,-20.74040156024489,-20.74858454623692,-20.979350853743803,-31.19622769201029,-20.789039724154378,-20.67649491552707,-20.559791017376543,-21.57584327324933,-23.95750459358289,-29.365491992799875,-60.25384148872777,-232.15125453245386,-95.25334573488884,-21.941677934029823,-29.303290103878055,-23.44364517950008,-21.446314500638152,-20.610845699430136,-20.567618324422437
-20.198428018893203,-20.325154260534287,-20.198747012057215,-22.041745092612704,-30.060967570678834,-20.245849008462184,-22.051628841415095,-45.035464537385145,-62.088654973582805,-20.677383817669934,-20.243244672648697,-20.381603754396824,-20.373464933069776,-20.641208369218443,-31.478674963722277,-20.40469505103183,-20.294059168802804,-20.18242951217119,-21.24276540206093,-23.740822159495586,-28.865891285976286,-63.36321170242394,-233.5980964292138,-99.60296294088829,-21.64496538667188,-29.015249710383358,-23.04930523496772,-21.12409907950833,-20.245845356983047,-20.20145296535526
-21.013379779367266,-21.133517676679276,-21.02093835838398,-22.802168341727892,-30.326022185288103,-21.05952283065749,-22.743431946919983,-44.901592855920335,-59.470340352481664,-21.441588240188114,-21.050442906252947,-21.176978434518666,-21.16733720666383,-21.38823379120188,-31.31994073991384,-21.18243967864086,-21.099403642757117,-21.000867010831602,-21.96691669200728,-24.242479544247725,-29.274484782427113,-60.06419985421022,-225.14919892953202,-94.73512127500672,-22.30987949746228,-29.249073567034426,-23.69148546361601,-21.8518045469569,-21.05785578971624,-21.02246575003226
-20.496799814065565,-20.629711798561956,-20.493441148365214,-22.443256882547974,-30.15667908953801,-20.53590039601672,-22.363169805428605,-44.767099883676224,-60.312883661944795,-20.931298567015798,-20.545110673863295,-20.670204936106366,-20.676676646682147,-20.9131310425515,-31.22953711834273,-20.71684740441592,-20.603277650458107,-20.486641442264546,-21.511160921513987,-23.90894978910473,-29.29466248147728,-60.69119862339011,-232.4033638404949,-95.85251691387555,-21.883344210131206,-29.26535925349023,-23.375697709792547,-21.38254496713482,-20.5392179622526,-20.495495901039117
-20.706806317578483,-20.839445693223393,-20.70432223752954,-22.661212341480102,-30.271820415408577,-20.7443976963132,-22.55326714340426,-44.77113241809082,-59.57257152455297,-21.12569321600587,-20.75460639795789,-20.874709008920632,-20.883321156875482,-21.106119203515163,-31.16979564893454,-20.921778205360873,-20.81323948714656,-20.698233761078455,-21.69873144646299,-24.049977932583133,-29.44658227402789,-59.69283226292427,-231.10503157234695,-94.4425866278481,-22.054546818823194,-29.346646893343397,-23.556115597421726,-21.56946235706004,-20.747930218614332,-20.706055004174058
-21.367394342950426,-21.486146592727536,-21.377128390784996,-23.15258115358384,-30.493126282958297,-21.41186805038595,-23.057105050596007,-44.90971553600314,-58.34534414111327,-21.771799203084086,-21.402452291940403,-21.52236842595304,-21.51430504224836,-21.71402350076721,-31.255228935647594,-21.524854406716265,-21.451804044253826,-21.357132919502614,-22.28430121706224,-24.47520980077507,-29.507765396012502,-58.57317753536893,-222.5518322828925,-92.56996774809714,-22.60151195267488,-29.386701066506077,-23.98888562156989,-22.16884335252402,-21.41010323807552,-21.378097748818103
-21.25163280950286,-21.373395828454463,-21.258651447577755,-23.07274157365947,-30.453199913288366,-21.294365433796074,-22.972397610775225,-44.85689978974173,-58.52023153884056,-21.657351975911105,-21.289391227199754,-21.408881535051925,-21.404778479041997,-21.60822232994005,-31.232428006928323,-21.42153083282091,-21.340848268952985,-21.241927813842963,-22.182292258348507,-24.401840668845278,-29.51119767222985,-58.7020223054851,-224.0822852509499,-92.77887868491226,-22.50649747257098,-29.387606349719263,-23.91847261365816,-22.06377017726178,-21.2938006113963,-21.25976098778096
-21.364465872647155,-21.481131138793668,-21.375867881789755,-23.122197702568602,-30.47987366955042,-21.41081738268999,-23.039932443932123,-44.95279105915499,-58.50037171011462,-21.774121158591488,-21.397878591036836,-21.5198593071688,-21.50814868352459,-21.71038664793516,-31.28786890492445,-21.514780244296396,-21.44539675674778,-21.3531382470925,-22.27991743228215,-24.470142123688518,-29.441352500045866,-58.85997216547462,-222.03239251941818,-92.98230881246802,-22.598138925927895,-29.34761422738683,-23.964401162277195,-22.16706445987136,-21.40810042926193,-21.376872371876036
-21.45467496330075,-21.561060309025653,-21.475134556925006,-23.09752442997097,-30.551307826861187,-21.509310436787583,-23.05766096376208,-45.325016124359735,-58.90370379046955,-21.88196374867949,-21.480786279824667,-21.60828744230011,-21.580322914879794,-21.78639752149254,-31.407450198058676,-21.566260352626937,-21.519536446003897,-21.43916110124677,-22.350725405910868,-24.52904926329307,-29.217332666487795,-59.724088995114414,-220.11472329246956,-94.42464091175854,-22.662261239710464,-29.201436345228746,-23.93905767699131,-22.250148915584223,-21.502211331636403,-21.47608765902094
-21.395567482166296,-21.503354252553283,-21.414610979141226,-23.051709193672544,-30.520288996342522,-21.44946450000459,-23.01244607250174,-45.27600074295766,-59.015551909550226,-21.82426367205164,-21.42282171391769,-21.550643311310516,-21.52438217970438,-21.73312712288916,-31.403949638402064,-21.513476549560327,-21.462505408865226,-21.380213696171303,-22.29903259508096,-24.491253006534055,-29.209799338332434,-59.83860482826448,-220.66788783852954,-94.55894748323603,-22.6151679975549,-29.198156736810013,-23.900932112728146,-22.19711535814471,-21.442890951664605,-21.41565627284653
-20.462786023250217,-20.597172884458868,-20.45834939353308,-22.430487557958557,-30.156437625917356,-20.500874698501175,-22.34310439161369,-44.766689506258864,-60.31155961776291,-20.895828317430635,-20.512379264129027,-20.636511627461953,-20.645165648223184,-20.881336502213575,-31.20838324632613,-20.68787433267195,-20.57168871465274,-20.45313024128308,-21.481180070423658,-23.887570472366562,-29.319422087998458,-60.622369287596484,-233.20319670872686,-95.80776807173937,-21.854188944133917,-29.278757252383727,-23.361959093881968,-21.350856350134343,-20.504803860065866,-20.460414660259804
-20.265554592398303,-20.404844016290493,-20.257429800797823,-22.30105665738865,-30.121603292099657,-20.301049755070476,-22.200122419016452,-44.79766462973923,-60.61916740947328,-20.70035008203418,-20.31956450714374,-20.4424347153429,-20.457243316038145,-20.697739504909027,-31.16332161687186,-20.50855147190871,-20.38231259968286,-20.25688513777602,-21.306059361578633,-23.761525701007226,-29.341062699826672,-60.81023491347047,-236.57665152718806,-96.28405092352965,-21.68785761325539,-29.2897519565968,-23.243237719458556,-21.17044193409753,-20.30685018006167,-20.259649134440313
-21.585371439356333,-21.696779246463404,-21.601858880919433,-23.286448802921903,-30.578400232879893,-21.634605151189728,-23.206743895012536,-45.09669472681467,-58.1185352895079,-21.990720200754737,-21.614184403384648,-21.735876922405513,-21.717520877913984,-21.91099442140103,-31.31543425201642,-21.71266670398489,-21.658131296773632,-21.573320267502456,-22.474210285780277,-24.61133637933819,-29.459800038253412,-58.50652683979057,-219.63447381643905,-92.50778312973056,-22.777185927265503,-29.35830710060703,-24.10539179576729,-22.366452607325712,-21.629839875144576,-21.602550759745938
-20.468195139469515,-20.59572140231865,-20.46857133645432,-22.33350889461463,-30.12085634038332,-20.51239666470492,-22.299127846344938,-44.86158026303521,-60.90545264909549,-20.92072475648782,-20.51242094903063,-20.644124803346482,-20.64076084839415,-20.88809367513965,-31.354754035753118,-20.672036153615277,-20.565541093998814,-20.45493291343201,-21.483537945210067,-23.89465004435844,-29.09307124964245,-61.7297546162151,-231.05389438022047,-97.2154176678878,-21.863615406105747,-29.14934357953922,-23.292691224489825,-21.362041056561598,-20.513212440702013,-20.4708182324383
-21.14094843743264,-21.258332128087357,-21.15109329953116,-22.89944395259948,-30.379283286214253,-21.18848728784174,-22.84109841913125,-44.95788022205177,-59.223829403042764,-21.566151102963556,-21.17559026373275,-21.301779113384708,-21.28885288211223,-21.50467710616094,-31.33083092017197,-21.29809483016751,-21.22266990857876,-21.128114461979415,-22.07932811292544,-24.324664363110507,-29.288885993706792,-59.82557766212766,-223.69043701157037,-94.39017726214887,-22.41381073417542,-29.25607183624006,-23.77480791803585,-21.96694066666588,-21.185770788951714,-21.15245728141357
-20.5780371521639,-20.70559810458717,-20.578683732740252,-22.44893950256208,-30.159970464843337,-20.621233502198486,-22.39876398525223,-44.823119334082286,-60.47485128294928,-21.021221551577977,-20.621940305481505,-20.751090546402985,-20.7491511450882,-20.988864547572923,-31.31541645990064,-20.779914333781328,-20.67563746684116,-20.56572027599963,-21.581632433763808,-23.96235369958205,-29.177379735727545,-61.14328749286957,-230.1468920064111,-96.36650524987988,-21.953047774163807,-29.19765301253269,-23.388958230876778,-21.459467426670642,-20.62224723412195,-20.58075366177045
-20.869335447235862,-20.991058486355335,-20.875235219450516,-22.673163030388146,-30.268744821804425,-20.915275883663472,-22.623289817165677,-44.891007297780774,-59.871174423959815,-21.304918954462764,-20.908027794789106,-21.036276859454983,-21.027705536010348,-21.25611091078939,-31.333915216699374,-21.046501452319003,-20.95773224114235,-20.856426811010582,-21.83883708514067,-24.150405023912402,-29.213086183120545,-60.55190117111004,-226.56477627067363,-95.45115496268934,-22.191884153942073,-29.213706957520458,-23.5817552675486,-21.722551843867322,-20.91410500062861,-20.87696721317234
-21.193194927958732,-21.32313350913913,-21.194269415074462,-23.13386446766947,-30.56441855000535,-21.229278338581267,-22.98104988865832,-44.88930962307877,-58.15034618712538,-21.58353946062686,-21.238385570824786,-21.349274697737446,-21.358946093705516,-21.554573680923035,-31.101186847116267,-21.38986529133332,-21.296114556484035,-21.187184757010165,-22.134154721171875,-24.3880264116093,-29.735220055451514,-57.85864010133446,-227.99191698989796,-91.80716365514854,-22.455100447853972,-29.502407111278288,-23.953845670240796,-22.00577026157334,-21.232350068168966,-21.195300497739577
-21.12245665045688,-21.24665327252763,-21.127226684565496,-22.971783577384713,-30.403401619113406,-21.164077072754072,-22.871522732605715,-44.8208641644776,-58.78000993969427,-21.531790461057533,-21.162469083406506,-21.282374956149322,-21.28105932780178,-21.489588861458483,-31.22117468995082,-21.30291021015036,-21.215494952442974,-21.112922677580183,-22.067685808554376,-24.318106437530012,-29.487940592234292,-58.9642851656771,-225.57661538445532,-93.18758632296071,-22.39992995958834,-29.373321365094572,-23.830475682522955,-21.94685251486923,-21.16442551705375,-21.12849959738654
-20.56280152255526,-20.696089301807127,-20.559407546975656,-22.51898939651798,-30.196622123849046,-20.601014266030404,-22.42625686163337,-44.76406326704288,-60.03655949313455,-20.991028560943516,-20.611325589938527,-20.73429049004445,-20.742260190246807,-20.973583924513512,-31.199862365189624,-20.782634577813372,-20.67004407936487,-20.553388242342862,-21.570187061726845,-23.95316162508379,-29.358050373384494,-60.29739796684292,-232.15495963424888,-95.31164805878724,-21.936622900109487,-29.299335827173742,-23.43732398244652,-21.440783184992338,-20.604609462129112,-20.561348034785393
-20.723563073063364,-20.8502270463862,-20.72528306419908,-22.58864697410755,-30.217416015113038,-20.766306676427327,-22.524680440995386,-44.80665688035609,-60.00291475445226,-21.15738139948654,-20.766384636766915,-20.893083362513988,-20.89135749393252,-21.12257988937567,-31.285938414421636,-20.91978119536615,-20.81993213747998,-20.71199427414495,-21.711305331810355,-24.055237513728247,-29.25912133295329,-60.537630270881564,-228.81346034670588,-95.4790664748923,-22.072151079566748,-29.24360736589237,-23.506614660432323,-21.589502853782843,-20.767148923352625,-20.727142226378383
-20.254668856595572,-20.38802665632856,-20.25028774021111,-22.19433645204819,-30.051669464588624,-20.295490590704468,-22.146279201364973,-44.81112611928626,-61.208231785393394,-20.707833462135007,-20.303858621053315,-20.434408030476163,-20.43855285635462,-20.691005193381354,-31.30667526309417,-20.480810337905314,-20.361427161437195,-20.24271952817233,-21.295511020534203,-23.75397859976054,-29.12615795005151,-61.889346747071315,-234.29947340523123,-97.56663990777993,-21.686660165853255,-29.17419259377355,-23.1696349066186,-21.167521690222493,-20.298602757298827,-20.25271119786221
-20.397961635858078,-20.53383301798572,-20.39236469271467,-22.385561835604673,-30.141515548835613,-20.435298258601524,-22.29506773010052,-44.771852779250096,-60.423958473031185,-20.83195516484553,-20.448897519762212,-20.572806707760524,-20.583265637091447,-20.821169036018293,-31.196880761543785,-20.628664439924556,-20.50924139598939,-20.388560638398115,-21.42365971912702,-23.845904025306133,-29.321516106934062,-60.70684952126018,-234.22450740070963,-95.98444023754169,-21.799852084968034,-29.279897627574492,-23.32151793384064,-21.29175854036763,-20.43979002779047,-20.394486622772895
-20.465761174588806,-20.600953541443086,-20.460819590222833,-22.446534531482456,-30.169437329311634,-20.503121038623416,-22.351890640668667,-44.76885341904739,-60.23105492853468,-20.896311898133632,-20.516032226737305,-20.639065369459455,-20.649184892700614,-20.88370162157858,-31.18945749156346,-20.693122551665446,-20.57602561974815,-20.456557708474634,-21.483997919395115,-23.89046858345771,-29.34960329834656,-60.475518776114626,-233.5328165698465,-95.63370207751026,-21.85566720757775,-29.294649171665,-23.373227904207546,-21.352645091452633,-20.50741746216856,-20.462856322464585
-20.59665846065771,-20.73468145053054,-20.59051372066693,-22.632113315971626,-30.314340468518346,-20.630575089374688,-22.493926005422,-44.836572708612266,-59.536439760548085,-21.00976800410052,-20.64935281881557,-20.76509934318482,-20.781842840329315,-21.0023739864809,-31.086855906003258,-20.82903940380389,-20.711832684625584,-20.589998569684074,-21.601243545019695,-23.988322604659622,-29.54880520750921,-59.39575923968234,-234.409805729923,-94.27643817558175,-21.958112388287557,-29.395149614551425,-23.51734891856269,-21.465782571536362,-20.636320018551164,-20.592262185975923
-20.586397392709955,-20.7243159413101,-20.580269998335726,-22.61945940288269,-30.30398814892444,-20.62047865960558,-22.48365763253373,-44.83039657199809,-59.57960456430419,-21.000521721172273,-20.638997460843793,-20.755168960530348,-20.771603831114394,-20.993009239262975,-31.092067266255974,-20.81873015036581,-20.701386701545946,-20.57960158110184,-21.592066089728384,-23.980625600104837,-29.537267488587734,-59.45955197930008,-234.38403555032696,-94.35795062713478,-21.949930074950935,-29.389464693898795,-23.50732219471561,-21.456779972054584,-20.626163596457666,-20.58203748820758
-20.564994576222976,-20.70236616908682,-20.559094394362635,-22.587600004313234,-30.274927744288703,-20.599694744241187,-22.459672889376517,-44.81113625744284,-59.69603742829464,-20.982103097503746,-20.617102893257005,-20.73461385304286,-20.74982552797817,-20.97366764825466,-31.110250093476033,-20.796332899274894,-20.679056270376883,-20.557743522810842,-21.572893145489214,-23.963642772325777,-29.501669044928974,-59.64408786115294,-234.15062659424225,-94.58229498433045,-21.933344750133006,-29.372008732385073,-23.4829160957267,-21.43837939443508,-20.60511047862071,-20.560911560572173
-20.40874248144804,-20.54434738770727,-20.403349359454484,-22.392698751788345,-30.143636821802517,-20.446220770454136,-22.302903869332333,-44.77068721037076,-60.406988876540765,-20.842634430704926,-20.459438475334384,-20.583411355035075,-20.59353577058431,-20.83119133745441,-31.199259161750923,-20.63846030538542,-20.519594277504794,-20.399288530141302,-21.43322531917749,-23.85280975844219,-29.320448969831624,-60.69614654280538,-234.04442634359498,-95.95859466505051,-21.808922152741115,-29.279335145932812,-23.328028099773086,-21.301611482181762,-20.45061039347179,-20.405462593536406
-20.33382291303943,-20.470520684833158,-20.32749537674823,-22.33087933835984,-30.118294012630827,-20.370980471137834,-22.24274609625155,-44.77688234667565,-60.591937866215716,-20.770571263838924,-20.38554397586472,-20.510046427469042,-20.52114643159979,-20.76191877292965,-31.20009360544345,-20.568198805847626,-20.446373297787954,-20.324333281049288,-21.366633597485283,-23.8040620686663,-29.301588499919482,-60.89686588218383,-234.96979102349516,-96.28436001067826,-21.746843492697945,-29.269542130268597,-23.27464458965209,-21.233977356437507,-20.375738663184265,-20.32969166723826
-20.984355850216026,-21.108799082132553,-20.988503935511492,-22.830383782686003,-30.32914498528369,-21.026890011967488,-22.746769419518262,-44.813484916483745,-59.238947925818465,-21.403565433640054,-21.024817045764124,-21.14775345119767,-21.145254083231244,-21.362404378822806,-31.25215862934354,-21.16833568334232,-21.0775093948283,-20.973804080949797,-21.943791963775233,-24.22506645900574,-29.3881274013905,-59.58378142978029,-226.43232261433653,-94.0751480240264,-22.28636483750028,-29.31657656265741,-23.71162130045882,-21.82339953530909,-21.027134375775397,-20.989994532836725
-20.6020887679801,-20.740413340934882,-20.595798696746986,-22.642931356808383,-30.32661918643523,-20.63571754285313,-22.501312025807422,-44.84693529114908,-59.49518639107134,-21.01404260388565,-20.65506013689911,-20.770232270318832,-20.787569305477398,-21.00718052473242,-31.07877766011383,-20.83514335073143,-20.71776036496207,-20.595627620224473,-21.60612054047026,-23.99333794502868,-29.563554263249685,-59.325308878712235,-234.57309832916079,-94.19664893776205,-21.962066170853138,-29.402199933580885,-23.525245460744657,-21.470262225234645,-20.641600205769578,-20.597529597750103
-20.83600126153757,-20.951871041481063,-20.846561910746395,-22.567542107397514,-30.295284183283528,-20.887464261786146,-22.556743462138463,-45.131927898801756,-60.4786743643816,-21.290457647402377,-20.871020552557837,-21.004482676919785,-20.985667562592354,-21.22350983337359,-31.44475659220136,-20.993691135189977,-20.9150086312803,-20.819865318555454,-21.80423515979876,-24.141938048379807,-29.011753536867936,-61.580648780427474,-226.20624267645863,-97.00963158823521,-22.161703929616074,-29.08345215368667,-23.49152340213694,-21.69586223237301,-20.88364822850771,-20.84845450362108
-20.83600126153757,-20.951871041481063,-20.846561910746395,-22.567542107397514,-30.295284183283528,-20.887464261786146,-22.556743462138463,-45.131927898801756,-60.4786743643816,-21.290457647402377,-20.871020552557837,-21.004482676919785,-20.985667562592354,-21.22350983337359,-31.44475659220136,-20.993691135189977,-20.9150086312803,-20.819865318555454,-21.80423515979876,-24.141938048379807,-29.011753536867936,-61.580648780427474,-226.20624267645863,-97.00963158823521,-22.161703929616074,-29.08345215368667,-23.49152340213694,-21.69586223237301,-20.88364822850771,-20.84845450362108
-20.184667479680414,-20.312618413257894,-20.184021930085738,-22.04355360982292,-30.046669538428972,-20.231091011520064,-22.046960776782022,-44.99508431228895,-62.02547383121022,-20.660965288082924,-20.230314152729534,-20.367926341179782,-20.36171050519374,-20.628468310870264,-31.457706741978143,-20.395160684425665,-20.282274117253404,-20.169203026795824,-21.231163981237817,-23.727792652022153,-28.89472879217609,-63.2287346843472,-233.86713943486396,-99.41161749992648,-21.633511801453803,-29.034854701123045,-23.050420122924233,-21.110881791465882,-20.23161652207027,-20.186716334489926
-20.605744288649223,-20.737505855462587,-20.603502732049797,-22.540540196188495,-30.200627803402917,-20.64493988794964,-22.454108938578756,-44.76466503575497,-60.007980179133945,-21.034816063859854,-20.65291978606001,-20.776683191841425,-20.782487633849335,-21.01352705406221,-31.218884689563545,-20.82016319854097,-20.710493183025676,-20.595878759458593,-21.60810374893647,-23.980148100049924,-29.338789382137136,-60.32677235778929,-231.28354727987542,-95.30129808166211,-21.973009522340384,-29.289073767774433,-23.458380448986127,-21.480420447861224,-20.64791352652305,-20.60541832452603
-20.91955736406877,-21.051979322482424,-20.917991381022446,-22.883236138076843,-30.412898979614656,-20.95564550483285,-22.7474173959138,-44.82040076460383,-58.86176299364606,-21.323285788557865,-20.967049394841233,-21.081876287323826,-21.092690031295724,-21.301897358929846,-31.116741985877177,-21.129390740339474,-21.02604769524555,-20.912601688890586,-21.889234469937854,-24.199088109513717,-29.604404163605583,-58.72894845640478,-230.1251731713401,-93.09913274305416,-22.228512930395276,-29.430067953833788,-23.739941788413454,-21.75920405818103,-20.959410000108324,-20.919395383135615
-21.174477721584665,-21.301951973210766,-21.177098370657006,-23.075500005419293,-30.49025286065862,-21.212809430820343,-22.94425896159516,-44.837471277107156,-58.37442558812241,-21.571951489183384,-21.217344925754638,-21.332001340245576,-21.337089335383546,-21.537636768372124,-31.150300977191165,-21.36420372348874,-21.27320064942761,-21.167054592572697,-22.11624406181056,-24.363940628485715,-29.637155278380934,-58.272236644046075,-226.73268191764924,-92.29235260459423,-22.441485524782177,-29.453414153864394,-23.911221556392647,-21.991044203031585,-21.214738034818588,-21.17821725973858
-20.897180788273168,-21.024956137107065,-20.898629868967134,-22.787354527366634,-30.314514932623986,-20.937474827415564,-22.691249674348622,-44.782135930002994,-59.28652319694218,-21.314384464326775,-20.940558422343003,-21.0618478553627,-21.06417546400749,-21.28220780255027,-31.21349447680084,-21.09353030683645,-20.995785804562512,-20.88763303342053,-21.867383032383085,-24.1708806873571,-29.429684949086123,-59.51266428476454,-228.08067057572862,-94.03958594595414,-22.21376942875005,-29.339432168951,-23.6706939369994,-21.74326614286572,-20.939103056817284,-20.90018572832983
-20.332758567056445,-20.4766337177897,-20.322460666510732,-22.450733936951945,-30.283181209766376,-20.363993917466285,-22.29757252720899,-44.931729215307186,-60.00100995975306,-20.75026287427478,-20.39081780015148,-20.505373604804046,-20.52902941108246,-20.75579466506275,-31.034127910937357,-20.58596432142402,-20.456973781452458,-20.327014595515323,-21.36567436919986,-23.82159043615878,-29.554732588707218,-59.74709865310923,-238.99147406095767,-95.10106906159896,-21.733937671514713,-29.39151008509834,-23.34970047092481,-21.22412689413508,-20.371842614862654,-20.324425845516632
-19.899743071362565,-20.043247701187806,-19.88792635632183,-21.982402819223154,-29.98968812528588,-19.934726537257554,-21.89883610259628,-44.85423131660646,-61.64328537668225,-20.351745114316504,-19.95776201552235,-20.084674491081163,-20.102110608837886,-20.35969235101923,-31.198048330202667,-20.161760634327013,-20.02291495821008,-19.890320705688882,-20.98106393573789,-23.52308072387708,-29.216684954594307,-61.99295736460946,-240.8124652342347,-98.14068250998717,-21.386192436853836,-29.228449503610342,-22.97211532592397,-20.841652589725534,-19.94179479048589,-19.890564904819843
-21.59799687714983,-21.70903744633094,-21.6148389057571,-23.295165464261103,-30.584365953258782,-21.647453564010043,-23.215884949669856,-45.10822114765047,-58.10089382011621,-22.003236798192145,-21.626501083580344,-21.74821685814331,-21.729368340291952,-21.922376404282097,-31.317742194893235,-21.72371285406653,-21.67018774381226,-21.585875004251008,-22.485233163804686,-24.61932520078848,-29.459189001298142,-58.49349355286529,-219.49476926419848,-92.49373395003389,-22.787301173713757,-29.357869000328684,-24.1128128586933,-22.3778432198197,-21.642542120188786,-21.61551240812287
-20.23469993718424,-20.367266278099812,-20.230812132937867,-22.161321636878608,-30.0421994253945,-20.276421157611694,-22.122637392482076,-44.83207908883389,-61.36446897592395,-20.69200401031721,-20.28334739697391,-20.415262168702938,-20.41774699240247,-20.67302862273417,-31.332746119165705,-20.45881242085723,-20.34008218094048,-20.222152856981655,-21.277517914277812,-23.74295249481046,-29.084248965337235,-62.1369441425099,-234.24311783713466,-97.89977196790437,-21.67123302781907,-29.150303560684392,-23.143681060981628,-21.150674553327903,-20.27913721049082,-20.233291232221646
-20.614320569212783,-20.74608070572051,-20.612107464919642,-22.549580645121566,-30.20521901954251,-20.65344534225891,-22.461935676673203,-44.76441451059769,-59.97669729909906,-21.042721869040452,-20.661481444802252,-20.785031923948587,-20.790940848973612,-21.02140510037023,-31.216213098674366,-20.82856335523328,-20.719084299854323,-20.604525196470505,-21.615767375638498,-23.985861506089645,-29.345322120726664,-60.284141261267465,-231.23155243631004,-95.24115563364683,-21.979995007377315,-29.292608228102395,-23.465856398050477,-21.48804441403329,-20.656432261004884,-20.61400959596526
-20.400807560564434,-20.538218921217094,-20.394274763931318,-22.413734568397764,-30.168325549488436,-20.436790906156286,-22.309395312742026,-44.78374457467342,-60.28039204449941,-20.830271627967576,-20.45305983812742,-20.57487814665624,-20.588100368185987,-20.82293434366212,-31.160835043317505,-20.63578769749996,-20.51466840299895,-20.392247394977765,-21.426397535266638,-23.8500142356892,-29.377567060955062,-60.43886366477202,-234.92586064586268,-95.67944731624479,-21.80008654297575,-29.30872263706867,-23.340544185918027,-21.292550629301378,-20.441973832476933,-20.396344796332045
-20.94656850533603,-21.07436626594406,-20.948164455704106,-22.839744240879202,-30.34388486075752,-20.986438528936386,-22.736725348040494,-44.78615199704315,-59.11306985420556,-21.359969229069943,-20.989899096329495,-21.10993903084883,-21.11289857853503,-21.32766652256783,-31.199789736290278,-21.14199607780317,-21.045319009521574,-20.937439628759176,-21.911687600452826,-24.2046639123905,-29.46886788840189,-59.27404087267669,-227.83106725071747,-93.70321836380957,-22.254227868838164,-29.36107152197404,-23.7142801564838,-21.78728872315165,-20.988155483699867,-20.949641057055718
-20.865311550372002,-20.99403136438368,-20.865994412945064,-22.767976068593228,-30.308044810769204,-20.90503396357208,-22.669058029441388,-44.77713909163944,-59.324545199222364,-21.282473670358975,-20.909537746095705,-21.030495016419064,-21.034107108659143,-21.252788421666768,-31.203957915247052,-21.06523815115449,-20.96544864699109,-20.855992445962123,-21.839245051325157,-24.15082433108643,-29.436442054103942,-59.524798020571694,-228.61794150835755,-94.08106843823258,-22.187153200541925,-29.342853717211668,-23.652859891726774,-21.714106632604206,-20.90704201813959,-20.867578331021143
-20.656826417246908,-20.791158403499907,-20.653091321275006,-22.63532075383441,-30.2710496071811,-20.69336430022445,-22.520387148971913,-44.779838480286955,-59.614052481044034,-21.07502252618082,-20.706160899125074,-20.825355051378985,-20.836344280815634,-21.059546034032245,-31.148781377939034,-20.87774072297357,-20.76600397258747,-20.648732146425917,-21.654460594060527,-24.01937378788144,-29.46635981203927,-59.672950027771506,-232.15151733039184,-94.48190672907863,-22.01200236791495,-29.356101213079626,-23.530579624124847,-21.523312036067228,-20.697577310282206,-20.65485508112041
-21.257705300720527,-21.384773940448113,-21.260913951945113,-23.157325129901167,-30.543903556217117,-21.29573784225091,-23.01814159484605,-44.8652862070261,-58.135252618967215,-21.650232651193825,-21.300182047785217,-21.413193476189416,-21.41853679710554,-21.61438071408958,-31.1395163603397,-21.444422185236327,-21.35594266932235,-21.250757757560333,-22.190926276795757,-24.422540865334696,-29.68970460514169,-57.959114875877745,-226.27572201571297,-91.84636927801567,-22.510154155606017,-29.48243364937427,-23.980247043932643,-22.06576775599153,-21.297612403318244,-21.261907339805983
-22.0781599398871,-22.185729512015897,-22.099641745608547,-23.751449699660032,-30.845254646808776,-22.12692772297935,-23.633842774652994,-45.27760756564853,-56.80272349607884,-22.455923804425414,-22.102696008341283,-22.216898980824297,-22.196963741259225,-22.363070780176358,-31.281325049179262,-22.181370549870458,-22.145734814922125,-22.06847022953195,-22.916152634437815,-24.941074843706662,-29.74711250871995,-56.79664227170443,-216.4332233092768,-90.07394852960081,-23.18357253602509,-29.53592725945881,-24.504729253257857,-22.80962248646641,-22.121111399071783,-22.099496788078948
-21.92919092847737,-22.04494349980682,-21.943277119148426,-23.70110182165484,-30.84055644475729,-21.97188619500092,-23.55490480449309,-45.11783024714926,-56.78536721819279,-22.30033536005802,-21.961031198364743,-22.070581173628867,-22.063423789301176,-22.23142379431878,-31.20000687498142,-22.064838966817288,-22.010076146477306,-21.922184951220167,-22.78947110265488,-24.865658113905326,-29.869184742611154,-56.5121834846412,-219.49579843613475,-89.6302178654916,-23.06623155726933,-29.599343858568904,-24.45652228694874,-22.674058474146275,-21.96961237121805,-21.943333105223186
-21.663811800645725,-21.784604823042084,-21.673020390879923,-23.492679980861226,-30.726265352613765,-21.70414109173349,-23.346379326218504,-44.992643549709996,-57.278159600159285,-22.042325183566405,-21.70038973933666,-21.810762184166638,-21.80961701893025,-21.98835100101784,-31.16725732308089,-21.822023420103214,-21.75247577911662,-21.657059165577568,-22.55339173870182,-24.692838829570515,-29.810841058497587,-57.01896941254853,-222.22800873496018,-90.3949427480845,-22.847129728185685,-29.558440412849034,-24.273196399039307,-22.433568092159433,-21.703779602704568,-21.673462529664953
-20.477925219067043,-20.608055455964326,-20.476429909527063,-22.38109418440884,-30.127557286592236,-20.51967891644981,-22.325882963136475,-44.80007757964847,-60.63118931252685,-20.921965518148646,-20.524056359999886,-20.652827658280604,-20.65414505094309,-20.896611580843928,-31.296234052992684,-20.689841486580484,-20.579660697837355,-20.466128200076255,-21.493383252134503,-23.897110620330615,-29.18620729376658,-61.24735007016631,-231.6095144289224,-96.56591612925604,-21.870240797379356,-29.204626665821678,-23.32919936167592,-21.368427526729754,-20.52169822347925,-20.478592113396704
-21.373041349143797,-21.48539004731258,-21.38806863394542,-23.078569279143625,-30.483553088409103,-21.42314083198735,-23.019513767835797,-45.08651790630888,-58.7741938701442,-21.792490350678676,-21.403299099182586,-21.528636279827033,-21.509681128336876,-21.715770269319727,-31.348452616635186,-21.50791508321271,-21.44699937266862,-21.359669031421305,-22.283595887337,-24.473747096468053,-29.320410521621696,-59.37635626916677,-221.21833844722673,-93.77652876942372,-22.60187477962025,-29.272305436132456,-23.92728977611346,-22.17607070365569,-21.41851092025279,-21.389111199060334
-20.07619759186646,-20.219897669445004,-20.06492529451695,-22.174241763166954,-30.09541109831291,-20.109547568157282,-22.061159964119042,-44.85897267479658,-60.940906636277454,-20.51343118977235,-20.134189009043023,-20.25605761022892,-20.276177304745072,-20.52084114331561,-31.12432794712643,-20.334862833730913,-20.1999142071942,-20.068325733962432,-21.137504597225675,-23.64091535917616,-29.355760086774932,-61.030361334363285,-239.91159345113692,-96.83025355312591,-21.52738378423792,-29.296283876055487,-23.126442685713833,-20.997162378762642,-20.11697179468989,-20.06728616438453
-20.038300038291787,-20.188928028599953,-20.023684856614775,-22.254899170885572,-30.277907718313188,-20.066616959025087,-22.080737704805266,-45.11083715073501,-60.51627172405333,-20.46029517810524,-20.10243631723517,-20.21520754010574,-20.24669040495128,-20.479157462285883,-30.96897576175391,-20.313900582228005,-20.172622269144167,-20.033671441898434,-21.102241325794413,-23.638179558968147,-29.575334823422473,-60.10985935469438,-244.670561568001,-96.07620262341975,-21.481628787513408,-29.39316380081745,-23.165161704675157,-20.95362618433894,-20.07678197887736,-20.025858061596434
-19.969304190379162,-20.112397413741036,-19.957961548479147,-22.049649779561683,-30.02014061879192,-20.004044421455127,-21.95900158798247,-44.84476111168419,-61.40745871167367,-20.416823562219896,-20.026886654879238,-20.152492257645967,-20.170135099170782,-20.423619275426837,-31.180482639991762,-20.228754745083705,-20.09189790238611,-19.96023581479025,-21.04275303962947,-23.56839951314086,-29.25386570582757,-61.69375069780821,-240.17761983845145,-97.70508145394861,-21.442731356451283,-29.246568601531386,-23.027717220526647,-20.903581158819605,-20.01104425263218,-19.960507642953647
-21.048714937266283,-21.17226842238395,-21.05373001264733,-22.885248989339345,-30.355960733819494,-21.09151032753392,-22.799264932340655,-44.82446310667792,-59.08165204889231,-21.46527231097447,-21.08832303229959,-21.21069426873017,-21.207389661951673,-21.421562010279004,-31.251127581085036,-21.22852615431561,-21.140503933859915,-21.03823968331972,-22.001028172298636,-24.267083352952113,-29.40950570113622,-59.403493655839696,-225.77099466313302,-93.80433935022641,-22.33935540110373,-29.328834486689686,-23.758726480580926,-21.881402105716564,-21.09144917950066,-21.055135086996714
-20.207001522968014,-20.344716662745245,-20.19962525602514,-22.212745523950154,-30.06559795190956,-20.244353452715256,-22.134777707836875,-44.789171760753774,-60.98481108883071,-20.65104507980414,-20.25976220258091,-20.386235411299293,-20.39749004996317,-20.64513449377894,-31.222103106756094,-20.446858769891413,-20.321031168255043,-20.197006073315947,-21.25388503168466,-23.721309075061594,-29.241178135363313,-61.38318673089191,-236.20510708809226,-97.00736795657696,-21.64296944866774,-29.238387633974764,-23.175476785341004,-21.12050574541012,-20.249359498270312,-20.201986618425337
-20.18606057583707,-20.326839617065183,-20.176793774854268,-22.241446131576026,-30.10218654659173,-20.220948780962505,-22.1389407400806,-44.813962388289326,-60.78606802426262,-20.622907361035374,-20.241432233607174,-20.36439538005729,-20.380805393567982,-20.623840978177604,-31.155940733684496,-20.43475688430762,-20.30515763106294,-20.177533446113493,-21.235353024466285,-23.710204925895347,-29.333876058360346,-60.964725694383844,-237.7622262756913,-96.57414085908422,-21.621246186704482,-29.28597654758076,-23.19030341434209,-21.09820398640528,-20.227278512279693,-20.17908635595016
-20.053950044038714,-20.196115692437772,-20.0434262552439,-22.12413397025431,-30.051049447432177,-20.08876369491324,-22.029030858621756,-44.83058676547222,-61.16462299309707,-20.497339854254403,-20.110647720306588,-20.235250809719304,-20.252378579278478,-20.501817432229693,-31.17091665972373,-20.30915165627189,-20.17513818735444,-20.04508077897385,-21.117928181042334,-23.623564340035685,-29.283992740328863,-61.41051433518356,-239.2098917573502,-97.26336393016881,-21.512436738467,-29.26122323446767,-23.09087545203766,-20.97958056752892,-20.09549262657574,-20.045874726156594
-20.08035371670036,-20.22673193082439,-20.067765830032325,-22.22527352887117,-30.167697693055224,-20.111529208076657,-22.085866350103938,-44.9375427050299,-60.69714648558023,-20.509983004951554,-20.140693208587027,-20.258595481380976,-20.28341699496916,-20.5221228519475,-31.057007315520522,-20.345452293841703,-20.20831147789137,-20.0739109007416,-21.140720860200364,-23.65094995095814,-29.454995342001276,-60.56593459687719,-241.52681084899922,-96.37281485375581,-21.525166940401636,-29.34226593394007,-23.15808202702954,-20.997082106533533,-20.120075775133625,-20.070026474167097
-19.9503527689097,-20.09025610879194,-19.940813804572713,-21.97566823640947,-29.969563572834907,-19.98803517790011,-21.917831957434757,-44.83420341221587,-61.79576195719125,-20.409219999413793,-20.00536004417169,-20.13567804911579,-20.14739136499353,-20.408937479432986,-31.270241185972267,-20.201580960842172,-20.06759826034106,-19.939391108342598,-21.02615455892576,-23.5565760513696,-29.125439867152934,-62.379118999876944,-238.8971098090409,-98.49769147678305,-21.433208863503637,-29.179977973746126,-22.976820539871227,-20.891129366444247,-19.99358902876641,-19.943502214771737
-19.69092085059928,-19.8345886780045,-19.678318893976677,-21.761921617873675,-29.895155048977458,-19.72762049585453,-21.710657287400323,-44.89729719687078,-62.486909979320586,-20.160262700004626,-19.749443250567516,-19.88170615886812,-19.896545244337183,-20.169070059594333,-31.28557165354473,-19.957766338450313,-19.814030577528328,-19.679825380357038,-20.796371943206783,-23.390801038229853,-29.066980194842316,-63.12862077109908,-242.37643522566066,-99.72483632058315,-21.21915481423241,-29.154415637888196,-22.79383350332923,-20.657636399077372,-19.734408219491257,-19.681276402372742
-20.684504391479955,-20.810659979179547,-20.686490609416797,-22.5405511734011,-30.19927524709923,-20.728042331831862,-22.485650007622258,-44.82552140659611,-60.19209099733209,-21.122915858091016,-20.727042899413426,-20.855174476302842,-20.85208553014859,-21.08669703402147,-31.308326837715256,-20.87982778741408,-20.77994570919499,-20.672342892038994,-21.676085948740667,-24.03054528994142,-29.2127312192258,-60.81606975670147,-228.97105679536298,-95.87281673971815,-22.040377002117996,-29.21680483920048,-23.46698705653126,-21.555149902873616,-20.72858971166639,-20.68842437527828
-20.89759015563399,-21.025079508056496,-20.89924327058828,-22.783518979864894,-30.311356970997426,-20.938133824741822,-22.689509215143083,-44.78357363713168,-59.307369570828385,-21.315510835627148,-20.940725434020486,-21.062339297913187,-21.064166997317336,-21.28260303492131,-31.218870259068943,-21.093034502496835,-20.995711366128393,-20.88789710734234,-21.867612684144376,-24.17069857208802,-29.420506532947975,-59.553193247479584,-227.97124885009632,-94.09009241171943,-22.214243985097962,-29.33441895071645,-23.667989987340047,-21.74385243089917,-20.939632183965827,-20.900805202662582
-20.3640327159284,-20.497332661565043,-20.36000727060834,-22.308940807888845,-30.096765899586863,-20.403935297826393,-22.24511076713053,-44.783582849126276,-60.78362460275464,-20.8082029316041,-20.412916049451,-20.540849485264626,-20.546311984955263,-20.79121614621107,-31.267086649308112,-20.587869999351163,-20.47090607231207,-20.352974064471375,-21.392875487621573,-23.82290493600905,-29.206895080083907,-61.31472664796854,-233.4468348357826,-96.74716306827497,-21.77523991691971,-29.21809423398512,-23.264188619623447,-21.264408530142163,-20.40720795752444,-20.362259650142324
-20.22212153759334,-20.358816895596956,-20.215434408506205,-22.21225940677116,-30.06140074259848,-20.26024098042665,-22.140948159522928,-44.78791074018747,-61.02101235938542,-20.667947629019896,-20.27402052291746,-20.401395935345757,-20.411036960808143,-20.659584540151084,-31.24077648519411,-20.458765081034972,-20.33446187842568,-20.211702309168434,-21.267219992761458,-23.73101190368401,-29.216854164375565,-61.48079199811646,-235.68951341410823,-97.10196022185531,-21.65657049388779,-29.22524565716568,-23.177561175606307,-21.135072969166778,-20.264813482919692,-20.217805029299637
-20.335366092387062,-20.471889202897263,-20.329152573389273,-22.329679807659012,-30.116674271083983,-20.372662904978043,-22.2428379129593,-44.77619211191815,-60.60166825656127,-20.772491304854547,-20.386938131621363,-20.511625461774525,-20.522435564967648,-20.763429943245097,-31.203595067202095,-20.569213936317254,-20.44762598688902,-20.3257958978,-21.367984983742602,-23.804934678950328,-29.296651659590175,-60.91833484002752,-234.88410224332898,-96.3069523395828,-21.748324460199825,-29.266952279807697,-23.274102273992447,-21.23554247366797,-20.377345338386267,-20.331351912378786
-20.63406397361527,-20.766210067343476,-20.63165700477659,-22.57645935557081,-30.22104839709118,-20.67268394803641,-22.482873572702676,-44.763936935914685,-59.87263925497923,-21.059863605797098,-20.681521786711087,-20.80410192953358,-20.81094011280195,-21.03942681876201,-31.201921822002866,-20.849065906669775,-20.739519930218158,-20.624635148958074,-21.63353511302472,-23.99956040873113,-29.37364620261816,-60.12491488345517,-231.27253624739322,-95.02977806123184,-21.995732397487792,-29.307843190888335,-23.48725688058824,-21.505230763981803,-20.675877750623705,-20.633517516131267
-20.550080433899183,-20.67997639984086,-20.5489590653516,-22.453528744944922,-30.157161132686937,-20.591414944185754,-22.389775153784907,-44.78737111560253,-60.37609460043634,-20.98886261764127,-20.595851158219784,-20.72315379911216,-20.724965789333492,-20.962872379298943,-31.276433672534996,-20.759874744657555,-20.651561037818766,-20.53876402768808,-21.557703279848994,-23.943130700057583,-29.23328443001334,-60.910235648401205,-231.00365201354467,-96.07804977048033,-21.929088750786423,-29.23069790813016,-23.38965645102501,-21.432673262237696,-20.593447604609153,-20.551013012114556
-21.06061668875891,-21.18136802479627,-21.067827297443507,-22.859349357382502,-30.34727858644724,-21.105816383661846,-22.790536816066798,-44.87731759893185,-59.25365063156689,-21.483485364106002,-21.097993286816898,-21.222916980079894,-21.2148713234691,-21.431911270776368,-31.29668177824804,-21.23085313082767,-21.147738101839675,-21.04880902935995,-22.00979993590677,-24.272900813289766,-29.33000402978421,-59.74575965286142,-224.94185133058926,-94.27324772778334,-22.34892807588662,-29.282242506135056,-23.739480904401802,-21.893632872686386,-21.104497964247624,-21.069266593323356
-20.314759333157344,-20.453942346187933,-20.30687380286559,-22.351648461046967,-30.1493059564995,-20.349940511233005,-22.244292976896173,-44.79964834372153,-60.4454814133171,-20.7460037311973,-20.36863003937456,-20.490337804422477,-20.505591033495456,-20.74290971467232,-31.148810733361678,-20.556416935746164,-20.431418222873436,-20.30643491604833,-21.349855745420292,-23.794698140001802,-29.37459607283386,-60.57905103833923,-236.26306440750025,-95.95952159148858,-21.72778521277379,-29.306714079553068,-23.284779771996043,-21.21416469087178,-20.35577060771359,-20.30902066707511
-20.505913054680843,-20.634815204449293,-20.50537880214233,-22.392548674645976,-30.134813919943653,-20.548530302353207,-22.342667260237246,-44.81547047417442,-60.63339784846777,-20.951209153472035,-20.551032241615133,-20.680463503579762,-20.67997503539973,-20.92251679157071,-31.31249232915777,-20.713434080317395,-20.605632177516537,-20.49369878729705,-21.517848995602712,-23.915831139325988,-29.166674141771146,-61.302798953685986,-231.05741251709065,-96.62002081607562,-21.893712278872915,-29.192695824700987,-23.340389239726143,-21.39433689642784,-20.550036008877612,-20.507529368406978
-20.640818712342117,-20.7757156387251,-20.636676384214574,-22.627485375006675,-30.27182998786992,-20.67700270904431,-22.510054973227103,-44.78430334335474,-59.6255264549793,-21.0587327298923,-20.69066668534376,-20.80952992353321,-20.821319362090126,-21.044590764087353,-31.141438222005327,-20.86367637658693,-20.75091034873427,-20.632889752143207,-21.64026812620898,-24.009688624619347,-29.473609814017788,-59.66275846664778,-232.50771565388834,-94.49193798581942,-21.99829978764752,-29.359507295899043,-23.522646626138442,-21.508489136735264,-20.681442574592506,-20.63844893922626
-21.156134370135543,-21.28248987379631,-21.15946231395137,-23.03909636223203,-30.455932937217195,-21.195583508328006,-22.918698157770663,-44.823378283661796,-58.512117794238854,-21.557639148559986,-21.19799378722936,-21.314523059025994,-21.317414037275793,-21.520760605050803,-31.174680156623104,-21.342782668149415,-21.25291569936531,-21.147986553537326,-22.099185357786737,-24.347073122311134,-29.585351166128895,-58.508393992015165,-226.2821205397244,-92.5907044960864,-22.426970227166077,-29.426247598916362,-23.88314962126479,-21.97547944810494,-21.196972980186224,-21.160635525650633
-19.749832099908335,-19.891431235852817,-19.738647267382508,-21.79003897243702,-29.90263909912973,-19.787835696801217,-21.748756079122522,-44.88748803752583,-62.45752145306284,-20.220762753122504,-19.806615624228368,-19.939985957696223,-19.95195026519479,-20.224639573039305,-31.31472626924428,-20.00983436975226,-19.869566749109893,-19.738092659638294,-20.84863993246349,-23.430477069379762,-29.036241883770558,-63.1930022691884,-241.11975826563273,-99.7158010125823,-21.26998302843003,-29.13613592121704,-22.82203529838594,-20.712342921470032,-19.79379902231128,-19.741589933825576
-20.35484332713167,-20.493233703154406,-20.347564967139217,-22.381073649286016,-30.158597835113994,-20.390368890854898,-22.27486006065981,-44.79208812597906,-60.36572803852378,-20.78516978721915,-20.40798892980118,-20.529706655062554,-20.544073056544068,-20.7801809788893,-31.15368407452374,-20.593491911172418,-20.47025417693259,-20.346426107859877,-21.3855184803463,-23.820518136720754,-29.377041182356457,-60.50851640650682,-235.65259471570835,-95.82262629302247,-21.76143460014295,-29.308177989425968,-23.311094354347706,-21.250646504292806,-20.395912605428656,-20.349675329397417
-20.545767143806025,-20.68352903139119,-20.53956840426028,-22.57364892170138,-30.270783329850907,-20.58029339859053,-22.4450609854146,-44.814639989413266,-59.732581107594825,-20.96328840485776,-20.598235153225563,-20.71572110101565,-20.731380376749104,-20.955781188840284,-31.107394882790835,-20.7785800630175,-20.66043993598135,-20.538564538683275,-21.55576031424515,-23.95130279266332,-29.50062037171484,-59.67558440413163,-234.44666183827394,-94.64523889905107,-21.91715514225226,-29.37114526438894,-23.47032495927363,-21.420847341761498,-20.585850832628697,-20.541403436336445
-20.52200208013908,-20.65482166445541,-20.51878471860175,-22.468465950164855,-30.168644346732606,-20.560970151723566,-22.38548269517547,-44.76555568174513,-60.22690444195358,-20.954751156102645,-20.570194042663267,-20.694768833033166,-20.701395516742096,-20.936294870374656,-31.223197406288772,-20.741269962522498,-20.62837344180598,-20.512003623199448,-21.533629626153527,-23.925505996759792,-29.310756690943673,-60.578146810944475,-232.2088139969742,-95.69004681262297,-21.903913768738526,-29.274008445409734,-23.39668337435633,-21.40501025718989,-20.56428716493023,-20.520802507409698
-20.716114858253558,-20.854731087310252,-20.710149549192277,-22.76905031345728,-30.42663448820115,-20.74865735943726,-22.60881195937817,-44.907588858077695,-59.093713105705646,-21.11923771100567,-20.769383252963586,-20.88100558054387,-20.900226557465515,-21.11181057508685,-31.041791535015037,-20.947308958821253,-20.832402741415642,-20.71070536863179,-21.708115388009304,-24.077518748152936,-29.661452111564515,-58.763928905675755,-234.44189993696529,-93.45259152960512,-22.05437990564917,-29.450464754906005,-23.627468887137564,-21.571373539887073,-20.754822953589834,-20.7116954554025
-20.475049794313144,-20.618095070465248,-20.465787377729285,-22.587842172348928,-30.372295832897592,-20.505891265528795,-22.421878268947037,-44.963770274517614,-59.57910867885081,-20.884465147023665,-20.532377882045704,-20.644190935659793,-20.668147859568407,-20.88710515935374,-31.011214830656577,-20.72287884908343,-20.598066839695,-20.469993193340134,-21.49265261170408,-23.921517716818702,-29.632830665559922,-59.21506685979201,-238.03681995208368,-94.33195960260797,-21.850772498002705,-29.42975534662731,-23.464095546541184,-21.35153243410085,-20.513580386876,-20.467563976105875
-20.552242367240563,-20.695658870978107,-20.543168429782913,-22.67619360916836,-30.454000459665682,-20.58226155187723,-22.49603159453084,-45.026844224283806,-59.30068620324302,-20.955451043754106,-20.609963260934908,-20.71905045868716,-20.74455267159142,-20.957718620273912,-30.982309768901537,-20.799058777355828,-20.67586416713257,-20.547965904407672,-21.56156865813916,-23.98073358606353,-29.704341324879394,-58.81984799327179,-238.15669094022985,-93.82921065930945,-21.91270062352215,-29.463081323312096,-23.534601240120285,-21.41965141356797,-20.590193155420845,-20.54481564019507
-20.444008396864962,-20.58784873177911,-20.434230025891026,-22.568458272064504,-30.373935290804756,-20.474467566869198,-22.39963210108273,-44.98342024688945,-59.6264411390556,-20.853699258011865,-20.50206454352028,-20.6135645925639,-20.638504815270103,-20.85794043196279,-31.00235758959128,-20.694464298314454,-20.56822938039608,-20.439110320391222,-21.464879259325517,-23.902575588986974,-29.637368396179312,-59.24112036966929,-238.6744674228209,-94.41996502901414,-21.824072587007777,-29.430717550976347,-23.445395577996486,-21.32291662988882,-20.48244021681767,-20.43602780270672
-20.387611989269146,-20.52527210511305,-20.38088344772132,-22.403813971688646,-30.164886673781254,-20.42349110131399,-22.299229878832207,-44.78560188508026,-60.30763838385129,-20.81741345324972,-20.440092773731386,-20.561926148823225,-20.575420129132468,-20.810683550325443,-31.159530964489925,-20.623559285675,-20.501864432414894,-20.37907570520366,-21.414660354861986,-23.841485937378298,-29.376257874369145,-60.46418817092052,-235.11743738213607,-95.72619115010278,-21.789042009964454,-29.307983370409026,-23.331740850544307,-21.28055971093774,-20.4287634929751,-20.38296615125929
-19.896580210799733,-20.035287054361277,-19.887635322936614,-21.898974121775588,-29.94095947364545,-19.935830754890365,-21.860463792622376,-44.861466740838424,-62.14165258680881,-20.363962877780228,-19.950784792345203,-20.083957314468886,-20.09279587319711,-20.360727692464938,-31.324538394671503,-20.145493112669193,-20.01170229370226,-19.88449983711379,-20.978484923317357,-23.525330051020806,-29.04287003646482,-62.90653879087498,-238.90840906365767,-99.19132722818833,-21.391974643797354,-29.135632807367944,-22.917230780223885,-20.845286878824908,-19.940747647974362,-19.890450514164172
-20.623049747579245,-20.758399087284587,-20.618565937345306,-22.615987738486464,-30.269370857486955,-20.658991085552934,-22.497241600085516,-44.78740187154152,-59.652086223342295,-21.04110898679776,-20.673312478134793,-20.792037780108863,-20.804406135758114,-21.02805566989728,-31.13696843449764,-20.847559935087364,-20.733863240132173,-20.615213065727204,-21.624471686810743,-23.99850186738544,-29.475649803651983,-59.67821801703059,-232.8182493856822,-94.53325268226293,-21.98328061732632,-29.360253517203816,-23.511977433072925,-21.49221043114617,-20.663604497336095,-20.6203530685972
-20.960484122036267,-21.075019057974362,-20.97249030749871,-22.680028256619114,-30.33746395702316,-21.01206362727984,-22.66052854826452,-45.13182217465375,-60.10886130160765,-21.40794355023439,-20.994052394156963,-21.125987895311162,-21.106322061424024,-21.3372433553623,-31.42685822411137,-21.111116255266968,-21.037499258464624,-20.944734494063788,-21.914657167561746,-24.21810842365751,-29.067030082208042,-61.12308406387082,-224.92290454703013,-96.34454803735082,-22.26300031188626,-29.116056721277197,-23.586844785970374,-21.807155257419232,-21.007839293349186,-20.974196162267997
-20.960484122036267,-21.075019057974362,-20.97249030749871,-22.680028256619114,-30.33746395702316,-21.01206362727984,-22.66052854826452,-45.13182217465375,-60.10886130160765,-21.40794355023439,-20.994052394156963,-21.125987895311162,-21.106322061424024,-21.3372433553623,-31.42685822411137,-21.111116255266968,-21.037499258464624,-20.944734494063788,-21.914657167561746,-24.21810842365751,-29.067030082208042,-61.12308406387082,-224.92290454703013,-96.34454803735082,-22.26300031188626,-29.116056721277197,-23.586844785970374,-21.807155257419232,-21.007839293349186,-20.974196162267997
-21.115906053552315,-21.228083084405796,-21.130335446810534,-22.812987885365064,-30.399861844704088,-21.168257060785464,-22.786291373325348,-45.1722251778366,-59.70939290090337,-21.556541653516547,-21.147251780966506,-21.277712299550437,-21.255808947356723,-21.4788295713082,-31.4169705705213,-21.255181218478015,-21.189381136159565,-21.10030851001418,-22.05196529948747,-24.315439345758552,-29.117668517786008,-60.654715792156345,-223.34529600240734,-95.68452156590271,-22.38892285777304,-29.14467571987111,-23.699152576768782,-21.94643687208079,-21.163218725198124,-21.131812528774535
-20.524474398188463,-20.661675038467973,-20.518518923080936,-22.54169562801312,-30.243128147146887,-20.559637384834122,-22.42111597656711,-44.798223626682294,-59.85199170145019,-20.945057352814192,-20.576447523719303,-20.695276734786344,-20.709684559574523,-20.93655242003584,-31.126192473448224,-20.756230328380774,-20.638190223888852,-20.516807650255966,-21.536691740493286,-23.93472902707404,-29.46462490566001,-59.864854593549644,-234.22549117996599,-94.8770304195991,-21.900679763877402,-29.3533175317815,-23.445842445025164,-21.402568525851773,-20.56491757887562,-20.520403974074398
-21.66353268009011,-21.778184368614834,-21.677553745685685,-23.40766121656433,-30.635323240961114,-21.70928583369226,-23.300421156172337,-45.02247522865662,-57.65631341954982,-22.05572636711779,-21.69465684340218,-21.81179961654955,-21.79982816802658,-21.985345667333085,-31.256982774610883,-21.800848557385063,-21.74177341387484,-21.65371794552803,-22.548023345116437,-24.670289185884688,-29.618126870913397,-57.7644108179352,-219.94132624142065,-91.40331793402922,-22.84488592673717,-29.45365086929751,-24.208301747701395,-22.43578397109601,-21.70609066860221,-21.67808043586232
-20.07674654414932,-20.22061137832477,-20.06539017996568,-22.177676702373045,-30.099506352060615,-20.109956976108215,-22.062939939986425,-44.86277402233932,-60.92431093766341,-20.51347604381167,-20.134880479431345,-20.25650131081256,-20.276916554367617,-20.521195490596924,-31.12004587159914,-20.33581429100528,-20.20072916101422,-20.068966019226757,-21.13796899301199,-23.641629004739354,-29.36208877206186,-60.99961143157428,-240.00255465740227,-96.79826371909289,-21.527498350920265,-29.29930553962072,-23.12866050744586,-20.997421274308685,-20.11745209685365,-20.06774445722048
-20.35840668665691,-20.50017465188672,-20.34927196991989,-22.441883202093944,-30.23988816856457,-20.391110674763443,-22.3044689724233,-44.86708694894623,-60.07443616414838,-20.77940250633705,-20.414548749376156,-20.531458878586378,-20.551792367343836,-20.781053715680304,-31.074546714077645,-20.605842837002548,-20.479324278568683,-20.351784935020227,-21.388705589163948,-23.831938317023557,-29.49933831152987,-59.94928733646137,-237.53916466107404,-95.24145632419233,-21.758675730444672,-29.367010918585887,-23.34996888595374,-21.24963755674161,-20.398117745577874,-20.351267816081496
-20.77931948532759,-20.909353974782068,-20.778813140657324,-22.69726519714841,-30.275529513842795,-20.818591914208113,-22.600059539571006,-44.76978592136388,-59.523828685298085,-21.199585105619423,-20.824783321417762,-20.946299936292817,-20.951191891485784,-21.173475971575318,-31.20214714230912,-20.985015604037017,-20.881501252902847,-20.769978285482452,-21.762752980737908,-24.094580853865846,-29.41398372987745,-59.74105156853048,-229.60479182962308,-94.42305618641166,-22.115962834379182,-29.330148758467242,-23.59161028766209,-21.63639595884591,-20.821060896125594,-20.780500575301307
-20.660263521602097,-20.788761568133644,-20.660462924291238,-22.548760272100406,-30.198575829523005,-20.70190282625656,-22.48005940465334,-44.78775705165597,-60.083121149037424,-21.09407278379047,-20.704675847463186,-20.83089004176811,-20.83160910247075,-21.064280638161232,-31.269286284335042,-20.863542980106327,-20.759600407368048,-20.64912895041402,-21.6555734446618,-24.01428591550818,-29.270953882311105,-60.570652225504425,-229.79487551549636,-95.56114865879323,-22.019693072405676,-29.251081731793466,-23.470906020667172,-21.531762007294013,-20.703478949869996,-20.662378106126198
-20.659227795335656,-20.789572289020068,-20.65812257981524,-22.575263180234902,-30.21325482681472,-20.69922782742428,-22.49249787870371,-44.76884785075325,-59.931109287887416,-21.08799558653577,-20.705136800877266,-20.82926660299245,-20.83322954634469,-21.06301887583108,-31.231768915537216,-20.868272545449233,-20.76168649884585,-20.64905730032081,-21.65541489156963,-24.01440245765588,-29.331865732151222,-60.284104449153716,-230.42179052950945,-95.19881469308673,-22.017713697232125,-29.28524986491165,-23.489863657040374,-21.529261577218733,-20.701644166847682,-20.65999183261337
-21.169761919019194,-21.291842179067128,-21.176275083030625,-22.991399273899265,-30.40940909886341,-21.212876862594797,-22.8995604686188,-44.84672213020732,-58.77396595256241,-21.580836640830277,-21.207928719861165,-21.329016504500387,-21.324532490434724,-21.532818028003984,-31.24635132103089,-21.34233299025329,-21.259328704037035,-21.159538286040824,-22.108849437563467,-24.346569284369828,-29.456942922273445,-59.03860192628894,-224.61946282548539,-93.26363107122805,-22.43901552822033,-29.356301200265833,-23.84964263154389,-21.990394435954002,-21.21233060925828,-21.177512338627533
-20.636091964385503,-20.768356525726503,-20.633613133958836,-22.580457559326376,-30.223824188809132,-20.674591143959393,-22.48561891838602,-44.76407060208241,-59.855495360946975,-21.06141119554531,-20.683647847650217,-20.80602970905362,-20.813102889349732,-21.04125307170626,-31.198798279549315,-20.851405924871457,-20.741752127781787,-20.626742270044737,-21.63538397542812,-24.001094075414937,-29.37925259483052,-60.09621747273667,-231.31045038848893,-94.99350544705474,-21.997275159850027,-29.31083308994196,-23.490302490788146,-21.506920906708416,-20.677841834221848,-20.635467205947457
-20.313312026287132,-20.448894859374377,-20.307623996412463,-22.291139432622067,-30.09370857346672,-20.351623786580845,-22.215705622116108,-44.777791643656315,-60.77056893986552,-20.75494185618367,-20.364138894155264,-20.49057958785358,-20.4994353293838,-20.74371262544311,-31.233225841984883,-20.544903943388288,-20.42394726326007,-20.303055067552798,-21.34820053758397,-23.78998338120308,-29.24713465367874,-61.19223430778928,-234.6354168936948,-96.65314306153786,-21.731673726232806,-29.240723889322137,-23.244765407942264,-21.217052082556528,-20.35584667285906,-20.3098869570557
-21.086363652474336,-21.210216675895325,-21.091272459853094,-22.9289633354706,-30.379037069505472,-21.128583211007633,-22.83590076702638,-44.821357169008735,-58.92875686263448,-21.499284523389235,-21.126146538471563,-21.247301596466045,-21.24496118038633,-21.456287621817335,-31.23619373457195,-21.266415592035727,-21.178739713482372,-21.076354412410566,-22.035037990920426,-24.29287308906738,-29.44854040555077,-59.182091454552676,-225.6506962318192,-93.49209307115487,-22.37028869329578,-29.351080297697358,-23.795041298659058,-21.91483077657827,-21.12871785750361,-21.092610661346953
-20.73229093625479,-20.862362683155293,-20.73160578938321,-22.648192754757257,-30.249390363203624,-20.771920178962397,-22.55727404489029,-44.768282243501254,-59.688680165013096,-21.15608558447078,-20.777853192829348,-20.90049816375084,-20.90487998959229,-21.130226200384122,-31.215146648739456,-20.93904543395837,-20.834437927238874,-20.722581426334706,-21.72066918688407,-24.062868779016235,-29.378913675914525,-59.96483316546124,-229.8821997443188,-94.73963451894734,-22.077525032329447,-29.31100733942818,-23.55084230597311,-21.594498081364556,-20.774330619880296,-20.73336663974751
-21.426855645395456,-21.542146937657037,-21.439579294718317,-23.16959186673899,-30.506788380945835,-21.473923781621924,-23.087656168519764,-44.98660224402279,-58.38558043379013,-21.835082703459438,-21.459045142727906,-21.58088800132033,-21.567489871836106,-21.767219912072377,-31.29451844013131,-21.57113477131141,-21.505644412958624,-21.415369420140642,-22.33493486015159,-24.510180558329033,-29.44901572939166,-58.74896345148791,-221.34994622927513,-92.82590928156252,-22.648947814407936,-29.352150302424576,-24.005218762033497,-22.22340135471211,-21.470676773184707,-21.440497685269264
-20.967643557708996,-21.09779425850391,-20.967712510708097,-22.898165050058925,-30.397419652245766,-21.005293635397376,-22.774044073492462,-44.8013230258282,-58.86589757859973,-21.373515967719374,-21.01303844721349,-21.12961061053653,-21.136985797471052,-21.346752100180037,-31.149186100692873,-21.1698119955571,-21.07042193495188,-20.95990619657064,-21.931600937200326,-24.225533953142527,-29.56447984288419,-58.83435544336945,-228.78097546695733,-93.15883927840704,-22.269943368196397,-29.411363618643495,-23.757926213288364,-21.80415769465145,-21.008112592394596,-20.969098726950765
-20.929396956368866,-21.06206229040552,-20.927718519808188,-22.897588650026087,-30.426279681124186,-20.965203778369887,-22.758424767458045,-44.82905514496085,-58.81193136157065,-21.33182270630926,-20.977114539265123,-21.091348690099974,-21.102709726056588,-21.310875604091283,-31.109478909287596,-21.139710582499774,-21.036312401296808,-20.922646134085653,-21.898130243703626,-24.2071120725265,-29.62046032179185,-58.6497444148864,-230.22770676343242,-93.00049282812637,-22.23630689297505,-29.438162288394288,-23.751141403905926,-21.76774714351145,-20.96909154705484,-20.929100541762935
-20.371219344363563,-20.506944930192407,-20.365626065011714,-22.354837765790123,-30.12503569220123,-20.408909399962837,-22.269557811457208,-44.77244053713419,-60.537216543697795,-20.807758328059744,-20.422070490678323,-20.54685356416711,-20.55671080514814,-20.796720195946442,-31.209408683426595,-20.602051150706934,-20.482204276024603,-20.361519679398256,-21.399803733186797,-23.828018414032677,-29.296084049299274,-60.86791296351609,-234.32273554402093,-96.20372943123975,-21.77837123791723,-29.26655610070045,-23.29667802708787,-21.26820782050408,-20.413292185539692,-20.367794151516662
-20.401352515139298,-20.53670207079751,-20.39609703137069,-22.380753608838372,-30.136126158739643,-20.43911648523977,-22.294235817191357,-44.770316123383076,-60.457063477406436,-20.83655636469158,-20.4518440486276,-20.576331647489397,-20.585908667368763,-20.82453908360422,-31.20756663905258,-20.630485971436226,-20.511760801618998,-20.391701478295655,-21.426592821081634,-23.84765954184429,-29.30594139632937,-60.77622744315727,-233.97928879881985,-96.0604167153896,-21.803245178815484,-29.271698221797934,-23.318842732037126,-21.295335092488166,-20.44337929486207,-20.39822953487387
-20.846868442663418,-20.972792899112765,-20.84949793803629,-22.707351783298122,-30.270554439377136,-20.889227949663045,-22.631781115024165,-44.80128329583802,-59.61225802926406,-21.272881057324526,-20.888814392904212,-21.013403634277118,-21.011869109543593,-21.23596036916354,-31.26306447212027,-21.038325635358117,-20.942236548070326,-20.83594137834486,-21.821336281763678,-24.13524006710174,-29.329788671525957,-60.034719577938965,-227.75320716727472,-94.74467690059771,-22.17327369657856,-29.283512708095646,-23.60674247260335,-21.699814002250626,-20.889930805993057,-20.851176957061273
-21.09674668127044,-21.226580633082655,-21.097506498038417,-23.029926989094257,-30.484734301730228,-21.133657893578054,-22.89081931847033,-44.841161996331955,-58.463806847427584,-21.494099843401408,-21.141817068396644,-21.255424864084905,-21.26377559443456,-21.465719951592273,-31.124310786921203,-21.295223233539286,-21.199274315194707,-21.08989839319813,-22.047402990552502,-24.316929894207078,-29.65524373797991,-58.29519688712082,-228.1778590912544,-92.40195553092622,-22.376028919898282,-29.460187238711974,-23.867926495671412,-21.919680749507933,-21.136534218147244,-21.098694840760544
-21.219121453554674,-21.34866252119526,-21.220553320824557,-23.155069619084646,-30.575046573401444,-21.255342803754484,-23.001943681597652,-44.89371382492658,-58.095065921908926,-21.60858970655001,-21.26394107071283,-21.374676011983073,-21.383948293531084,-21.578543227695953,-31.103040212900275,-21.4140597007285,-21.321434682730757,-21.213119723474563,-22.15732060901474,-24.405300388383914,-29.74234336872754,-57.799360540201306,-227.7087317496147,-91.71101361494189,-22.476725669610357,-29.506835228026773,-23.972461151916242,-22.02928708510183,-21.258275983754785,-21.221552204075
-20.42328929047886,-20.559930493231892,-20.417301758111268,-22.424972101041217,-30.168158203096738,-20.459748081754096,-22.324067509075576,-44.777337842007,-60.26350060486881,-20.853135492663007,-20.474852437336107,-20.59710260370891,-20.60924845607526,-20.843993924148208,-31.17090316950489,-20.655648575073098,-20.535904690100164,-20.414505259307735,-21.446350433114652,-23.863956220118837,-29.3677039868749,-60.452172975837016,-234.43407487499508,-95.66277365202676,-21.819371370547888,-29.30383580812135,-23.35183299094328,-21.313368929095503,-20.464624415307316,-20.419360729745996
-20.15114627666433,-20.290731063365136,-20.142449411566897,-22.184189895914397,-30.06214632045151,-20.18734838337629,-22.097969972863734,-44.80141722877683,-61.027773951745964,-20.594233864199055,-20.20554572347038,-20.331041047107778,-20.34488065090007,-20.59275594604083,-31.197839959491695,-20.397361089883027,-20.268209303557718,-20.141693479781733,-21.20433231144957,-23.685616580683316,-29.26505906080628,-61.35154106208453,-237.38278274864774,-97.04864094239059,-21.59510283392131,-29.251228341858464,-23.147233885662562,-21.068827448224106,-20.193097000733335,-20.144835924674915
-20.49455518261462,-20.632556398648607,-20.48802187367653,-22.52318229646026,-30.24089694977613,-20.529284981455,-22.399893446903086,-44.807239622888105,-59.89366700487079,-20.915270078191803,-20.547259863716864,-20.665788344529805,-20.681231749880467,-20.908613474439722,-31.11758751400191,-20.72913439188831,-20.60954289977828,-20.487065334052144,-21.510063946937862,-23.916047285906096,-29.469837053457873,-59.88392533745866,-234.79045174752397,-94.94310595500683,-21.87522738869527,-29.355403520977266,-23.428331896766956,-21.37507732411673,-20.534870689957508,-20.489928661846815
-21.12797470374915,-21.256977575786323,-21.129396897886853,-23.049968789126893,-30.489049462384855,-21.165353669302267,-22.91318091278477,-44.84002493416534,-58.41992654777525,-21.525100108640288,-21.172267255333075,-21.28615285292072,-21.293401398667836,-21.494628097627764,-31.132722551886836,-21.323312044465645,-21.22917328078261,-21.120954801734786,-22.075127610483495,-24.336231636852222,-29.651773309792162,-58.27037468877377,-227.64767937646988,-92.3385341823889,-22.402293794820263,-29.459422047651174,-23.886553705675013,-21.948274355256743,-21.167903270122487,-21.130555208780194
-20.92222295165196,-21.054619562781806,-20.92068302539895,-22.885656576260175,-30.414277570895905,-20.958311833766853,-22.749679082685613,-44.820880818744556,-58.85475475885548,-21.325822032566894,-20.969691188977063,-21.084481577472587,-21.095282556477162,-21.30435899820807,-31.116578357053047,-21.131925919817125,-21.02867627598791,-20.915275782009196,-21.89161753111301,-24.200909301492324,-29.605617526030652,-58.72045773522763,-230.10261404168318,-93.0864126902627,-22.230719102268978,-29.43073389923,-23.742007549880253,-21.76160531754719,-20.962069084729425,-20.922083490728035
-20.959416031901878,-21.082898067829014,-20.964213350213633,-22.79078889414069,-30.3106489395291,-21.003016765149187,-22.717186712449855,-44.83094856633467,-59.40231730023113,-21.383086507924524,-20.999166966096922,-21.123694173682114,-21.119221184717013,-21.3393229758919,-31.276357042780205,-21.140727440033277,-21.05090156450863,-20.948161972529302,-21.920814200400745,-24.207849282275717,-29.337897156950334,-59.845106309302096,-226.31201215615457,-94.43802705944313,-22.265973080557874,-29.287636434996074,-23.679471683862975,-21.801770101171044,-21.002783492879,-20.965764089166928
-20.219962124970444,-20.359865504062558,-20.211318244204502,-22.262801762608845,-30.105923175398942,-20.255312290852448,-22.163179773453653,-44.803480211995954,-60.73614506240784,-20.656616843939354,-20.27454708691245,-20.397797768621192,-20.413101387494763,-20.65553871996635,-31.16485554303113,-20.465589861530184,-20.337665150972676,-20.21124622925645,-21.265509112786013,-23.731730490991563,-29.32833633737056,-60.93958241212594,-237.13289476632968,-96.49379764594508,-21.650062085957682,-29.283271458218177,-23.210292730480443,-21.129314360992655,-20.261311299383344,-20.21358777097589
-20.693906434397945,-20.823806059004013,-20.693218091225127,-22.605085217099468,-30.226778905985558,-20.73400928022556,-22.520905837418002,-44.769887878291605,-59.84161336149648,-21.12116572136761,-20.739387248077676,-20.86318621277792,-20.86679151926556,-21.094976649611024,-31.23022431804511,-20.90089634428397,-20.795682809798365,-20.683789062177855,-21.686257872228154,-24.03703013542723,-29.34355373089151,-60.181209131707426,-230.04561300793927,-95.04082741497744,-22.04631334845056,-29.291641485336925,-23.515406676746213,-21.56049467139488,-20.736279345377234,-20.695044101988156
-20.634942510885733,-20.769484399665576,-20.6309980399652,-22.615497267493772,-30.260930024660556,-20.671476846165483,-22.501914023733484,-44.77863883044171,-59.6744181950792,-21.054234777958175,-20.684479069727555,-20.80396806336997,-20.815057490063314,-21.03934731652233,-31.150757428821457,-20.856917221566867,-20.7444304692805,-20.62678005379568,-21.634942130187213,-24.004708727453067,-29.456771093346305,-59.74583415386499,-232.35613196636217,-94.59173935217174,-21.993940883068515,-29.350965160956598,-23.513727080904573,-21.503632679207126,-20.675749502998467,-20.632789962293863
-20.63547227662173,-20.766228499850847,-20.634008962226055,-22.55647368403443,-30.205170756770016,-20.675307400110604,-22.473831926462562,-44.767730694550636,-59.983614825643535,-21.06497909535665,-20.681762894959913,-20.805992558290516,-20.81038864345749,-21.041100370048635,-31.23064315054426,-20.846248545087022,-20.73857973849025,-20.625322018793263,-21.63432884391296,-23.99899749305358,-29.327516274748888,-60.3378077675664,-230.72044077242083,-95.28651111224315,-21.998043385166184,-29.28290032083595,-23.47352902395308,-21.507771898251526,-20.67787247724107,-20.635904842204784
-20.568187100523797,-20.702792457391546,-20.56396660052133,-22.545713538211487,-30.220213261858287,-20.605209128689307,-22.441176116532944,-44.77065863314221,-59.90719202509753,-20.992395371167436,-20.617837461950472,-20.738981483983636,-20.749352007025077,-20.977997085044738,-31.16963369565293,-20.791742141811387,-20.677657172998384,-20.5595134075615,-21.575308217361894,-23.95891366372113,-29.407655978853356,-60.060790946662394,-232.71240106222788,-95.03179249397672,-21.939559965853054,-29.325241250375733,-23.45618072923098,-21.444225398497707,-20.60940555071278,-20.565860845234102
-20.182897813526466,-20.317135680634273,-20.177714222818214,-22.132024910432705,-30.027761786574352,-20.223570666951495,-22.08752862895526,-44.82071996408334,-61.41165190753217,-20.639495740336045,-20.23294868028639,-20.364246965277427,-20.369006526150404,-20.624939257874644,-31.314307725949675,-20.413083001295874,-20.29100635862715,-20.17081616118188,-21.23189708096517,-23.70833532454834,-29.10217546789996,-62.12569238855651,-235.1422327102485,-97.92950089419857,-21.62780658686077,-29.16200783801274,-23.116796500618843,-21.103126879195642,-20.226959666906968,-20.180224321235436
-21.254791711163815,-21.382877990483713,-21.257308643067372,-23.17001757365535,-30.56594512045322,-21.29197438787175,-23.02346760154503,-44.88080230132806,-58.077676605796995,-21.645148530324974,-21.298229911405418,-21.409977776360254,-21.417091336145045,-21.61162403101217,-31.121956250681635,-21.444647295750862,-21.35474273588074,-21.248339679545477,-22.188791029948227,-24.424814182609754,-29.721561878591594,-57.83702108385418,-226.81691152078776,-91.71058763935609,-22.50712923456414,-29.49811705489134,-23.98847891314113,-22.062376552640508,-21.294306581480388,-21.258283903403633
-21.51629831234757,-21.64075216363696,-21.522306512974158,-23.39117960948187,-30.68995439360878,-21.554587438512193,-23.237793648516305,-44.95671210432737,-57.501902196664474,-21.896847593926918,-21.55634203390727,-21.66593440209772,-21.669626211744113,-21.852853521550074,-31.13419444449847,-21.689365867742964,-21.610780075145016,-21.510157926726375,-22.422575903035554,-24.60106374715841,-29.810574176916674,-57.187984607256155,-224.33365469308077,-90.70923304255732,-22.724469101650435,-29.55222636678627,-24.181061824305537,-22.299129956209867,-21.55567717429798,-21.522929946824128
-20.646685049539272,-20.77714667919643,-20.645459705145978,-22.563814139046197,-30.20795300051668,-20.68668696892695,-22.48190466134753,-44.768858051181724,-59.96724493009072,-21.07612001296007,-20.69271280489491,-20.81701383671637,-20.821028343599913,-21.051469248560732,-31.233256055585002,-20.856337494251072,-20.749316536402745,-20.636472333325443,-21.64424436270518,-24.006190433843603,-29.3261816291469,-60.32832691628089,-230.54262050414582,-95.26472273242527,-22.007402290528137,-29.28214470656415,-23.48015866233864,-21.518004982840978,-20.689136224821745,-20.64734569287963
-20.984452095175175,-21.111057147816283,-20.987018405651252,-22.861848027115727,-30.350819554012702,-21.025065140313814,-22.762613534665476,-44.79344613358277,-59.072924914762034,-21.39805989694095,-21.026710596203806,-21.14722250945811,-21.14852756028703,-21.36259515352587,-31.21231664851792,-21.175374311412032,-21.081263706546856,-20.975017840309206,-21.945089229567877,-24.228277860690156,-29.45885257317419,-59.26868105491075,-227.17320249635787,-93.66693977506878,-22.285846576524836,-29.356025885447465,-23.734794174644026,-21.821985356780072,-21.02629765462165,-20.988461846483272
-20.536762009875062,-20.6677897042594,-20.534808152509125,-22.456481999153283,-30.158766722252857,-20.577197229651485,-22.385796843873692,-44.775859921760016,-60.327314859880964,-20.97339683776083,-20.583462104734906,-20.709801257119494,-20.713443179863418,-20.95038790344177,-31.25689964691719,-20.750314711373385,-20.64013047614932,-20.525934822454882,-21.546237160661306,-23.934432847038757,-29.261128990109526,-60.794598833216426,-231.46156459662524,-95.94204858218004,-21.91745902936028,-29.246594337851256,-23.390231892121562,-21.419825315805248,-20.579723882655266,-20.53685262446228
-20.89134890320719,-21.017727594885216,-20.893781459523282,-22.760605225717022,-30.296600617892636,-20.932930632441565,-22.67567208136993,-44.79261078462989,-59.416637211889835,-21.31267445158023,-20.933571233901528,-21.056602721138095,-21.056398601516616,-21.276890890764058,-31.241762914596407,-21.083396127314135,-20.98757623462419,-20.881027115852422,-21.861452734966036,-24.165052877379793,-29.379026793191397,-59.74874728330921,-227.61719002994965,-94.34414817860201,-22.20958059270855,-29.311380023864412,-23.650622688625504,-21.739121154184048,-20.933911828807474,-20.895378985976976
-21.009167553664152,-21.137948504872607,-21.01030106856681,-22.920812737086074,-30.399605069243137,-21.047673085105757,-22.801757246522,-44.79977392933398,-58.82666450861768,-21.415419373172373,-21.053303178331696,-21.17055527997064,-21.176002003675073,-21.385210503696246,-31.165063219335174,-21.206342032570866,-21.109722727750317,-21.001061900432838,-21.968309837299422,-24.250668775012816,-29.550734897489836,-58.83935654217527,-227.966540367181,-93.12125133451778,-22.304969027222466,-29.405190898108664,-23.779763232255767,-21.842360933972614,-21.049936486054836,-21.011654607950053
-21.086255384909855,-21.21431141369106,-21.088157470776856,-22.991150325385593,-30.438886310516146,-21.12477802944053,-22.867265587870783,-44.814626472152554,-58.62224562600234,-21.48867501825584,-21.129690876837124,-21.24588233341661,-21.250961045870916,-21.45629610063967,-31.15994797691706,-21.279613346420835,-21.18575759606186,-21.078407653119452,-22.03721657853603,-24.302934492642443,-29.5869636147374,-58.58907261591446,-227.32490300954018,-92.75037145606528,-22.368674047674524,-29.425522677812168,-23.83978115914007,-21.911767333229008,-21.126832954033855,-21.089404833877193
-20.6661339882073,-20.798713683291222,-20.66354875213893,-22.617202683986342,-30.24600695108513,-20.70410958507971,-22.515512648907116,-44.7665404108697,-59.72171584561414,-21.088282610021324,-20.713923796850263,-20.835145880346136,-20.84314994682823,-21.068756179655743,-31.183049371915427,-20.88176896555627,-20.77238591339839,-20.657196995392017,-21.662336252728583,-24.021985493151718,-29.413162373555153,-59.899371253634065,-231.28362421802302,-94.72879098742047,-22.021451870184514,-29.328886694772024,-23.519933920838003,-21.533334725386084,-20.70755074617996,-20.665346985747924
-20.578756480490057,-20.702203213301473,-20.582533917418825,-22.393881371952492,-30.16892039200323,-20.625676321045482,-22.37208364502973,-44.94380682363196,-60.83673539257806,-21.0338259814097,-20.619746045832247,-20.75275688805008,-20.743710505345653,-20.98947473865245,-31.396990799433965,-20.767157402040986,-20.66954601574308,-20.56429163760669,-21.57991569805151,-23.970176576951218,-29.046446929805583,-61.79809415641753,-229.36397384044906,-97.28384993585956,-21.95426176247453,-29.116640855276213,-23.345713909944852,-21.463160909221166,-20.624827069125455,-20.584701297084887
-21.021326564729414,-21.147549474795007,-21.02428811634548,-22.895014849662303,-30.367849420673288,-21.061976524285978,-22.7936255338151,-44.79860574220809,-58.97484789109497,-21.433131327581638,-21.06320807846162,-21.183259288044717,-21.184327406745545,-21.39655303379711,-31.209872834473543,-21.210299760338877,-21.11757208969282,-21.011999259053667,-21.977989790223877,-24.252789102515354,-29.475042464611086,-59.14988295782217,-226.8383625211915,-93.49037176768024,-22.316259207270875,-29.36520614490199,-23.763116900168832,-21.855169686399307,-21.063092753507608,-21.02568097787261
-21.530933218532603,-21.64998466756809,-21.540979090107243,-23.32787274094332,-30.59729770128291,-21.57383763079537,-23.209857125921918,-44.935875459590335,-57.7950235091058,-21.922682528260374,-21.565987049482317,-21.681724318558388,-21.67600336666402,-21.865077353254826,-31.21741902584607,-21.68612926671983,-21.616245543264952,-21.522188766424645,-22.43204399340678,-24.589695421247498,-29.647478067057648,-57.80239528409365,-221.89701419459615,-91.47109674916186,-22.73693108155146,-29.46776278605389,-24.136814164468916,-22.315231170367063,-21.57245963072178,-21.54167203711301
-20.10634427880166,-20.248460746315132,-20.096038375725737,-22.179192269721163,-30.080575179079794,-20.140763735546535,-22.076446948212933,-44.830840137962525,-60.96821214627239,-20.54568916917417,-20.16294354174261,-20.28620697870577,-20.303936769094612,-20.549797325932545,-31.15239105554149,-20.360284081898012,-20.227524560879402,-20.09787785012717,-21.16444701525514,-23.658547094758255,-29.321596377429152,-61.1462740274758,-238.89008434634113,-96.89696132085743,-21.554658725213763,-29.279793136560144,-23.13563406612278,-21.025951710156633,-20.147552539648775,-20.098408019654443
-20.34391416532392,-20.483943138054478,-20.335657670111154,-22.39690672790134,-30.185913651819916,-20.378151331866796,-22.27754524475078,-44.818767567180664,-60.26730892995015,-20.77060017119676,-20.398505776286743,-20.51826906403171,-20.535382477328007,-20.769056175511512,-31.119359643123012,-20.587194942439904,-20.46200514367293,-20.336271433170058,-21.375836720514503,-23.81659814011028,-29.426674178219187,-60.29580268357596,-236.57588959965665,-95.6145639707882,-21.749983890176747,-29.33247365578334,-23.319076491693824,-21.238973450252193,-20.384394165605414,-20.337732330306203
-20.13408521621745,-20.27361523537675,-20.12536338439672,-22.1651124445468,-30.052344482298746,-20.170480601855473,-22.082012009086757,-44.802331481085545,-61.09900081140014,-20.578721890271286,-20.188463314267757,-20.314478793671217,-20.327996062096297,-20.577180554745578,-31.20564276945791,-20.38050558863674,-20.25102817640403,-20.124461563031797,-21.189173568429823,-23.674384264372218,-29.250249497940736,-61.451012245266234,-237.46460985915226,-97.18427590591224,-21.581449171886987,-29.243675222375153,-23.131859761737214,-21.053811005884416,-20.176177104585285,-20.127778185811763
-20.026523560954264,-20.170096370890544,-20.015129324784162,-22.119012890266493,-30.06203810026264,-20.06038317318069,-22.01483197214297,-44.852355298849545,-61.14099421883698,-20.46803489217943,-20.084448716922818,-20.20784611128815,-20.227093494936362,-20.475507131821484,-31.146050619030827,-20.285965478718346,-20.149976307575194,-20.018181079836385,-21.093435267199183,-23.607050334853266,-29.31397018715495,-61.30815916201923,-240.09953195056505,-97.2027568445055,-21.487717084456154,-29.276029269195412,-23.082227592765356,-20.953441017880593,-20.067678971229597,-20.017570579040584
-20.69488116907929,-20.832681069911576,-20.689263948579384,-22.732810232731897,-30.383864058458876,-20.7282346173013,-22.582677206739056,-44.868610705813616,-59.22130933541215,-21.101473955476838,-20.74737393039066,-20.860761086774644,-20.878308633325467,-21.092779133392188,-31.064539431513914,-20.92445460514882,-20.809831320130478,-20.68888814754155,-21.689044354966857,-24.058263240767314,-29.616531335575452,-58.97611633669781,-233.96673656899176,-93.69389212890405,-22.038350128802893,-29.429337374762813,-23.60047673761244,-21.55341374952414,-20.734023326354272,-20.690867248013195
-20.70291699506061,-20.84227071315573,-20.696509058025224,-22.767416320208042,-30.439898730323343,-20.734974009311568,-22.602540515953287,-44.92951325338707,-59.08599754643507,-21.105209418626735,-20.756878344627957,-20.867787459535492,-20.888126496402304,-21.09920660486179,-31.02969992739603,-20.936288540198174,-20.820360811029,-20.697776943941083,-21.69635176205275,-24.07139275103845,-29.6770940640996,-58.7190267120002,-234.96826986576397,-93.43512946215584,-22.042449103549068,-29.45697810352261,-23.623636622268975,-21.55875796703068,-20.741432231765938,-20.698052981296193
-20.424266407613537,-20.564292659079705,-20.41632563799306,-22.48239559984206,-30.241114029815236,-20.457873990799595,-22.351226550854566,-44.836832230362944,-59.98030472400324,-20.844912363360127,-20.478819101275175,-20.59641386727097,-20.6145313240592,-20.842773082996587,-31.093759656224076,-20.66575962959552,-20.542459573004592,-20.41726708429782,-21.447451987401045,-23.872758861197383,-29.487631991106348,-59.90537973950795,-236.2342895749486,-95.08060110119885,-21.815031735370972,-29.362750179185404,-23.388727624264224,-21.310258404507405,-20.464233023566656,-20.418277039498868
-21.008043164246214,-21.13106081331821,-21.013340283547222,-22.83520274080705,-30.331698519860634,-21.051653661339262,-22.75829647442814,-44.834993028661614,-59.26555552883852,-21.429130991277734,-21.047311463965176,-21.171191464956145,-21.16647636970299,-21.38401781955849,-31.27138760152328,-21.186879307028452,-21.098846723105662,-20.99695502992782,-21.964160213593594,-24.239546676901615,-29.36073658340453,-59.67614532637212,-225.8666680488746,-94.18954691531154,-22.30593750494636,-29.300745646987135,-23.71726353873184,-21.84543228649207,-21.051284609547995,-21.01482183095653
-20.39378622771773,-20.527865943520496,-20.3893303794787,-22.352562609165684,-30.11743220131543,-20.43273474786055,-22.27788779047355,-44.77296155324125,-60.59860050475901,-20.833242902338775,-20.443238767498595,-20.56949668496827,-20.576724311253777,-20.818177655112713,-31.23889696199607,-20.61935988218888,-20.50203692616197,-20.383394108896894,-21.419585364867817,-23.84201758862537,-29.25625503058061,-61.027465412107134,-233.51945153329603,-96.36643255247105,-21.79855849390201,-29.2450445075183,-23.298538015321135,-21.289975286601237,-20.43641144907453,-20.391512838319827
-20.849914880903313,-20.976045503597426,-20.85240173286571,-22.71350889343979,-30.273460180659335,-20.892064426260678,-22.63603303424905,-44.79802727966436,-59.58466080124695,-21.275134307592104,-20.892019272716972,-21.016313198231305,-21.015176913696557,-21.238766091862196,-31.258260620895136,-21.0419765680578,-20.945637023552656,-20.839120315559892,-21.82417867856426,-24.137364471430523,-29.338866197556513,-59.98861961538906,-227.7962593078646,-94.68220807523637,-22.175710050482085,-29.288694864820762,-23.611619574900942,-21.702379198356823,-20.892866257076427,-20.854071193642945
-21.366243317262825,-21.487530671049537,-21.37400555689718,-23.186292483238294,-30.5183149365972,-21.40847776334586,-23.074384859141844,-44.87981363689039,-58.17529539448192,-21.764672351711926,-21.40343267778007,-21.5206914715858,-21.517056116745728,-21.713814267520316,-31.215113549725174,-21.53226578037622,-21.454927475985226,-21.357250020314186,-22.28518131513814,-24.480226970026337,-29.586791217453666,-58.24482014752124,-223.3788348287279,-92.1226461035421,-22.601072670922626,-29.431174838878206,-24.014658316364905,-22.16659027958052,-21.407872470262145,-21.374935532585255
-19.97784999773653,-20.11498125342899,-19.970158268135037,-21.960110587644643,-29.96368441846533,-20.01777661741978,-21.922640758008644,-44.85136800611403,-61.9642631971711,-20.44315507784476,-20.03064520620009,-20.163652572511765,-20.17079752143651,-20.43595857459172,-31.32906644203772,-20.220600742210014,-20.090460584874986,-19.965598652581782,-21.050362768458417,-23.577829981941576,-29.048383549348337,-62.74119616492943,-237.72509069300804,-98.89920881356878,-21.45934602788507,-29.13646315352318,-22.97039123860486,-20.918837054744948,-20.022122188440395,-19.972899098038365
-20.821511613982302,-20.94850343656015,-20.82328316029774,-22.696165750124788,-30.26577209036732,-20.863130568689765,-22.616288071504634,-44.789104772493516,-59.617552916599514,-21.246646238128314,-20.864370227618817,-20.988394561711097,-20.988429866040992,-21.21262805292088,-31.249977776294827,-21.01688217018734,-20.918630077969897,-20.81092952798828,-21.79917917089558,-24.11921160595375,-29.34517467963916,-59.998178508746946,-228.2499896537359,-94.71206390669886,-22.152155618358115,-29.2923608953598,-23.59593547449663,-21.676440263279762,-20.864280141218728,-20.824978116085354
-20.932610280541173,-21.05650172749707,-20.937016838536028,-22.76844223806471,-30.299963568126927,-20.97606902826657,-22.695611945796905,-44.82624751233618,-59.466030491722904,-21.357303530543724,-20.972747826085957,-21.09747423270851,-21.0934008332602,-21.314705841409765,-31.276412662782683,-21.115787950261307,-21.024729657782878,-20.921343997261733,-21.897022496200105,-24.190480388648048,-29.33027609747503,-59.91616036244011,-226.6020731071632,-94.54511654835204,-22.243940154344532,-29.283338287924288,-23.66028727183638,-21.777608792463997,-20.97598031723227,-20.938602352840217
-20.351277674476428,-20.486526925611503,-20.345924907745232,-22.326060091804656,-30.10888675593357,-20.389556980294234,-22.247816047345886,-44.774107216523426,-60.6554634792829,-20.790793756726746,-20.401764840149237,-20.527655990052114,-20.536411068304734,-20.778674154985413,-31.227314522394153,-20.58113511512183,-20.46142212659327,-20.341157832787168,-21.38195308335828,-23.81463831134578,-29.26437188066543,-61.05105879831373,-234.25341550172993,-96.44205954019377,-21.76280156030937,-29.249734490688,-23.27418220065942,-21.251053114461943,-20.393692268655723,-20.348138717733985
-19.965826676406007,-20.102935876081386,-19.958116121454275,-21.947018000105974,-29.95948182471166,-20.005885125518596,-21.911622223930465,-44.85648509586951,-62.01677807276016,-20.432264218535664,-20.018638279519674,-20.151970935493146,-20.15891239193963,-20.424994155548653,-31.33486326406183,-20.208747437660996,-20.078376559325402,-19.95345981437433,-21.03970104112557,-23.570615911225993,-29.03862352053023,-62.81346246515879,-237.82190268223275,-99.00116873778884,-21.4497247828327,-29.131222211753702,-22.959732772237395,-20.90826714119828,-20.010198987317857,-19.960876789456567
-21.22616691633711,-21.352708346739885,-21.229618257209427,-23.11588877255111,-30.50890258335933,-21.264901277535074,-22.984827027869002,-44.846562520758454,-58.27129371992988,-21.6221776642682,-21.268159441469948,-21.382666849635296,-21.386707074873012,-21.585316496753958,-31.155646931938488,-21.411933202455312,-21.323432722580446,-21.218690646322038,-22.162275260391517,-24.3976599574543,-29.647005383816573,-58.16877278923912,-226.11288552138922,-92.12180166797731,-22.484483680762832,-29.45987282570465,-23.946836230075526,-22.037952232435046,-21.26648589386925,-21.230674286180086
-21.00863257730089,-21.135328743496128,-21.01121362324868,-22.888665293595878,-30.36639406783567,-21.048968105524057,-22.78548956010273,-44.795537612313176,-58.98286715859051,-21.420185688406296,-21.05093676481554,-21.170746116764892,-21.172499230283428,-21.384861674108564,-31.204361113580497,-21.19935726853885,-21.105652411340856,-20.999444987917027,-21.96684096785479,-24.245041098775854,-29.480746007319894,-59.14138514976486,-227.0845391583382,-93.48906504468461,-22.305652386886102,-29.36816333498679,-23.757016466467242,-21.843496370462113,-21.050280529958407,-21.012616296522346
-21.464254840266005,-21.58095632870768,-21.475944074237482,-23.22651042108057,-30.53321043513844,-21.509772791839843,-23.131577931523,-44.95535542625848,-58.16531727572607,-21.866336531370372,-21.497451031380276,-21.617165411988246,-21.60660336212688,-21.802481324783756,-31.2659334926139,-21.61272942394504,-21.54545216170513,-21.453779029093905,-22.3699243981507,-24.53748015917628,-29.521265975465347,-58.397798337486606,-221.47335252220617,-92.31297101789046,-22.680794490273414,-29.395243574990403,-24.053026863826915,-22.256417997089773,-21.50721799351263,-21.476781763012944
-21.401635429373215,-21.518886497367582,-21.41267943712494,-23.168436985634827,-30.502047417285098,-21.447167380589317,-23.077980821906085,-44.940073242925266,-58.335062899547005,-21.807080926269048,-21.4354121715286,-21.556016925098344,-21.545723677677323,-21.74496184423407,-31.270888224749303,-21.55325468675782,-21.48361260246645,-21.390909476172915,-22.313925378520818,-24.495895745262544,-29.488502224980635,-58.61239414859229,-221.95751783737597,-92.6229621695737,-22.629216018394743,-29.37568110488793,-24.0033852445659,-22.200120936565003,-21.44477011603328,-21.413613995807776
-21.326953722477622,-21.444327374331266,-21.337664027739866,-23.092299556769383,-30.46361394402001,-21.372979143646198,-23.01047499671671,-44.93652341064498,-58.57757165568502,-21.73773860725177,-21.36101279130398,-21.483173627710144,-21.472273977233808,-21.676124675183367,-31.285550001211064,-21.48046350823315,-21.408982215014113,-21.315665534804193,-22.246726291595152,-24.445925313976186,-29.433436840395586,-58.94138974878295,-222.42445362519527,-93.09947604597109,-22.567480610241923,-29.342915468586273,-23.93867824613289,-22.133220400969357,-21.370527835694805,-21.33872081076085
-19.38224866913527,-19.53398789028641,-19.364293449378213,-21.57305400794942,-29.862542764677798,-19.414782254881388,-21.491933018096894,-45.031431159122015,-62.936586646368916,-19.8523510597558,-19.44776141877073,-19.57736422610217,-19.602195670314423,-19.878888309585008,-31.20263345930717,-19.67605733769326,-19.518179566655277,-19.372984740080227,-20.521891204068204,-23.190715743033266,-29.135880178481774,-63.3131170870284,-248.40862824728737,-100.47051801737157,-20.955496831579097,-29.19649107460222,-22.616170833148384,-20.37408193775028,-19.424558991418277,-19.367409828581476
-19.61145798128619,-19.761089134883353,-19.59539746309626,-21.781352164920918,-29.944864673829297,-19.643768727079667,-21.683645328785303,-44.970378344530246,-62.201724904367126,-20.068765529598682,-19.674936636943887,-19.801157718977255,-19.825474208986634,-20.090170666934398,-31.156289774792654,-19.895081598240242,-19.744223646996918,-19.60295648405582,-20.724661502499274,-23.338297624314436,-29.226143426284892,-62.43260357411193,-245.8021449590963,-99.12568843636689,-21.14255928439121,-29.23600899310293,-22.78977905036704,-20.578675748407942,-19.65300985673756,-19.598247225703243
-19.579341450083184,-19.724884405511684,-19.565308070268205,-21.674650001029654,-29.867387498004188,-19.615410160005005,-21.62363468494672,-44.93064856076281,-62.76169026198701,-20.052382002993433,-19.63956928027241,-19.77233477746987,-19.788946689218612,-20.065581799340162,-31.28613132040168,-19.85348114205712,-19.70539812287404,-19.56833118738909,-20.697566316393743,-23.319364630178725,-29.05243054103091,-63.4046769712361,-244.020829099296,-100.20786430114725,-21.12658144393038,-29.149654449033758,-22.718226714726057,-20.556885200899153,-19.62283598925606,-19.568368106764574
-21.373684920498587,-21.495348009091575,-21.38118829420003,-23.199443489260915,-30.528189383403866,-21.41552798813757,-23.08403397490268,-44.879471497030934,-58.12575342435633,-21.77068197554016,-21.411192765473224,-21.527848233638224,-21.52495944386256,-21.72077845399797,-31.207443599956598,-21.54079939438416,-21.463025489337607,-21.364943793759075,-22.29215242834878,-24.486522939895874,-29.604752356629426,-58.16209296216498,-223.4863426018098,-92.01051693477051,-22.607232318794274,-29.441130500640988,-24.025221440172096,-22.17305222121662,-21.415106979111393,-21.38209947291925
-20.2914748458662,-20.430769809083355,-20.28343997205546,-22.328739409461186,-30.13723191214575,-20.326751784028353,-22.223858670665507,-44.79929884949729,-60.522026478527444,-20.724221959596832,-20.345463911618594,-20.467638745783606,-20.48279097002598,-20.72149002998109,-31.15416646770361,-20.53393366246254,-20.408282654122235,-20.2830200121509,-21.329128991983705,-23.779069183053597,-29.36089920189315,-60.677810655086816,-236.4410014440238,-96.10143720296267,-21.708787740847228,-29.299773731781425,-23.26577820472209,-21.193395924900845,-20.332595016961015,-20.28561912601416
-20.519994781574344,-20.65299163070458,-20.516653206647835,-22.469114081083102,-30.16964467469021,-20.55882328447063,-22.384966631135082,-44.76519834403828,-60.21907659421731,-20.952405432746986,-20.568337433993836,-20.692745863908296,-20.699661240849768,-20.93438950470518,-31.220003385200595,-20.739831081138664,-20.626661858356393,-20.510073789177564,-21.53188707395478,-23.92431441899382,-29.31529231095937,-60.55949309580704,-232.29072653991912,-95.66973746001958,-21.90211040256677,-29.276463817862574,-23.396844065143263,-21.403052771244766,-20.562217353227954,-20.51866910863751
-21.267325319222792,-21.383167677761634,-21.279106692841005,-23.011148972111496,-30.43320893719723,-21.3151955676971,-22.94586485071286,-44.984058383100134,-58.892345101753094,-21.686470385617024,-21.300422998326177,-21.425220722650884,-21.41104823948799,-21.620390824345908,-31.322878305745427,-21.41665333466273,-21.34673828221772,-21.254779605675097,-22.19168869165282,-24.405867562396992,-29.340635006416882,-59.42514632945414,-222.5062193423452,-93.81118302852369,-22.51725696592969,-29.286646363717736,-23.870087059097585,-22.080460381126418,-21.311970039040062,-21.280283844551295
-20.73348260937181,-20.855451036454223,-20.73882157269125,-22.53531144494558,-30.221326487952417,-20.78037441630577,-22.50203799257733,-44.928852513363246,-60.36312859054892,-21.17962641122364,-20.77284675602366,-20.903816274125578,-20.894079962068346,-21.13129333690876,-31.372095642679305,-20.91403679730548,-20.822075930376332,-20.719560254921205,-21.717305052545377,-24.066226416045833,-29.117288405091546,-61.21149670451309,-227.74471531202795,-96.41841431422219,-22.08055917768002,-29.156953525742708,-23.465340309211793,-21.601528066374406,-20.779104331261376,-20.740769435266294
-20.490416625227216,-20.629254467889016,-20.483393450067553,-22.53276799879571,-30.258083951100513,-20.524485112907822,-22.402645212357246,-44.824877529676456,-59.84171008413692,-20.90924712466727,-20.543875688794966,-20.661351609951865,-20.678211885551303,-20.904291492177332,-31.100193238155725,-20.72732100269229,-20.606767656399157,-20.483329275538658,-21.50642669603176,-23.915647756831067,-29.496115827986834,-59.77343042794283,-235.28023584852593,-94.83540365018847,-21.870585823713842,-29.367965351288692,-23.433599262136248,-21.37042154329141,-20.530428157080106,-20.48528066709512
-21.304276474663936,-21.42786662547662,-21.310107977992917,-23.154242436222333,-30.51052758954617,-21.344972865909366,-23.0344230465194,-44.85727398364075,-58.21981864554771,-21.701716506164654,-21.343551540126867,-21.459690819385262,-21.459410960402437,-21.65713663452382,-31.19005073807726,-21.479093414398157,-21.39671877585775,-21.29593796590596,-22.230898737976183,-24.44333655031806,-29.611828647005566,-58.21702421070075,-224.52373853914065,-92.1201289074837,-22.5497979087411,-29.44347881436905,-23.984353495207095,-22.10980776937475,-21.345328604690756,-21.31109748183773
-20.661203349829517,-20.796879535621905,-20.656665969478816,-22.661846077012992,-30.30266725036308,-20.696566448418423,-22.534861789891067,-44.80196025621967,-59.49371352270638,-21.07557253968682,-20.7117415583369,-20.829012897176142,-20.84242799184469,-21.062959939097595,-31.11891608792002,-20.885803495830583,-20.77262595353482,-20.65384552538925,-21.658637465348495,-24.026228882174838,-29.516411607809243,-59.44677430975481,-232.83279555303378,-94.22925545972078,-22.013914347645343,-29.381008858557934,-23.54872494245631,-21.52579572938378,-20.701382369084552,-20.6583842177702
-20.31040080700511,-20.448376247955267,-20.303211977638092,-22.326933486670328,-30.124883861787453,-20.34664851510018,-22.231048782448493,-44.78521598773819,-60.566872542262644,-20.745372861797673,-20.363235201401558,-20.48667852854359,-20.499740958827328,-20.739697065473678,-31.178551623910664,-20.54884695552969,-20.425048111510225,-20.30139975770726,-21.345908290041976,-23.789835202156596,-29.328659413728012,-60.80215757399071,-235.68966483026134,-96.20944896542655,-21.72610608978706,-29.283550692409026,-23.268051732475534,-21.21174624000584,-20.351938839694288,-20.30540431185699
-20.971332562630845,-21.09493236532202,-20.976076059069005,-22.804887315383066,-30.31700712293754,-21.014728381435305,-22.728884894074938,-44.82761984548857,-59.35060166037687,-21.393760333698992,-21.0111474740075,-21.135277957484394,-21.131150061897305,-21.350310203410967,-31.27095248230094,-21.152801900718046,-21.063039555445332,-20.96023822018314,-21.93158281022074,-24.21574086204504,-29.350887818648914,-59.769805060481055,-226.26610678360174,-94.33092565350887,-22.2757555670578,-29.295154982495298,-23.69119325993853,-21.812324054498365,-21.01456741542804,-20.977605151138242
-20.338086472864138,-20.473769200303437,-20.33241312947036,-22.319007328809285,-30.10725902875452,-20.37609686328735,-22.239020811311057,-44.774902798598546,-60.666689867155284,-20.777414341875495,-20.388953654688596,-20.514638599622685,-20.523992581699662,-20.766367446223146,-31.222037471056932,-20.56946782196337,-20.448937063639153,-20.32808918542312,-21.370280123031673,-23.806186712117494,-29.269410656218405,-61.04619587463874,-234.51336978100986,-96.45189606912513,-21.751598689665446,-29.252514175623347,-23.26739272963393,-21.23889006138676,-20.380405911499565,-20.334634268221457
-20.913817626618904,-21.034913556469746,-20.92033530243682,-22.711192987861253,-30.286206133238515,-20.959942416941246,-22.65945219969245,-44.897437042175326,-59.757570259123874,-21.347483818920146,-20.95190705280891,-21.07975141348026,-21.070616732123927,-21.29687793788387,-31.33181030994351,-21.088023833387602,-21.00125422402394,-20.90096055782597,-21.87827686624473,-24.17886287586339,-29.227643438011807,-60.42053292485853,-226.09538480037574,-95.25742427745018,-22.228278104820024,-29.221858781471326,-23.61415483777697,-21.762532936906762,-20.95855673833236,-20.92200719030634
-20.307396619607076,-20.441397590674335,-20.30273107540532,-22.259942355203684,-30.076820066893955,-20.347168968510502,-22.198726139226153,-44.788730678031705,-60.93928762070431,-20.754185084853585,-20.356960183650077,-20.485468489018267,-20.491440235661045,-20.73903026104252,-31.27188131070684,-20.534445704508844,-20.415345940111546,-20.296239364654852,-21.342607352185954,-23.786479704322534,-29.188002195535518,-61.49464646613222,-234.0978302790956,-97.02457854338996,-21.72867092235594,-29.208314005691065,-23.222482989234415,-21.21351619817407,-20.350664640793493,-20.305051731525904
-20.80928446668035,-20.938561222236245,-20.80939731099948,-22.717323992411146,-30.282849764456785,-20.84897710683442,-22.621857294657694,-44.77258685725495,-59.47799920295638,-21.22926239303179,-20.854061937942642,-20.975745295207734,-20.979662623569716,-21.201167257290727,-31.208708991543702,-21.01205545853646,-20.910245984925794,-20.79979405674223,-21.78928307616832,-24.11368102459144,-29.41167300588957,-59.71103564333214,-229.1396490109564,-94.3590086929027,-22.1409723377722,-29.32909417774566,-23.609724844858068,-21.663728095868116,-20.85114932990193,-20.811056419534207
-20.84190185805496,-20.968111126575415,-20.84430667802816,-22.70623301359304,-30.270057399278002,-20.884048454835494,-22.629282263856332,-44.797626561139964,-59.60721299488229,-21.267539751778777,-20.8840866007603,-21.008485086521077,-21.007390731055114,-21.231395332599547,-31.259082322914388,-21.03437211746936,-20.9377403531134,-20.831081605121884,-21.817040115812045,-24.132135722146792,-29.33525137895802,-60.01622303809023,-227.87227646079074,-94.72310945972876,-22.169122695112517,-29.286660545824226,-23.605433855372016,-21.6951836773389,-20.884873390396717,-20.84598716784387
-20.309947197199957,-20.4467381897227,-20.30348241224107,-22.30704216654125,-30.106783873124023,-20.347225934880154,-22.221664474831346,-44.77835831511808,-60.674024743279624,-20.748341097136155,-20.36178058535167,-20.486780159825884,-20.497736879204467,-20.739983042635547,-31.206361709434198,-20.54507832868295,-20.422610775231536,-20.30030999595895,-21.34538454259836,-23.788339417550066,-29.28672279325373,-61.00421387921015,-235.15604828658218,-96.43821530054328,-21.727405143113646,-29.26181594197687,-23.25489828410357,-21.21271713960165,-20.35198700574383,-20.305712951050022
-20.134882133344313,-20.271259510419927,-20.128134622719024,-22.114638178929614,-30.019813156702615,-20.174057166555656,-22.05937574475919,-44.80852772913467,-61.39680532007409,-20.588975728981417,-20.186705678712602,-20.316681055927816,-20.32460203114866,-20.579924171334376,-31.28226891015042,-20.372345473944566,-20.246519472761946,-20.12355670759975,-21.189630507992973,-23.6757341743846,-29.139947718446656,-62.00649528959428,-236.2071878108912,-97.83088363964922,-21.586620152565704,-29.184396879782156,-23.09836145801338,-21.05830668790367,-20.17833678831908,-20.130652370344965
-20.52005923187619,-20.654440590054595,-20.51581599575658,-22.491092290438303,-30.188189229568845,-20.557672790645086,-22.39541002681883,-44.766405473181365,-60.100591818196456,-20.9486086829098,-20.569570207248518,-20.692244666318018,-20.701614057223175,-20.93390323089859,-31.189726312845032,-20.743962568798054,-20.629062098992808,-20.510872631581154,-21.532286364820447,-23.92588890375448,-29.363012422723244,-60.334961269189975,-232.86832721430358,-95.40520309824913,-21.900701689371413,-29.3018168125335,-23.411814065429002,-21.401705167335297,-20.561692059796957,-20.517791894905987
-20.510995308484848,-20.644994994330855,-20.50696736835991,-22.475404458899124,-30.177586626048793,-20.549017894760404,-22.384243405216704,-44.76518713636514,-60.16632413250683,-20.941313507295934,-20.560193501865296,-20.683583712966094,-20.692162441306923,-20.925743028169396,-31.20103327599128,-20.733972161329604,-20.619337904315923,-20.501531925033884,-21.524109293681157,-23.919310626710534,-29.342891813740493,-60.442070156597595,-232.75501370463468,-95.54054083044504,-21.893761431199405,-29.291210300904837,-23.39980409666581,-21.394050466657827,-20.55285066871448,-20.508968541797383
-21.134327120185084,-21.25754837985273,-21.139862573084006,-22.97029610941556,-30.399941044795092,-21.176716415127675,-22.87529809652912,-44.830813168431305,-58.811213808147144,-21.54521660111243,-21.17350127720456,-21.294202721063677,-21.291310292945017,-21.500386955628635,-31.235362449305434,-21.311363947275286,-21.225741432412455,-21.12439189992105,-22.077746009175357,-24.324397549915442,-29.465710658663355,-59.04559255421771,-225.1792993860775,-93.28803919097987,-22.409818263406766,-29.361038904735214,-23.83054650063268,-21.958064494041803,-21.17663697570372,-21.14113567018998
-21.120151186037855,-21.242798961615353,-21.126075208858694,-22.94736709923118,-30.386968914435904,-21.163166416080763,-22.85817419442573,-44.837398929020736,-58.90219172211234,-21.533560582372633,-21.15887886358928,-21.280532119948706,-21.276470439549612,-21.48721775427577,-31.248811745751787,-21.29557807493698,-21.21056648928135,-21.109805128834637,-22.06462725467777,-24.313900527139914,-29.43621948069662,-59.1927283235472,-225.075327001946,-93.49093920778455,-22.39816661968116,-29.344268601280085,-23.81196587603391,-21.945740688243507,-21.16280269775245,-21.127382388391737
-20.49758666682146,-20.633102888546787,-20.492551060431268,-22.4855317688533,-30.193186850721318,-20.534402195203114,-22.383470485587324,-44.77231367827336,-60.08696016085033,-20.924760690652125,-20.548099411125857,-20.669889123035542,-20.680984846486883,-20.912754837519124,-31.171914073075165,-20.72521499990659,-20.608453195334658,-20.488815772002077,-21.512452347521457,-23.912468860250524,-29.385191838862596,-60.26403074983017,-233.5067934852549,-95.35242335513377,-21.88110118252373,-29.313198435509754,-23.404427524161704,-21.380549217904246,-20.53889439323315,-20.494528548491388
-20.613330658535205,-20.747702287866268,-20.609415364984102,-22.58982596193639,-30.243975795650677,-20.650185957616497,-22.480772366178822,-44.77360937998002,-59.76470360442857,-21.034714450313455,-20.662734605825094,-20.783011185954035,-20.793531282456083,-21.019563686817964,-31.160867681924636,-20.835272848053307,-20.72249335293054,-20.604902831641287,-21.61558951830853,-23.989391604232175,-29.434243118682506,-59.87695202635168,-232.37591209863854,-94.76660464757057,-21.97655026826458,-29.339276401760085,-23.493049669271997,-21.48459197615638,-20.654348820562912,-20.611245898506294
-20.480058482970982,-20.615810291379272,-20.474815777262926,-22.470751410199146,-30.186722072257275,-20.51681515519434,-22.369223566030843,-44.77306669179269,-60.13102293218715,-20.907944689390224,-20.530793420744253,-20.652731045306844,-20.66402244122371,-20.896550472939445,-31.172321012242026,-20.708721491464463,-20.59128769304067,-20.471268595080875,-21.496851784253504,-23.90096817607728,-29.379991405968205,-60.31317357558889,-233.71026838988016,-95.43079222693514,-21.86657731277139,-29.310425065386944,-23.39169173434123,-21.36473221182551,-20.521384823842144,-20.47681350156769
-21.101183792410104,-21.215819102302753,-21.11349085796141,-22.825466983709973,-30.37569526478008,-21.151492326221344,-22.78773399831146,-45.069620902026536,-59.57618120562359,-21.536667858923135,-21.13412388966465,-21.263252091228118,-21.245260615282522,-21.46671183766629,-31.384333207923348,-21.24946716753951,-21.17845955980253,-21.086658360355024,-22.04112461376598,-24.302222010900007,-29.176945667560357,-60.39717324527222,-223.64936058493817,-95.2593913031181,-22.379078480617387,-29.184993201107083,-23.71136011907448,-21.932507437898348,-21.147502781399,-21.11496076312865
-21.29056736883382,-21.406115690657696,-21.302661226385474,-23.03158085281972,-30.44336958682218,-21.338509009863213,-22.965083734529692,-44.98991075138125,-58.83273513638671,-21.708629021194795,-21.323373609787662,-21.44792329840109,-21.433501000243382,-21.64166159319152,-31.32170503059838,-21.438411844105122,-21.369539768324312,-21.278070258009436,-22.21235137772078,-24.420841797459545,-29.34995827388623,-59.35344404991171,-222.2915272250784,-93.70800613472036,-22.536278631880133,-29.292187781946183,-23.887529800299156,-22.101346565085137,-21.335184834170043,-21.30380368948382
-20.40097359260433,-20.525614971099735,-20.40337959270167,-22.224915704404278,-30.117824755130513,-20.448415571987002,-22.2199472371219,-44.992479519001165,-61.44319259576734,-20.86806592885626,-20.44352314790331,-20.57930992884305,-20.570143788200948,-20.82659614438046,-31.43952909359755,-20.596647218697164,-20.493474852368802,-20.38561865521428,-21.42196367745695,-23.86305100994782,-28.950657368199636,-62.57302144843774,-231.2528604366982,-98.42919047135307,-21.809468134070062,-29.061496200758477,-23.20332970880579,-21.304769843270083,-20.447815073684044,-20.40580837531128
-21.322819162071948,-21.439702659494486,-21.333914567657327,-23.08171597250041,-30.459917897699555,-21.369313663337437,-23.003364168619363,-44.948771204752376,-58.62634642021438,-21.735115145840368,-21.356514007651466,-21.47921366622191,-21.46742469500385,-21.67208023448228,-31.29398908191514,-21.474707419244528,-21.40403048696778,-21.311252461281978,-22.242582280831584,-24.442696017376917,-29.41528243046535,-59.02534692323344,-222.33917020592224,-93.2222818642775,-22.563800491906193,-29.332017118990535,-23.92989985523166,-22.129711294489194,-21.366634893894282,-21.334985190183698
-21.504413025585865,-21.62156632090144,-21.515869328721408,-23.274346184683203,-30.559860516858922,-21.54920983707871,-23.171654347991396,-44.95207658850877,-58.00406651196774,-21.90247475468584,-21.53789505466585,-21.656247336327294,-21.64690876118682,-21.839770841203492,-31.251120747770504,-21.653654339386026,-21.58645679726179,-21.494498007721397,-22.40654777685161,-24.565982704854818,-29.567074102550052,-58.15958525238634,-221.3956979267216,-91.97051241905093,-22.71429235730747,-29.422160342094024,-24.09332563691305,-22.292238247326516,-21.546920564233243,-21.51663378066243
-20.69091946336093,-20.81666389441481,-20.693231720010964,-22.541515125895607,-30.20107570586689,-20.734772767942854,-22.488643767088668,-44.833238400996294,-60.203023851544714,-21.1299618733986,-20.73313062496344,-20.861530181765307,-20.857802402795446,-21.09258817175876,-31.314313602639814,-20.884785532954876,-20.78568443319875,-20.678596773884447,-21.681597756334185,-24.034897810733412,-29.204335325619034,-60.847550261256416,-228.82240540456917,-95.9129319902248,-22.045713424407783,-29.211681981153124,-23.468203851925157,-21.561156492535765,-20.735143369910894,-20.695164873147636
-20.793337904912644,-20.923262429517823,-20.792952963000317,-22.710380598092346,-30.28218600508273,-20.832591559611267,-22.612083453095032,-44.77069883818778,-59.482954918697416,-21.21282125745347,-20.838689328490887,-20.959988516949686,-20.964857076006155,-21.186389591162254,-31.20033690090755,-20.99841565112192,-20.895362867009343,-20.78405463208727,-21.775263176940502,-24.103922904074743,-29.421122374245563,-59.68989904619251,-229.48477117612236,-94.34779428265894,-22.12749692850044,-29.33407056423506,-23.602706332901096,-21.648974699673555,-20.83503296998655,-20.794621021821623
-21.264323739197664,-21.390392558621,-21.268243437506055,-23.149038740602222,-30.527321884746815,-21.30316914082282,-23.016471038172227,-44.85617249131319,-58.180805033636254,-21.658737876090076,-21.3058692823735,-21.419989972149214,-21.42363743000803,-21.62049618142827,-31.15578460601687,-21.447820848013723,-21.360881304893894,-21.256919908928733,-22.196367475445893,-24.423368861016364,-29.661627271762452,-58.06331564824976,-225.76411457949044,-91.96228871875567,-22.516105125592592,-29.46843478823112,-23.975455769563993,-22.072418927338123,-21.304597984900248,-21.26924775436986
-20.304648721686778,-20.444795329429073,-20.29617726125311,-22.357083934689157,-30.162845516304643,-20.33910215818342,-22.24249583383623,-44.81477348589915,-60.40038129113063,-20.734019400622902,-20.35936966890381,-20.480025610669077,-20.496847129561598,-20.732968884980107,-31.129675208404926,-20.549099313573947,-20.422877402629272,-20.296750731544535,-21.340867910689187,-23.78977181833552,-29.401068530861025,-60.471140173044645,-236.8234906392944,-95.86143287938914,-21.71804072237391,-29.31965664112905,-23.286287492370917,-21.20402056822254,-20.34533734330727,-20.29830842515481
-20.69181298506101,-20.81393829897609,-20.696918913384383,-22.494124124864587,-30.20797968219844,-20.738927851353406,-22.465465153378116,-44.940437214061916,-60.51026761877773,-21.141029624498916,-20.731450912196674,-20.863175046582406,-20.853216784551385,-21.093052879016614,-31.38300786473105,-20.873676655687515,-20.780604375319903,-20.677620432746032,-21.68012074613398,-24.040745576941976,-29.09061474164198,-61.40530279878661,-228.13983076973153,-96.70366119413632,-22.04648208122142,-29.141199203717,-23.430544247279578,-21.564399527778217,-20.73766343583125,-20.698931321469026
-21.0555488117541,-21.18001968120046,-21.05989977107915,-22.905463088178315,-30.36782091221587,-21.097471635153152,-22.81214280291837,-44.81356634968232,-58.988665951384355,-21.46923503333459,-21.095898841542336,-21.217110575592145,-21.215495618847076,-21.427973552454755,-31.233000460378904,-21.23821980223512,-21.14890197699514,-21.045601588964324,-22.007731601772157,-24.272970332481286,-29.444471032017514,-59.23975094473687,-226.02787200898416,-93.5841625609184,-22.34485616437337,-29.34861615039918,-23.774510683247648,-21.88691921758756,-21.097840552693896,-21.06127508883617
-20.133070606334588,-20.27012942500206,-20.125876882314984,-22.123599221417148,-30.024152034556973,-20.17165176362235,-22.062700736820883,-44.80370964029996,-61.3379742198051,-20.585226403981327,-20.185436794627044,-20.31462729287045,-20.323736412307817,-20.57787162304859,-31.26644159008022,-20.37254710845781,-20.245856757645203,-20.12210052255759,-21.188110186357427,-23.674005810576006,-29.16236742879608,-61.89443619994617,-236.46300714907227,-97.69825889286844,-21.584271988690382,-29.196814710638037,-23.104198381852726,-21.055912114824405,-20.17623719279226,-20.128375248384458
-20.416103435553755,-20.54818323630488,-20.413064426996417,-22.345205381077726,-30.111442818081255,-20.45664414306686,-22.283626710521148,-44.78613215937979,-60.69357324893945,-20.859558472725404,-20.463904531227904,-20.591978468853878,-20.59595004017732,-20.839386011057726,-31.27565363534536,-20.635229646952823,-20.521013853535123,-20.40482775684335,-21.438931459972718,-23.856665168091023,-29.20486148009872,-61.24686743680742,-232.66435052357048,-96.61462059576698,-21.818575485546447,-29.216253341134923,-23.296348702006586,-21.311776063653486,-20.45944888893711,-20.415270135338123
-20.15817074568408,-20.295168482880626,-20.151092573034752,-22.149256101349767,-30.034740194744373,-20.196583638482124,-22.08504547346853,-44.7985106558625,-61.24399027467587,-20.608403907573994,-20.210436674025463,-20.339064962714836,-20.348399142808532,-20.60087251399009,-31.258053081003858,-20.396969271451,-20.2709011802413,-20.147378851869366,-21.210404626238287,-23.689965745827166,-29.179146263896214,-61.769621133500756,-236.25671259246138,-97.52007743133956,-21.60458111952749,-29.20560306026846,-23.125317608897873,-21.078167028521232,-20.20118440261221,-20.153553565512482
-20.031505044487815,-20.170360269389366,-20.022865211631302,-22.044812013737342,-29.995289692022062,-20.069391515405652,-21.983717538715027,-44.81827123513179,-61.57034588904721,-20.486721130339827,-20.08551196727195,-20.215060678791566,-20.226006704416204,-20.483840256163035,-31.26298951263425,-20.278147506305285,-20.147133274356765,-20.020656563644923,-21.098087453485256,-23.60851737145546,-29.14915500574513,-62.1240815543109,-237.8878805968501,-98.09433817489536,-21.499988027815384,-29.191320543843027,-23.035672509304757,-20.96404374120188,-20.074613622431407,-20.025462735670875
-19.93163650271301,-20.075024392247688,-19.919996830156883,-22.014475212809096,-30.004680754734107,-19.966446397360325,-21.92696082756528,-44.850393857476654,-61.52780804435893,-20.38135975080967,-19.989514452567434,-20.115729358734644,-20.133388766275075,-20.388932839999995,-31.188030458127542,-20.19266524701948,-20.05466174579814,-19.9224155600731,-21.009332102515216,-23.543851525635556,-29.23630668345549,-61.842204473701806,-240.55464957642744,-97.92620766176353,-21.411964637676768,-29.238040366477556,-22.998374821524102,-20.869940133664265,-19.973514819810667,-19.922590399664667
-19.89856527749835,-20.043165911059145,-19.886146428957886,-22.000085564796024,-30.007835020037092,-19.932630144893356,-21.906124957410658,-44.86837272670286,-61.54245604817668,-20.34737715378169,-19.957500604290907,-20.082936918703545,-20.10229612507256,-20.357584041587792,-31.1699596757836,-20.163432672083665,-20.02353252707178,-19.889724314757277,-20.979844976303887,-23.522999827980286,-29.255423901370815,-61.8006950611539,-241.3703623374503,-97.93913373793279,-21.38304109574503,-29.247777397457178,-22.98286141134693,-20.83906265518586,-19.94017226198615,-19.88874696489802
-19.858285749051895,-20.003173699076257,-19.845566147863963,-21.962002307861336,-29.99076026036618,-19.892449276484705,-21.871668168075907,-44.8742709038752,-61.674333863983314,-20.309536511667584,-19.91751148348675,-20.043641868304338,-20.062966416432015,-20.320516801421004,-31.178921192746714,-20.124764074515618,-19.9836707422723,-19.8492672446848,-20.944126912657996,-23.496706748076626,-29.235804153041567,-61.96483777238764,-241.76112404472448,-98.18159785240138,-21.35021422303102,-29.238385161369006,-22.95123624440148,-20.803140251748836,-19.900052512792538,-19.848218033783798
-21.466447254077895,-21.581651927704083,-21.479367167646693,-23.209601343625103,-30.52671804308367,-21.51327492535028,-23.12328049388612,-44.9888767598065,-58.259276990438686,-21.87189535421527,-21.498461132052874,-21.619514415871215,-21.606391683419126,-21.803704981366955,-31.2873591729253,-21.609642019675785,-21.545170096704375,-21.455249419049473,-22.370565299553675,-24.53655215924026,-29.477656506971382,-58.57821266231775,-221.0954505311546,-92.57788600625213,-22.68170440669292,-29.369410071419118,-24.039338508878906,-22.258892525486917,-21.510045276891944,-21.480220294891247
-20.412395592342854,-20.53606668241848,-20.41558721500568,-22.22442738124052,-30.129075431875044,-20.460617097569337,-22.22417671699811,-45.02551523657821,-61.48699334339776,-20.88142755701849,-20.454283973492764,-20.59061544583456,-20.579940583591952,-20.837015672458996,-31.45465915867679,-20.604639430530217,-20.503346012699797,-20.396631468657976,-21.431536559492965,-23.87315880451268,-28.9289597339819,-62.669210795990026,-231.04407901995572,-98.57098582114249,-21.818727526601165,-29.046657632753256,-23.203016561668548,-21.315596617354934,-20.459600598144362,-20.418021000725357
-20.93642116855829,-21.06878312963977,-20.934957743648283,-22.900160833340166,-30.424088013513096,-20.972429333670668,-22.762518735594533,-44.825486446486806,-58.810334894355364,-21.339085979057437,-20.983856020020095,-21.09831583000276,-21.109225793491238,-21.317439558948426,-31.11373846979921,-21.145716473289337,-21.042844920910618,-20.92957100548614,-21.904341798708238,-24.210999323265348,-29.61553239666623,-58.66103404918213,-230.03779337694868,-93.00330608831288,-22.24236849914508,-29.435968119323242,-23.754077487247955,-21.774301248843653,-20.97619272296612,-20.936336705942274
-21.030862393134758,-21.15640491970838,-21.034347017647637,-22.895049880001523,-30.36522851622795,-21.072036455852047,-22.797347733163193,-44.80317601578331,-58.99317975636241,-21.443683170396927,-21.072151528282806,-21.19275433737766,-21.19273531776838,-21.4053156593091,-31.219918769827032,-21.217476831682355,-21.12597566945921,-21.021262777609756,-21.986180979828415,-24.25801038601748,-29.460137144688236,-59.20281379377745,-226.53652361046272,-93.55116955971107,-22.324316081092782,-29.35713386775368,-23.764233517251977,-21.86416076405808,-21.072856651269767,-21.035739415017456
-20.85682301567887,-20.98673202761212,-20.856662046021224,-22.777200726564754,-30.320178133497723,-20.89557124530528,-22.67021492761671,-44.77695261209884,-59.26181664462857,-21.271527775751895,-20.902087143401676,-21.02180598726152,-21.027418759639065,-21.244794764988015,-31.182922223650635,-21.060563503067275,-20.958955771834756,-20.848053474690257,-21.832131049986952,-24.14738810949132,-29.469842752014507,-59.38782487669181,-229.1541818784052,-93.92307720729042,-22.179415516423184,-29.36055002313312,-23.658160263776626,-21.705546656968025,-20.898106605512165,-20.85823000655982
-20.314043973859878,-20.448203915137775,-20.309291790017888,-22.269447561049603,-30.080912880339195,-20.353615371472753,-22.205919953063812,-44.785800750487,-60.89858226544624,-20.759807328263346,-20.363719343976804,-20.491873957686042,-20.49821396662167,-20.74505199244793,-31.26577219926833,-20.541436277316585,-20.422275280238928,-20.303028133800748,-21.348563698991217,-23.79063069839217,-29.198497927533523,-61.432031297586676,-234.10375435687894,-96.94100797273893,-21.733883925083187,-29.21407429917869,-23.229990326641243,-21.219234978658893,-20.357194614788867,-20.31159716317344
-20.90840512073445,-21.03479572946617,-20.910882291513023,-22.778701669029047,-30.305771116486024,-20.949834495239948,-22.69135935036142,-44.792162874492604,-59.355241118585596,-21.328379731893616,-20.950605789788614,-21.073213495028153,-21.073234273502123,-21.292587741739,-31.236791216660357,-21.100155100954122,-21.004688682855093,-20.8982308574654,-21.876753001633563,-24.176473224808,-29.392637944478107,-59.664251652841834,-227.51942308293616,-94.22398656884144,-22.223556987686706,-29.319033047826522,-23.665718997666232,-21.754316761313753,-20.95084829187965,-20.91245226359197
-20.923940045387273,-21.049550323747564,-20.927036150969844,-22.783702146395747,-30.30705383116024,-20.96593526307665,-22.69991740966047,-44.800371642136334,-59.361480632438166,-21.34476748598274,-20.965471231050923,-21.088573291412004,-21.08740716471505,-21.30686997426789,-31.24714208725245,-21.112882839427918,-21.01893695415105,-20.913490005407724,-21.890261356343085,-24.1859911145818,-29.379144816420865,-59.7046233523097,-227.16830006670017,-94.26694702814487,-22.236534839628316,-29.31146154506947,-23.671012160115588,-21.768724970606876,-20.96661726518598,-20.928598690797983
-20.79213589862046,-20.920679267220464,-20.792706071980035,-22.688188080603734,-30.26482654107903,-20.83261975361767,-22.600735036541522,-44.775816002567794,-59.597815849892605,-21.215394704266906,-20.83632350164888,-20.959295660480134,-20.96170890902965,-21.185493375997872,-31.22818496683703,-20.99297514140756,-20.8918190085991,-20.782120497376656,-21.77360707046321,-24.10113684060026,-29.373878320545348,-59.906188237096934,-228.96136664053904,-94.61583999843097,-22.127390618270084,-29.308395061758464,-23.58683064487481,-21.649061119314045,-20.83443025536923,-20.794410547633063
-20.41740212148387,-20.557587088293772,-20.409347672290448,-22.477774064757757,-30.24029922606779,-20.450933307367855,-22.346171395228378,-44.83912287092056,-59.99190421352162,-20.838143844980916,-20.472100038987133,-20.58965680088416,-20.607966116367134,-20.836361936972988,-31.092290370718636,-20.65946088246352,-20.535843453815566,-20.410430359915498,-21.441332030888525,-23.8684228718533,-29.488023204516008,-59.913539684378904,-236.3550468415137,-95.10063941318435,-21.809204756377486,-29.36281329140102,-23.384447641156466,-21.303971205270134,-20.457350516318968,-20.411304531307405
-20.817728036316687,-20.949216978604607,-20.81638089075448,-22.760485327905066,-30.322143041915297,-20.855418517413646,-22.646341323398886,-44.77970321384008,-59.275465712447385,-21.23127396817839,-20.864418626231068,-20.983140911102208,-20.991075084649143,-21.20846734269314,-31.162058407168843,-21.027007929912397,-20.9224471585918,-20.809461217139564,-21.797673681759484,-24.12406916516774,-29.493117027274188,-59.33743784170241,-230.04947682489217,-93.90542515654359,-22.14616832656806,-29.372107382421852,-23.640826410381177,-21.66930824420814,-20.85860714592555,-20.817970034806503
-20.554222231572826,-20.68500522186424,-20.552490722830427,-22.471186002583558,-30.165096588964957,-20.594725948497278,-22.399925755108264,-44.775800136955056,-60.28298676239356,-20.99014184609676,-20.600689379714517,-20.72688458632662,-20.73031350783771,-20.966477379163575,-31.256299481153178,-20.766681558825645,-20.657211384176353,-20.54341078998857,-21.561741132710885,-23.94573447730851,-29.266209893869828,-60.74490436030298,-231.25973491464094,-95.86476288819804,-21.931850098267155,-29.249297075110803,-23.40283676227715,-21.435554255544815,-20.597169958066285,-20.554514256648503
-20.57064855628153,-20.703833041814384,-20.567348026218692,-22.525665819631193,-30.199593555421664,-20.608886297868086,-22.432657067141974,-44.76398179432342,-60.016583308011576,-20.998546706984076,-20.619074327308926,-20.74196906154438,-20.749854221540566,-20.980827844332797,-31.19960025869878,-20.79001760653551,-20.677732197121898,-20.56124532157353,-21.57716841419342,-23.958298324434786,-29.360517891559066,-60.27480809474122,-232.0665489852628,-95.27625946625578,-21.943110561899786,-29.300664155400575,-23.44305957706817,-21.447857727893926,-20.612447500064633,-20.56927914291149
-20.66646937533873,-20.798413324709113,-20.664303797310392,-22.607573400242483,-30.236724478189707,-20.704997677446613,-22.51101754349592,-44.76475480634504,-59.77235592439807,-21.090305208801432,-20.713712072483837,-20.835723192466137,-20.842605812498324,-21.06926364282653,-31.19627447957572,-20.880210895796335,-20.77164890977719,-20.65720093406451,-21.662444334358685,-24.021140588422984,-29.39167920351373,-59.99694239838246,-231.00768001253346,-94.84329362140116,-22.022320734792167,-29.317574768007546,-23.513398300765726,-21.53423901583932,-20.70815204665969,-20.666118879985707
-20.440670028386805,-20.5802488977911,-20.43303947378655,-22.49230098930761,-30.24140738230174,-20.474516604298252,-22.362774320824926,-44.829823071764935,-59.95802315930818,-20.86126527659227,-20.4948141764825,-20.612594945735623,-20.63013422736075,-20.858136491902137,-31.098800410689854,-20.680629987389597,-20.55815892294171,-20.433569451849955,-21.462073536535325,-23.882912245143476,-29.484310892711804,-59.89649979196162,-235.90712530947127,-95.04369248429077,-21.829062687727248,-29.361464410265555,-23.398237706183693,-21.325363698054215,-20.480707049322834,-20.43497991621443
-20.83206250822843,-20.96304135423194,-20.83110087307649,-22.767648288125105,-30.322313296018542,-20.87007948379448,-22.655610073251406,-44.7784257595017,-59.265145947911535,-21.24585483845982,-20.878289692697926,-20.997295268004784,-21.00450100195007,-21.221784854692885,-31.16839153692303,-21.039529776397707,-20.935951042430005,-20.823647224703517,-21.810341449584428,-24.132754022662603,-29.486871532570333,-59.34575613898089,-229.7477497557011,-93.89918015882891,-22.158326302836354,-29.369103233014894,-23.647920911421707,-21.68254269995439,-20.87306033003029,-20.83268069702031
-20.163129675537714,-20.30172551982943,-20.15506834950733,-22.180550471138098,-30.0545978858281,-20.20008900952306,-22.101429992208583,-44.795764767523906,-61.073265828084416,-20.608157781606508,-20.216688279177777,-20.34316448673989,-20.35540614694737,-20.604406180288922,-31.21739578364708,-20.406360421130284,-20.278559428007778,-20.153243812050185,-21.214947932231603,-23.692986009378238,-29.23908219382388,-61.46123676449696,-236.86651249186292,-97.1552010699172,-21.606300497636525,-29.23763331557643,-23.146941879430514,-21.080643731349383,-20.205416791066583,-20.15746915731195
-20.778583849300176,-20.90511040787727,-20.780566074761825,-22.644368731206413,-30.24169070912348,-20.820981427047183,-22.573802937181146,-44.80006299250847,-59.81148041648504,-21.20837184305522,-20.821163476872837,-20.946716440832148,-20.945416301459147,-21.173161297397723,-31.27172133050587,-20.973300560966333,-20.874829747167663,-20.767402118532075,-21.760488495259818,-24.09082399113691,-29.2968548067782,-60.2821596950382,-228.38882282032418,-95.10976695240032,-22.11719046544775,-29.26498200867652,-23.553330195356175,-21.638566347099022,-20.821849690529824,-20.7823405001566
-21.227191343952217,-21.345523017082673,-21.23682340816265,-23.000951225835646,-30.417979272494446,-21.273176276947805,-22.92590250681344,-44.91849205373539,-58.85064612931569,-21.643253482461674,-21.2622579332101,-21.385744136435623,-21.37539566391586,-21.584553676654348,-31.294055242132583,-21.385953021351266,-21.310613545537237,-21.215550356774166,-22.15769728767488,-24.380721317344697,-29.384662408377885,-59.2821094034539,-223.27385892513098,-93.59415824089263,-22.485478933512287,-29.313965024675582,-23.860696045974677,-22.0435938969238,-21.271011756133863,-21.23803061369875
-21.22688858228536,-21.3446963286993,-21.236942264381195,-22.993894590179053,-30.416600153275578,-21.273342494459786,-22.92208520893258,-44.93206170939408,-58.88996711783696,-21.64428273018919,-21.261560459141403,-21.385529677782227,-21.374276399066048,-21.58405381262388,-31.30240935070615,-21.38384787544177,-21.30944615880362,-21.214982814953096,-22.15699239965188,-24.380215485258987,-29.368415672125106,-59.354441440450216,-223.16200467075538,-93.69980050886576,-22.4849861595747,-29.30413485948015,-23.85493771779428,-22.04354698080557,-21.270941037572058,-21.23815803432089
-21.14744965336272,-21.272622853451736,-21.15158950857567,-23.012317437546,-30.43137245332067,-21.188005432264507,-22.90175009821714,-44.81995555042127,-58.625005655208625,-21.55249451034562,-21.188270245353,-21.30643938349907,-21.307137745374842,-21.512713870401683,-31.197864753945673,-21.330541278659624,-21.24220245767786,-21.138623376163427,-22.090729107546707,-24.337624855009807,-29.539480496529045,-58.71203801695104,-225.824056507742,-92.84928048518215,-22.420261246916233,-29.401747790837064,-23.86289557714895,-21.968542689385874,-21.18884034662679,-21.152801937024602
-20.479959294356497,-20.613153226327018,-20.476359822996756,-22.429849457508485,-30.151152391820588,-20.51895381554407,-22.349893860780455,-44.76744592478258,-60.35134746512684,-20.91500671459078,-20.52853178554543,-20.653705362086242,-20.66046308417296,-20.897574441803474,-31.22900070891265,-20.70118399932648,-20.58688074740335,-20.46981112161697,-21.49621051874385,-23.898035059075923,-29.291464733584615,-60.73090527529707,-232.61893830135773,-95.91792652726932,-21.869389234342822,-29.263692339036076,-23.364056030033066,-21.36731711055097,-20.52237154050282,-20.47843294137
-20.019236639268385,-20.158454888202463,-20.010333422990122,-22.037711594084005,-29.993248024097966,-20.056910196002676,-21.97526230620891,-44.81983454603039,-61.584064342387364,-20.474368719741697,-20.073558195510103,-20.20296453731403,-20.214391829939746,-20.47237179054082,-31.25889458580953,-20.267149432607084,-20.135454055533287,-20.00848279175999,-21.087217389481722,-23.600502018884576,-29.152787932705984,-62.12511917976312,-238.11865775383777,-98.11143892145284,-21.48957453768332,-29.19349418594038,-23.028994055439547,-20.952761508601814,-20.06227468027943,-20.01293772777124
-19.97156714152899,-20.114036946691932,-19.960581220130557,-22.04139524131833,-30.011077331656587,-20.006819761421358,-21.956314143640025,-44.83772377595138,-61.45794462410961,-20.420760979925983,-20.028625502659033,-20.15501928841063,-20.171588245231945,-20.426235033974997,-31.195547789571343,-20.229333623093936,-20.093136359766365,-19.962181384758928,-21.044828524421195,-23.569490259566223,-29.233130963915677,-61.79350308744113,-239.85812563338533,-97.80848081812843,-21.445731840899246,-29.236112779931055,-23.022968955289954,-20.906431656123196,-20.013550723735346,-19.96314599894394
-20.661474465590384,-20.79289135122037,-20.6596448479891,-22.594092398192206,-30.22679902415929,-20.70050728763652,-22.502495792656937,-44.76463968180343,-59.8337326485512,-21.087128375606273,-20.70827596543656,-20.831062495964485,-20.836950175156407,-21.064823142005025,-31.20880198910649,-20.873736080564687,-20.76575286543584,-20.6518874897979,-21.657806663778786,-24.017025097881785,-29.369885035147412,-60.10413915108519,-230.8191683280853,-94.97669270683184,-22.018708594194194,-29.305920902909648,-23.503366069600077,-21.530288424206834,-20.70341474694096,-20.661482035117302
-21.221400604251848,-21.344693061772233,-21.227167928804867,-23.06272652022078,-30.4524182289318,-21.26302174529072,-22.955809324426536,-44.84000710280553,-58.51262739382629,-21.625614785743206,-21.260502931156648,-21.37902835454433,-21.377267649935174,-21.580662976851144,-31.21348970544679,-21.39693461993857,-21.313135343898676,-21.212223586273435,-22.15610580995171,-24.384385918371528,-29.53649326269062,-58.63234488733812,-224.76422873818188,-92.7013294236974,-22.481528631825544,-29.401254716207383,-23.908047469802256,-22.035852415194633,-21.263110874370412,-21.228298257568888
-20.329201210278416,-20.458800046589985,-20.327685665609707,-22.217248667974037,-30.073441790929643,-20.372769135750097,-22.187618187929385,-44.863063918121334,-61.26721930416419,-20.787447336952454,-20.375383414683746,-20.508202244691404,-20.506696872498917,-20.76040451172842,-31.36256272719872,-20.542272257280302,-20.429766936672596,-20.31586151018631,-21.36056971300886,-23.80632033437751,-29.056223059782795,-62.133987233971105,-232.71452613311436,-97.833204843571,-21.749816409052215,-29.130881296709436,-23.19383251287759,-21.23713235366493,-20.374293663497113,-20.330099931542016
-21.39989511938299,-21.519245718783235,-21.40926399417308,-23.19465678267113,-30.517326190935744,-21.443576797224704,-23.091239328543956,-44.90466222957333,-58.19710053258322,-21.800464261559537,-21.43538704009979,-21.55393261942936,-21.54727593533355,-21.744241868748038,-31.238938499791736,-21.558745954806586,-21.48538542429114,-21.39020528603772,-22.314068978872253,-24.498773324453307,-29.5522093680584,-58.34715914454674,-222.56773248343518,-92.24929424551583,-22.628571367458896,-29.41241186430531,-24.023931222510633,-22.197677840106486,-21.44213476829081,-21.410170311785514
-21.32384870823918,-21.440454143617174,-21.335174051203968,-23.079251336775883,-30.45968623651688,-21.370581870113547,-23.002427273955487,-44.95595627099162,-58.64256026702812,-21.736745170724316,-21.357329952012073,-21.480256112885343,-21.46800064536687,-21.672893920739963,-31.297976581747513,-21.47474812690054,-21.40460438338069,-21.3121524451183,-22.243268293655976,-24.443140641170306,-29.407669326244296,-59.05715792147394,-222.27264636588535,-93.26938468104397,-22.564493440312962,-29.327405441833072,-23.927904481285754,-22.130737323784633,-21.36777923697074,-21.336246851185827
-20.02319430881745,-20.167580748999214,-20.01135828369054,-22.129541710963878,-30.07741192292044,-20.056408797686284,-22.018082981342378,-44.868701716763404,-61.080226864433456,-20.462650253228887,-20.081821642500927,-20.2041662784538,-20.224797988901663,-20.47171706667034,-31.126858379581854,-20.284766741027248,-20.147959044866415,-20.01525631816076,-21.09035950988814,-23.60619179261428,-29.34076351335412,-61.18486754269436,-240.567319050546,-97.08308400555647,-21.48341407577581,-29.288936208337212,-23.087997695300867,-20.94937031692978,-20.064047257719757,-20.013775873250307
-21.17182611314953,-21.29626794938312,-21.176579794758922,-23.027249222749134,-30.43654397004402,-21.2128306503072,-22.91872190491525,-44.826263191327854,-58.59601757901369,-21.57687717996714,-21.211982649290547,-21.33040429486892,-21.33009575260391,-21.535118211463704,-31.205049930560588,-21.352081403179465,-21.265394406057926,-21.162826341087385,-22.112221403126906,-24.35275327482544,-29.534746849113002,-58.70157175899409,-225.4268834854696,-92.81974934189027,-22.440509803455004,-29.399571819660945,-23.876577451110823,-21.990812419176166,-21.21336890678568,-21.177767857300495
-20.34202227480294,-20.477199139525293,-20.336687010592964,-22.315097546716707,-30.10346241298273,-20.380445193772786,-22.238845759331742,-44.7753118694948,-60.69736010784911,-20.782499367169635,-20.392465811115272,-20.518681813992178,-20.527188844247238,-20.770225366852262,-31.232268876514272,-20.57185508909458,-20.452026899391402,-20.331786635878423,-21.373695041739065,-23.808575535649798,-29.254832175260397,-61.11144503433892,-234.28551036812755,-96.52423339261009,-21.755393833623813,-29.244657862913222,-23.265346650172958,-21.242930300245884,-20.384532424502297,-20.338917516990357
-20.77145725476273,-20.901947949887546,-20.770614827480273,-22.695980973741257,-30.277262169928836,-20.810393658939432,-22.596276363234757,-44.76925919410209,-59.51530664978934,-21.19111364700228,-20.81732203649702,-20.938478369852486,-20.9440813265233,-21.166151757111308,-31.19520724654086,-20.978698887355748,-20.87439471938487,-20.762290040535294,-21.755886499948755,-24.09001677537073,-29.423319203604684,-59.70955310381818,-229.83405077214834,-94.39262365861114,-22.109199756395974,-29.335076573784825,-23.589622591586217,-21.628995902292043,-20.81305729131116,-20.772302970260952
-21.309009012656677,-21.43437656327886,-21.3135837034573,-23.185654803326933,-30.546130173714907,-21.34811372172741,-23.052405961953774,-44.86684867756007,-58.08516051091226,-21.701902658496643,-21.349894729484006,-21.463746740220923,-21.466669918014247,-21.661680743466846,-31.15861341390527,-21.489377129888027,-21.404487372365555,-21.301615706908386,-22.236217283809534,-24.452941051282526,-29.673992462900397,-57.95979595227668,-225.291068227164,-91.79999294401104,-22.553195216989188,-29.476078203047038,-24.007433073660202,-22.112887575510143,-21.34929226719326,-21.314530003501915
-20.579925799940884,-20.71533375140361,-20.57524878565374,-22.571164210763538,-30.242304915060835,-20.616163270411768,-22.45810501232125,-44.780501582371905,-59.79970120475181,-21.001081830604534,-20.630269773212245,-20.750051438212445,-20.761987842828468,-20.98841178622954,-31.148599366947362,-20.80551794708958,-20.6907601043069,-20.57176967026752,-21.58594985573333,-23.968696593943235,-29.444536860667114,-59.87708242137403,-233.0437504294024,-94.810813938548,-21.948132846828052,-29.344101009579944,-23.4750094556404,-21.45381106568919,-20.62073620019743,-20.577101321928993
-21.132756570415317,-21.25547152358418,-21.138669328461226,-22.961510899169713,-30.39441462299783,-21.175608869790526,-22.87020347759815,-44.83681677485871,-58.853903318558906,-21.545038983494727,-21.171514909590254,-21.292799864924895,-21.289001358168242,-21.498847040133573,-31.244522993371696,-21.308157751496623,-21.223312508207457,-21.122549480715644,-22.076003249111036,-24.322508995203133,-29.448228699520136,-59.123881495666,-225.02465240214815,-93.39318079539109,-22.40854522691906,-29.351156642851457,-23.823780605220033,-21.9569626298516,-21.17529541977883,-21.13995476364345
-21.17306567975358,-21.29530659939626,-21.179466778972053,-22.997100582110953,-30.412636692192695,-21.216010795454164,-22.90374274988595,-44.8447380216727,-58.75097119009203,-21.583489245619525,-21.211358390294986,-21.332197829301496,-21.328033065701778,-21.5358993482147,-31.242819312778895,-21.3461046800696,-21.26291061694497,-21.16295134771251,-22.111930362618367,-24.349068453148654,-29.46465774502458,-59.000866834858485,-224.65143451964468,-93.21144883835117,-22.441743824617795,-29.360703839262374,-23.85425927199162,-21.993256418583282,-21.21554310432857,-21.180695669734426
-20.78439044616201,-20.912355234021742,-20.785347208954306,-22.67142798959962,-30.255112587455677,-20.825453552102942,-22.58942774229327,-44.78090119319709,-59.672551639186516,-21.20981142508613,-20.82811449846041,-20.95193999609703,-20.953238720507827,-21.17842875788312,-31.241876173342323,-20.98356883781652,-20.883077833555625,-20.774008344663585,-21.766405415153162,-24.095403351525803,-29.3486666739622,-60.03275747548321,-228.80561977088917,-94.78200537785766,-22.12135857123631,-29.29439106417089,-23.573836016512665,-21.6426292635718,-20.826987616118032,-20.787078121011874
-20.229691876165784,-20.36659912491891,-20.222894257958345,-22.223715155413995,-30.06733777605523,-20.267558171920907,-22.14940901691874,-44.78636090098249,-60.97177176681194,-20.67426555338137,-20.281750238466838,-20.40866609746546,-20.41878309394095,-20.666395047682443,-31.23289710145783,-20.46679026967633,-20.34240355173249,-20.21945017519652,-21.273979635825746,-23.73590340442255,-29.229990000222895,-61.40382337990261,-235.72218210256568,-97.0024392498996,-21.66240015753006,-29.232231871368562,-23.18643158704716,-21.141527090943477,-20.272238874028062,-20.22524626641177
-20.38051048505907,-20.51584329313888,-20.375197791709336,-22.3583852140585,-30.124879504098327,-20.41846613788082,-22.275092194195672,-44.771492932874175,-60.53702886277949,-20.817429368807524,-20.431019480502897,-20.556061300518756,-20.565341191473735,-20.805434465507503,-31.215141563130736,-20.61001933205088,-20.49085128449346,-20.370677988226504,-21.408014304179602,-23.833870854299043,-29.28949564623447,-60.88592144253093,-234.1008391634887,-96.21346479933273,-21.786377427508782,-29.26302941241648,-23.300522509226653,-21.27687326973716,-20.42268730977589,-20.377363353419582
-20.328892839416937,-20.467104157416014,-20.321627638970167,-22.350499903462676,-30.13967923909987,-20.364784498796528,-22.249750079814234,-44.78811255751708,-60.477175597095304,-20.761743448364864,-20.38190894897734,-20.50455260141122,-20.518270379280985,-20.756500728126213,-31.166651792583167,-20.567601379231736,-20.44396404087474,-20.320168814245545,-21.362392108265226,-23.80261324651125,-29.351010036709116,-60.66879864018946,-235.7006384546346,-96.03566210729457,-21.74071047338239,-29.294959816204432,-23.286642306431972,-21.22785478268404,-20.37020862711136,-20.32378382177537
-20.542945124285563,-20.67910867980987,-20.53767459093011,-22.54423948905448,-30.233437444657653,-20.57883690763703,-22.430015883327435,-44.78481514627883,-59.87011346569945,-20.96488977865387,-20.59398448346565,-20.713729156732708,-20.72653874498346,-20.95407409706725,-31.143388301477426,-20.7714413122297,-20.65497293728145,-20.534884827619987,-21.55304695283873,-23.944913362961906,-29.442495994543705,-59.938112218013394,-233.59864535033915,-94.92906531279507,-21.917105113140817,-29.34262381727325,-23.450864068493978,-21.420132308183163,-20.583687954940405,-20.539562249811585
-20.222072054998165,-20.36259541654385,-20.21308138295127,-22.275493567345446,-30.11891408743832,-20.256879886717815,-22.1698741423173,-44.81232965321014,-60.6734289475681,-20.656808326600284,-20.277188714761287,-20.399538947754518,-20.41596443967319,-20.65701769844511,-31.149241819609855,-20.46931300647588,-20.340800911475554,-20.213702848349005,-21.267380627181513,-23.734133442835663,-29.351966725421928,-60.82411689970442,-237.43803699392708,-96.36687725326713,-21.650725510999415,-29.295042147724626,-23.218755162977654,-21.13040328568524,-20.2631535631752,-20.215327096509487
-21.18934350639388,-21.30517832817933,-21.200901872895823,-22.93045619146826,-30.401276728310904,-21.237859575725317,-22.874991037032157,-44.9988689051026,-59.167454054924754,-21.614646747169708,-21.22271728343789,-21.349156602338013,-21.334128606119403,-21.548523332343862,-31.342453750715652,-21.340151933551958,-21.26862950371926,-21.176143865857007,-22.121500336501505,-24.355972469919262,-29.279957827339366,-59.801223613981065,-223.07816910192648,-94.36417945895694,-22.452794809809763,-29.249637800641214,-23.801298381474123,-22.010772273988497,-21.23452112315114,-21.20220858135904
-20.314678408531076,-20.440712758820798,-20.31580079236095,-22.153418151959592,-30.088260100031718,-20.361643872989603,-22.15133016039502,-44.988723838047726,-61.667252569098146,-20.785214915162758,-20.358510341971225,-20.49496737178407,-20.48711028950828,-20.747575347984846,-31.444990832222963,-20.51653399496749,-20.409331901338366,-20.299316475055424,-21.345869756900182,-23.808765353315135,-28.930225455081846,-62.8215285292604,-232.29026402099473,-98.80041472951956,-21.739267027988806,-29.05196444075456,-23.143001257014493,-21.22735137351805,-20.361526352129754,-20.318335038985037
-21.06980837914187,-21.183756484724217,-21.082606248428846,-22.78542994542969,-30.371420239479864,-21.120985557813928,-22.755304344333577,-45.110655123600374,-59.74461604551177,-21.5096654854663,-21.102464305034292,-21.232677637431124,-21.213209711788586,-21.437463867179012,-31.403630671872392,-21.216267699944684,-21.14598458695688,-21.05468507205133,-22.01227705026841,-24.284355508892325,-29.13311097570585,-60.64783696323938,-223.86978188505398,-95.64297123349695,-22.352593498630405,-29.15677365026756,-23.676744312124505,-21.90476720439317,-21.116653556665526,-21.084137873424392
-21.090784398069268,-21.206407135802014,-21.10223769409888,-22.826299583944827,-30.36651211554249,-21.14030509483893,-22.784439203414355,-45.03353440668514,-59.5386355943525,-21.52455549042858,-21.124413751502118,-21.253035062856682,-21.236583541623798,-21.457653199583753,-31.371983615032338,-21.24274285592512,-21.169609698566827,-21.07665796087144,-22.03268791968516,-24.29452392052434,-29.197865372281882,-60.313963974583395,-223.83969693451877,-95.1240235667189,-22.371273811159,-29.199003075818332,-23.712402737746164,-21.922867821886886,-21.136735356684326,-21.10371092860928
-20.14540029506591,-20.277586536204314,-20.141545836796464,-22.061727793509863,-30.013990904608043,-20.188292042738475,-22.039426426403143,-44.87920559371405,-61.767719860200366,-20.61171360251985,-20.194055523914678,-20.328494120442166,-20.329135678067495,-20.591476527234164,-31.377884010128362,-20.37003619045477,-20.24997569771711,-20.131882542459515,-21.197995127239714,-23.69023663254228,-29.00447968970971,-62.70062832681706,-234.94778742147625,-98.70246725866794,-21.599423727606013,-29.10539612335039,-23.061938783417787,-21.072160540413044,-20.190677161640583,-20.144179204137128
-21.014574702999074,-21.134854106629962,-21.022024299029198,-22.805248671664785,-30.326564793945217,-21.06058109029412,-22.745462871953954,-44.897374541790256,-59.4549843417237,-21.442316032230547,-21.05173770771395,-21.17811891627718,-21.16873457613004,-21.389376983064526,-31.31720427272375,-21.184093170249906,-21.10083367100637,-21.002143656346224,-21.968096550705837,-24.243203698989888,-29.279777992492495,-60.03808153486568,-225.1686160957902,-94.69723039770675,-22.310905526991306,-29.252303197564743,-23.694025517950976,-21.852797255832616,-21.058979677772943,-21.023547195127335
-21.014574702999074,-21.134854106629962,-21.022024299029198,-22.805248671664785,-30.326564793945217,-21.06058109029412,-22.745462871953954,-44.897374541790256,-59.4549843417237,-21.442316032230547,-21.05173770771395,-21.17811891627718,-21.16873457613004,-21.389376983064526,-31.31720427272375,-21.184093170249906,-21.10083367100637,-21.002143656346224,-21.968096550705837,-24.243203698989888,-29.279777992492495,-60.03808153486568,-225.1686160957902,-94.69723039770675,-22.310905526991306,-29.252303197564743,-23.694025517950976,-21.852797255832616,-21.058979677772943,-21.023547195127335
-20.781067950437965,-20.9081746216759,-20.782633319728326,-22.655355444389837,-30.246580040734607,-20.822925034851725,-22.58020238511734,-44.79117966183507,-59.754706510518716,-21.209077082000988,-20.824103510477983,-20.948967522055934,-20.94871581486777,-21.17542890195196,-31.259688044608858,-20.97759259119592,-20.878297655819537,-20.770209772936497,-21.76301207092557,-24.092648071775045,-29.317778970583646,-60.18076519096073,-228.54747881339267,-94.97519055179554,-22.119016731137258,-29.27696331338847,-23.56172199429449,-21.640339766340112,-20.82406205421102,-20.784390111748095
-20.48398890344321,-20.61727013539077,-20.48034422402359,-22.435478480968616,-30.154178691159004,-20.52287184703704,-22.3542164519992,-44.76681398750732,-60.328630155343994,-20.9184663144423,-20.532626729332062,-20.657592551831183,-20.664556108755708,-20.90123947741335,-31.225729487918315,-20.705392663632516,-20.59106586548199,-20.473920619456617,-21.49982919806365,-23.900737693089273,-29.29753441266375,-60.695998070192566,-232.6270529812835,-95.8716828341898,-21.872574968593792,-29.266967507097554,-23.36851168743956,-21.370805779702334,-20.52633576814394,-20.482408500318897
-20.1492576399206,-20.291367436609114,-20.139115278440688,-22.224848785009915,-30.106550170696543,-20.18333124339347,-22.115585640763307,-44.833714240681964,-60.80666214112021,-20.58524018840796,-20.20581173208309,-20.327927609800337,-20.346204254521265,-20.589086856361497,-31.13687293436955,-20.402243348767207,-20.270483775555682,-20.14113693542329,-21.20256995450908,-23.687562354583452,-29.353639591702564,-60.92722543487471,-238.6601285782022,-96.59584936643228,-21.589216631618108,-29.295568950742762,-23.172660746712122,-21.063912945447893,-20.190182341690843,-20.141419338134405
-20.45326536869647,-20.58197385486569,-20.45272855181819,-22.334557397327586,-30.115089544091465,-20.496525462814255,-22.293652204951254,-44.83679266848806,-60.8561999468959,-20.90355608329053,-20.498397174037244,-20.629256670074408,-20.627768129104723,-20.874258239682906,-31.33532330111029,-20.66117139198952,-20.552561770623456,-20.440503960133196,-21.47077976690135,-23.883443893036038,-29.120423145467882,-61.613745323362316,-231.43977630133037,-97.06516491724338,-21.850988876530884,-29.166312198784297,-23.292367644455208,-21.34781149577357,-20.497854676116404,-20.45496835941457
-20.982493384574035,-21.112475301170893,-20.98272776218953,-22.911242235591068,-30.404371883470994,-21.020171449968572,-22.786429349038634,-44.80361039121232,-58.82852576395362,-21.38770280956756,-21.027727968725582,-21.144133396920427,-21.15138754758381,-21.360458030407944,-31.148736169990045,-21.183845728479113,-21.085019224405322,-20.974790005625845,-21.944861594270918,-24.23552084008848,-29.570388051616906,-58.79034308965409,-228.6413984894062,-93.09193748203332,-22.28224139023203,-29.414692633100593,-23.769157644706244,-21.817552873421807,-21.022937292025745,-20.984094576948934
-21.155227642055728,-21.273805884902526,-21.164446201449998,-22.929358356196268,-30.38541156456557,-21.201584021271493,-22.861984693654293,-44.92006257148829,-59.08360962564052,-21.576259464403346,-21.190692115427638,-21.315534850692206,-21.304810483024298,-21.51832986438864,-31.308021279179968,-21.31622914048731,-21.238926669172745,-21.143110672998663,-22.093158759693342,-24.333815894861463,-29.336217065444387,-59.59217926823436,-223.81196775484818,-94.04565489611858,-22.426184327105727,-29.285133448215085,-23.799874658165685,-21.97917549221493,-21.19942479985217,-21.165767876675172
-20.689463104748373,-20.813253058778674,-20.693262093690336,-22.51339593682895,-30.20120686459548,-20.73509466678207,-22.474167087217836,-44.8863592774597,-60.37607468610519,-21.134147510643558,-20.73025788165493,-20.860565615417674,-20.853433846327647,-21.09113078695118,-31.352479832410275,-20.876932007889526,-20.780978327280884,-20.67611066556602,-21.679126288799413,-24.03627137919139,-29.14086422267004,-61.15994910433298,-228.42670481198542,-96.34926542943379,-22.044718091529916,-29.17296989667075,-23.446106766570995,-21.561232372792563,-20.734576316399323,-20.695242177916302
-20.729718906756183,-20.850064816010757,-20.73634001814518,-22.5109989367329,-30.229318273079368,-20.778105104769356,-22.488362764147872,-44.99038672563832,-60.515796580562196,-21.180761972168483,-20.76802088819322,-20.90040243366069,-20.887865054668083,-21.127473978531736,-31.402846261271794,-20.904851220135534,-20.815682957912475,-20.71493505518575,-21.71275245510632,-24.06743904437809,-29.064659351746915,-61.47789755500267,-227.5707504978816,-96.81388288515949,-22.07703445761487,-29.123133377880066,-23.444991849661726,-21.599142325298278,-20.77610377812017,-20.738327028026543
-20.790765917188516,-20.918525869067942,-20.791889008290088,-22.67510997812373,-30.2565720723085,-20.831958001504038,-22.593764148055637,-44.78258426909319,-59.666192873539146,-21.216240525982347,-20.834310312140996,-20.95821364194306,-20.959228915515595,-21.184308313784065,-31.24402289995578,-20.989173414348873,-20.88911989712343,-20.78032962394344,-21.772017757641663,-24.099459977556833,-29.346799351335548,-60.03266200129973,-228.69668874942982,-94.77732014759414,-22.126670365479388,-29.2933359043882,-23.577224370026002,-21.64846763367137,-20.833408839630167,-20.793614721540752
-20.21250858900586,-20.350214168567206,-20.20515611691825,-22.21844152049329,-30.068252731698177,-20.24982137973686,-22.13972111605672,-44.78854283147882,-60.96435076600319,-20.65613020348001,-20.26525244455191,-20.391595619140194,-20.402905605948856,-20.65018284502495,-31.22027296479756,-20.452226208018317,-20.326532124834443,-20.20255382298727,-21.258781170052874,-23.72489392458145,-29.245005065992252,-61.35581892811358,-236.16507607263543,-96.96868829224411,-21.64742653592292,-29.240369567452667,-23.180153213092737,-21.12538941974227,-20.25483226409159,-20.207509209290453
-21.25313946862489,-21.37011859397341,-21.263945253627995,-23.010613218676333,-30.427343493200347,-21.300115888126818,-22.94045755773714,-44.95199148602066,-58.859199999082314,-21.670564234994792,-21.28711382838129,-21.41124631764479,-21.398860251513447,-21.607877530095774,-31.30894773779391,-21.40671520067318,-21.334382664708116,-21.241039265589514,-22.179917534969974,-24.396980541503105,-29.363727507681674,-59.3411278583998,-222.81577282014774,-93.68243225829684,-22.506237573363972,-29.301065161350696,-23.86941869980945,-22.067351279159567,-21.297379542566325,-21.265129955678088
-20.42852183044922,-20.554145730340164,-20.430236218730006,-22.266313804135756,-30.116848213363603,-20.474815600502122,-22.250888200903923,-44.94007683942594,-61.239365361204065,-20.89018961929483,-20.471587082992425,-20.605944211590995,-20.598798206135672,-20.85183300353909,-31.408844857818597,-20.626919099245928,-20.522659777153688,-20.41391804134577,-21.44711915322849,-23.875718398465672,-29.002191692128275,-62.258997541145185,-231.09592228915812,-97.97046127505675,-21.831796563750846,-29.093752317442636,-23.23776667134974,-21.328406114967684,-20.474702960832424,-20.432595658012282
-20.902537278899448,-21.03466998093253,-20.901087377653678,-22.86055268779841,-30.3936206913322,-20.939003128678646,-22.72943789614694,-44.80931809095472,-58.93925068839587,-21.30821040808968,-20.949765619601312,-21.065432271335954,-21.075530813915837,-21.286321428156594,-31.12677231548504,-21.111906286082505,-21.008510179631234,-20.89529451294294,-21.873884997265897,-24.185844183631943,-29.581181710744332,-58.84809874508086,-230.02844676922817,-93.25149851054321,-22.21488561876106,-29.418206757778307,-23.721960482089127,-21.744299946805622,-20.942612475940344,-20.902525871046176
-20.40036056807011,-20.528336682321815,-20.400225335276282,-22.26886736511568,-30.09866104467757,-20.44476350128322,-22.24091641086418,-44.87723168630143,-61.133798428917075,-20.857373093270308,-20.445143172679437,-20.57794496363101,-20.574513374300093,-20.825864939157952,-31.370417896411062,-20.60692108621559,-20.498340422520954,-20.38676102804822,-21.423252198474426,-23.852765905235717,-29.056595452077048,-62.020988942627355,-231.74652692330233,-97.6447606471959,-21.80831107167885,-29.128923692499566,-23.238370309693906,-21.30155807977131,-20.445670033930323,-20.40256951893244
-21.429822709685194,-21.54325512817831,-21.44410546737936,-23.149868054052575,-30.50575998597582,-21.478511129064852,-23.078058278703274,-45.040840966369565,-58.5036160171327,-21.842260187107396,-21.46062702137179,-21.583968605163108,-21.567431674346906,-21.768843794764468,-31.320443734503986,-21.56745774321283,-21.505591835961123,-21.417450321960445,-22.335857181797092,-24.51058735249873,-29.396247288788288,-58.97183336753659,-220.9769040914222,-93.16653577485219,-22.649958670416453,-29.31968398140286,-23.98858121098038,-22.226609701121813,-21.474436351885796,-21.445040697440362
-19.798584791454864,-19.947674272182123,-19.783537612772648,-21.97215529043661,-30.0470521123371,-19.829813348510285,-21.8497035400346,-44.96738657927776,-61.5151709335578,-20.242419848110902,-19.861430136362266,-19.983221019678872,-20.00909663880803,-20.26154135792862,-31.092752029763645,-20.076616637401962,-19.930614369634515,-19.79131268856947,-20.890194584372935,-23.462958159433246,-29.34410315978892,-61.53339258070623,-244.47921780719426,-97.86871411289991,-21.293041330514367,-29.28998528062807,-22.944363560063675,-20.744239312984227,-19.839093764793624,-19.786124435318328
-20.75498469492496,-20.888579604452925,-20.75206705236761,-22.727548363161155,-30.321673816774265,-20.791368268140705,-22.60490591208448,-44.79050407006136,-59.33024483680702,-21.167770924503497,-20.80360004129853,-20.921199169785844,-20.932092066471974,-21.150076039041686,-31.13629085143826,-20.971711697663615,-20.86311457811603,-20.747303266380445,-21.742101348576995,-24.085978954654827,-29.51672973487478,-59.318326774725,-231.3542619020825,-93.96033300232968,-22.092837408057633,-29.38297728353811,-23.608436550778485,-21.611411913343883,-20.79540413410289,-20.75369800246705
-20.463923925332505,-20.596852160377598,-20.460451802544217,-22.408751674699914,-30.14039450339822,-20.503291391734805,-22.33331449911869,-44.77037927048358,-60.43503728296083,-20.90101805510923,-20.512306895036833,-20.638203027972757,-20.644286238883502,-20.882958692534228,-31.240277153214407,-20.684674531342743,-20.570364412061867,-20.45350095127965,-21.481831768917317,-23.88742170619085,-29.270136797524344,-60.85692002552844,-232.62328357428257,-96.08705283598565,-21.85662633962101,-29.252138812724564,-23.34720627818878,-21.353353315274592,-20.506562078931836,-20.462557768819025
-20.647471718615357,-20.780563418065046,-20.644490231819244,-22.605544278771,-30.242965213027688,-20.68515506832332,-22.50229641275687,-44.76750927703468,-59.74678681074295,-21.069676663478873,-20.695725406860067,-20.816774586953454,-20.825453736015753,-21.051431149548698,-31.177858141433774,-20.86499546512806,-20.754549562439234,-20.638650743649677,-21.64579311874103,-24.01019921113682,-29.41636168668488,-59.91061051571542,-231.6090187709968,-94.76327956828915,-22.00573718426286,-29.330401705927308,-23.509127793310718,-21.51623809432183,-20.68879734451443,-20.6463035577019
-20.461709593298774,-20.593239310814134,-20.459184574317618,-22.384953196689047,-30.12800336700824,-20.502345507743808,-22.32112607846657,-44.78334276541102,-60.5678704846202,-20.90301486256259,-20.508972585274662,-20.636565611794783,-20.64014605226252,-20.881381230731296,-31.271670533088056,-20.678266729803486,-20.565778905063198,-20.450522339719395,-21.479426187219644,-23.88601697506184,-29.220897388765046,-61.10013707844611,-232.1552922410053,-96.39048245450476,-21.856055243014545,-29.224729350012428,-23.330164563098435,-21.352748528047407,-20.50497606891528,-20.461333781433922
-19.97095952925511,-20.116329233286386,-19.958414482814756,-22.09086249825406,-30.066873115504652,-20.00379202974851,-21.978032063611035,-44.88620694826152,-61.19068585374787,-20.411742612432597,-20.03047698479952,-20.15285629573094,-20.17452532771319,-20.42300505503437,-31.121762849477605,-20.23614655181639,-20.09724896588012,-19.963118644795117,-21.04385214010857,-23.572593967542478,-29.337209477580565,-61.284920648107196,-241.394559607867,-97.28097336622764,-21.43944896811046,-29.287121832560537,-23.053394726415487,-20.901844463724697,-20.01177060884476,-19.960876585689594
-21.5058795107023,-21.62176203475735,-21.51836957577716,-23.25925043567346,-30.551400599300045,-21.551791597637695,-23.16407449355224,-44.97561572593635,-58.083695835044225,-21.906795752115325,-21.53832752292781,-21.657880230704247,-21.646350720728293,-21.840475772043455,-31.269468743799088,-21.650672627758883,-21.585805603889902,-21.49534637359576,-22.406759638589467,-24.564342301263032,-29.52937558148109,-58.31346113407143,-221.03990817823149,-92.19198884784107,-22.714831893894228,-29.400285837954407,-24.08131708958098,-22.294006143988614,-21.54892567357897,-21.519148163161184
-21.040375695715312,-21.15959459684654,-21.04874574705695,-22.818367079672573,-30.33717843768528,-21.08711448655933,-22.761846442638927,-44.92263010965583,-59.44433316783993,-21.46883800647364,-21.076681875809054,-21.203448287809778,-21.19253620412316,-21.41278440028615,-31.327946325143785,-21.205780612462654,-21.12493486439684,-21.02762349090216,-21.990449549676796,-24.260005074837697,-29.26703241123099,-60.0619200285614,-224.77135196681675,-94.73159221581145,-22.331779063882536,-29.244056649343456,-23.705552505313676,-21.876345603965753,-21.085074003163886,-21.050245137966666
-19.972747045227134,-20.106229099857657,-19.9675407792269,-21.899178914024024,-29.96530619815938,-20.016077378221198,-21.892876903924478,-44.93572501740186,-62.36536796172052,-20.450452351557505,-20.022932409609165,-20.16007947995943,-20.160691309195492,-20.433251373508146,-31.42219151231727,-20.204633557008254,-20.079186101279284,-19.958441457565332,-21.04511420460209,-23.58573213248387,-28.919398249490825,-63.45239233879336,-236.8844034852817,-99.8173869353765,-21.459308579925093,-29.060019929975905,-22.9261826008914,-20.91855216606231,-20.018743536612213,-19.970411327001187
-20.806557570460047,-20.934953679653756,-20.807277296009794,-22.70117559797837,-30.271053148832777,-20.847051890317022,-22.612844875897082,-44.77663378768065,-59.55806194738186,-21.229091209544332,-20.850598382515813,-20.973388499534725,-20.975717127589437,-21.198773789570385,-31.226907093841017,-21.006651396104743,-20.90602150015765,-20.79658452226866,-21.78645741216393,-24.110621505000847,-29.380115091917467,-59.858075241760005,-228.82300590585626,-94.54398510977697,-22.139265580920675,-29.311860811707685,-23.597886591684098,-21.66202363511814,-20.848818398255517,-20.808962461873367
-20.18210434152862,-20.320590947828826,-20.17417207924326,-22.19893229053927,-30.062845504721263,-20.21899567201344,-22.117889166202858,-44.79349968529933,-61.00972867918388,-20.625904534680547,-20.23554285673771,-20.361667148228587,-20.373964867049377,-20.621847401409834,-31.21287363682793,-20.424639213420022,-20.29738438416445,-20.172317372891143,-21.231806448289124,-23.705328934476142,-29.24954993170397,-61.380114341972565,-236.69653230237105,-97.03710047828677,-21.621760301875387,-29.242982717715563,-23.162217069666305,-21.097557510968386,-20.224305938662937,-20.176546980639994
-21.64704069462588,-21.769941386772498,-21.654659996282412,-23.506258634635003,-30.76271179685613,-21.68566602092982,-23.347398526220697,-45.01148364966181,-57.20471845856602,-22.02210683177074,-21.68564884951691,-21.793777637391138,-21.79619999927117,-21.97333108338632,-31.137125932358487,-21.81237566489502,-21.73926119018426,-21.64120886868913,-22.53968656877752,-24.69097548546636,-29.86593242119997,-56.83523927364699,-223.31633539058916,-90.18585530734828,-22.83294949551275,-29.58531257420488,-24.280607195435813,-22.41732840636278,-21.68625306178181,-21.65509378130121
-19.71069627784924,-19.85195274466019,-19.69960981644165,-21.74264019720313,-29.887429544610377,-19.74937870582941,-21.710950208815092,-44.90672123872872,-62.662892603737106,-20.186288609506008,-19.767320136761064,-19.902127184347066,-19.912923748497114,-20.189286164555106,-31.342572398347784,-19.97052965208238,-19.829776965727184,-19.698426442328316,-20.81408192630326,-23.4077983219637,-28.994867633790232,-63.488411170145724,-241.34004927253068,-100.11667766700502,-21.23938963942495,-29.114344269746294,-22.7844988143907,-20.678434119163143,-19.755115206741774,-19.702627338603026
-20.51129376826638,-20.644026368386008,-20.508100569122544,-22.455786791980664,-30.162144281922608,-20.550429767987442,-22.375066148781197,-44.766631353246076,-60.27431793583241,-20.94514129893364,-20.55943163424998,-20.684380660247403,-20.690717996467583,-20.926496258249202,-31.22862544246346,-20.730515855791584,-20.61749685350531,-20.50116032905745,-21.524046266397267,-23.91838243732453,-29.299596819654738,-60.646696068778155,-232.2425946411724,-95.78382619881145,-21.895293168307056,-29.267986475954537,-23.38640376870501,-21.395588479594842,-20.553689773135723,-20.510137653022177
-21.38620622593684,-21.5065361959919,-21.394768609354596,-23.193815840393885,-30.519334319732142,-21.429128932735228,-23.085745769523225,-44.89147633710928,-58.17528654760724,-21.785452911394465,-21.42254668112421,-21.540375495204767,-21.53528224362999,-21.73194959950241,-31.22632884032025,-21.54863350009441,-21.47331753914803,-21.37689542172059,-22.302476084088234,-24.491642567599428,-29.57220465884058,-58.280859981083736,-222.95364275727908,-92.1630041893256,-22.61746163765129,-29.423440314634288,-24.02217249227299,-22.184953892265813,-21.428114932305768,-21.39568183096498
-21.69569927115245,-21.808089840411803,-21.71171179562023,-23.412566698724685,-30.639294635565115,-21.743198265715886,-23.31432488795857,-45.07508693476104,-57.69672598683849,-22.090621629802946,-21.724935658690477,-21.84344109066206,-21.827900268590092,-22.013576580239697,-31.281732439481047,-21.824325759603255,-21.77026812717395,-21.685051426354878,-22.574909721478654,-24.687240726521924,-29.576384276342377,-57.89408867240411,-219.2122419163416,-91.60329832202285,-22.869857660682303,-29.429537430546354,-24.213388391732256,-22.465223953180082,-21.739023415946118,-21.712206298182608
-20.74565254397581,-20.86676318535239,-20.751703481283148,-22.537005868519927,-30.229095521166556,-20.793211221890168,-22.507523562639086,-44.95432801539826,-60.38924215777959,-21.193186174410375,-20.784388312559162,-20.915821594714362,-20.90476534890282,-21.142292503969713,-31.383771429485527,-20.923082174270128,-20.832868413250445,-20.73139298517029,-21.72758662179756,-24.075251074176652,-29.100051859604527,-61.278600624723,-227.515718148707,-96.51732942957094,-22.09032735901128,-29.145563423883427,-23.466955603801726,-21.6128609028348,-20.791575408078916,-20.753649107246048
-20.67281575153578,-20.7933204892661,-20.679163658351904,-22.454208540769137,-30.213640574986837,-20.721559358870405,-22.438200415258258,-45.011581037056594,-60.724390020068185,-21.12829078340886,-20.71148001420501,-20.84490775717313,-20.83197918692679,-21.07527607569397,-31.419297639470464,-20.849555403346635,-20.758972360703993,-20.65763287524309,-21.66194814290775,-24.033493146503417,-29.026638947743713,-61.75469565286932,-228.13049674524774,-97.22344425943682,-22.030506128292142,-29.100252629236422,-23.396909415043616,-21.54850859322339,-20.719542126078377,-20.681240786859743
-20.38910452318485,-20.523526972802692,-20.38440873794362,-22.353008314975135,-30.118682298814733,-20.427789571142025,-22.276154288818205,-44.772135566095116,-60.585690892461294,-20.827949796173517,-20.4388461577141,-20.564802494255044,-20.57257784533409,-20.81373676247214,-31.23280138976897,-20.615782732912795,-20.497925414261882,-20.378856765740345,-21.41549027874754,-23.839058259298305,-29.264511597068548,-60.99419514484864,-233.6814329699588,-96.33162284895185,-21.794391470418056,-29.249566054521473,-23.298167131250306,-21.285465611643847,-20.431613739670986,-20.38658831205255
-20.68777485388781,-20.81415454428272,-20.689603184123957,-22.54712607769808,-30.201154993726064,-20.731082425425587,-22.490168776554054,-44.81986380136554,-60.16065935817266,-21.125289358449717,-20.73047364441115,-20.858300688998977,-20.8556426702511,-21.089699562150546,-31.302864552016345,-20.88376125829976,-20.783597947552483,-20.67575802718499,-21.679132701129998,-24.03247735622744,-29.222495500447028,-60.76416995918243,-229.00211230268482,-95.80104720352281,-22.04298967492272,-29.22255085657435,-23.472246944692195,-21.55788987627156,-20.73173717229286,-20.69152638733685
-20.755587816909525,-20.884000608484985,-20.75613622927353,-22.647760169519188,-30.24435014054784,-20.796493919650246,-22.566376730674186,-44.77830515151625,-59.74016068341293,-21.18205480228755,-20.799733041369635,-20.923746734900025,-20.925484366760177,-21.151900324827665,-31.241566215544204,-20.956739590417055,-20.854973871521675,-20.745201284028226,-21.740823769086962,-24.07668220108605,-29.34133753851897,-60.10623508933422,-229.13803939425847,-94.89683090752646,-22.097583948308753,-29.29033919450983,-23.55341612367872,-21.616629008716032,-20.798185966587745,-20.75790199137167
-20.512585081328773,-20.64606020159812,-20.508904163532424,-22.468786348419275,-30.171528880807067,-20.55105471178483,-22.3817643893099,-44.764837663982725,-60.205393441161334,-20.944242286841682,-20.5613389880136,-20.685344522990437,-20.693013747229855,-20.927410514312918,-31.21200312880739,-20.733988125937604,-20.62004564915896,-20.50285660571556,-21.525399768939604,-23.91981583695722,-29.326041942972015,-60.51921245461175,-232.5275965533556,-95.6296860064503,-21.895608439715275,-29.28224793157068,-23.395538108024923,-21.395995572892737,-20.55465317403422,-20.510918002269808
-20.54263810524567,-20.677645588879024,-20.538076434441773,-22.525099812226618,-30.211616284674424,-20.579522433444538,-22.42084185045558,-44.77166368983752,-59.96606502376062,-20.967721183392708,-20.592663592875713,-20.713946787656184,-20.724708869704553,-20.9543553426177,-31.168834541027547,-20.76787705129683,-20.65273492768004,-20.533967341567312,-21.552573608152183,-23.942230583244598,-29.402007543466436,-60.122638369776624,-233.03260073772742,-95.13441238176149,-21.918316535081914,-29.322138620431165,-23.43822120311003,-21.421103896503183,-20.583858453199557,-20.539998789163818
-21.10132046334394,-21.228000297084296,-21.104228275141814,-22.986135781103748,-30.424681839850926,-21.140922948449774,-22.870630560762187,-44.81114736639296,-58.67068313406688,-21.5060331074113,-21.14351180637019,-21.26102858013818,-21.26384903000092,-21.470245501203603,-31.181687396637614,-21.290111021588285,-21.198523706328128,-21.092888126161366,-22.050082450229,-24.309407965261588,-29.552899031469373,-58.71321336940652,-226.64830515493588,-92.88597232161355,-22.381773342254302,-29.40809332245646,-23.838353819111642,-21.926267870755538,-21.142374243381568,-21.105482615589466
-21.054096520641917,-21.186792458295827,-21.05290339634585,-23.030455870997177,-30.52697896811042,-21.088929580753412,-22.874094277434118,-44.888401251161426,-58.40756309631613,-21.447669909078012,-21.101874187404277,-21.21270052070215,-21.225597311977328,-21.425685369449294,-31.079547088359973,-21.26172567900928,-21.161306796867514,-21.048366302110168,-22.010064316308416,-24.298429660403652,-29.719412978381246,-58.0928542481041,-229.922821948301,-92.24146640516793,-22.33833819032233,-29.489516289006946,-23.860745688127512,-21.878993399547735,-21.093017588496608,-21.054087169115366
-20.30361544782072,-20.448130981321782,-20.292883231889647,-22.430758562361227,-30.28067494219367,-20.334570805633174,-22.275874411996682,-44.94527535697321,-60.0533368256218,-20.721622776497856,-20.36225681202748,-20.476681264046142,-20.501077824287602,-20.728499442589325,-31.028347596493617,-20.55903691809146,-20.42880543910426,-20.297969250179527,-21.33963118757351,-23.803229923788983,-29.555528049697926,-59.7867565568998,-239.51498492588308,-95.19703738967688,-21.709099830636088,-29.391155329662077,-23.33114779497441,-21.197417536196717,-20.342643730122404,-20.29487107656275
-20.479472365106982,-20.617846377961254,-20.472668046261656,-22.513361596430173,-30.239222673286626,-20.514010662287966,-22.38895991952925,-44.81158260317697,-59.91716125160624,-20.9003346730558,-20.53251821255408,-20.650935418338904,-20.6668457823287,-20.894538113030862,-31.113904459029605,-20.715383314611998,-20.59504929237663,-20.47205565208576,-21.496632746713253,-23.90655479025089,-29.47142563902471,-59.89827963750231,-235.06113753864088,-94.98191120736094,-21.86242784191471,-29.35593593125908,-23.419179346399517,-21.361248955546774,-20.519736396338654,-20.47458656727214
-20.380829062645848,-20.51874369533619,-20.373924905811723,-22.400813237660294,-30.165492726248967,-20.41654671892828,-22.29497887669708,-44.78816450005786,-60.31084130083515,-20.81045373828721,-20.433537272710478,-20.555208361004706,-20.569065725578124,-20.804308481118902,-31.15595247821986,-20.617621355470007,-20.495493115816355,-20.372372066955354,-21.40863751501201,-23.83733367389648,-29.38004701139682,-60.45645799582687,-235.2793197853755,-95.72761216002965,-21.78317825513575,-29.309847198716145,-23.32857288310168,-21.27424818334766,-20.421921013653048,-20.376010123295917
-20.285533413923783,-20.4248542634433,-20.277462068466644,-22.32284854810102,-30.134127543846482,-20.32083717853395,-22.218625283146665,-44.79922737664185,-60.54185850965044,-20.718672643119124,-20.33955051779068,-20.461848117030623,-20.47696967774338,-20.716026839323924,-31.155611107035302,-20.52818925588676,-20.4023747828964,-20.27704384389619,-21.323841035911453,-23.77508431271182,-29.357312249941927,-60.70354399100346,-236.48541364555638,-96.13826392944596,-21.70394582753334,-29.297957700996932,-23.260901864041987,-21.188100550642435,-20.326682562512747,-20.279649547087303
-20.31639343752145,-20.45311631786374,-20.309992422315474,-22.312780056370727,-30.1092814494276,-20.353676863831588,-22.22703209211946,-44.777787134020215,-60.655664949536515,-20.754465770456033,-20.368160383424556,-20.493080976683725,-20.504000293811327,-20.74592919460979,-31.205657961976048,-20.551198789745012,-20.428954330963077,-20.3067731360629,-21.35111558536157,-23.79254574738362,-29.289231537173016,-60.9824354827364,-235.0868601994606,-96.40491135021216,-21.732710015412366,-29.263111897135325,-23.259765645884166,-21.218505492237693,-20.358417925807416,-20.312215061654552
-20.18363424879658,-20.318619462304383,-20.177948463496268,-22.14436631676996,-30.03129246926979,-20.223624262257,-22.09352729603654,-44.80987668599859,-61.33615039770325,-20.637863861421028,-20.234257019946973,-20.364672334121956,-20.37076711211041,-20.62526059596997,-31.29630596824923,-20.416039292054133,-20.2930092922974,-20.17196480046932,-21.232714764287543,-23.70774555644354,-29.1284188036226,-61.988889537873085,-235.36576988296122,-97.75801908102191,-21.627594595928354,-29.17696745922494,-23.125559788739885,-21.10296237341692,-20.22735530683671,-20.180433921836205
-21.60079726582658,-21.709754142150146,-21.619449664516537,-23.27422695183532,-30.58844738166544,-21.652055149236286,-23.205202251129297,-45.18175935503406,-58.228324243545174,-22.01060302737927,-21.627829496216545,-21.75101292379769,-21.72869363497108,-21.92332099174303,-31.343774075371265,-21.718874191157443,-21.66968840418362,-21.58770533997696,-22.485531430317945,-24.619689357751696,-29.402111259022796,-58.730250078582245,-219.18052418223323,-92.87833270964143,-22.787244802714877,-29.32161864768343,-24.09405507817541,-22.38068669544867,-21.6462311676349,-21.6201344431444
-20.090052685451997,-20.2295058798084,-20.081231289552143,-22.116958681841684,-30.028976604577714,-20.126895326887766,-22.04135398453022,-44.806887885950516,-61.27866158234776,-20.53853618722422,-20.14443594729455,-20.271703390759306,-20.28449960372995,-20.536950151174317,-31.224563025176877,-20.337173112596222,-20.206791438478664,-20.080021048993597,-21.150067124139333,-23.645709117251535,-29.21435317973596,-61.69888330713502,-237.7177599296357,-97.52591418867456,-21.546130447741593,-29.225310716196763,-23.092880547840366,-21.014993169807713,-20.132484925773483,-20.083717089227296
-20.46939800363908,-20.6030716317758,-20.465447851847415,-22.426201364550398,-30.15112077092029,-20.508058423880836,-22.34381656258781,-44.76685357635294,-60.348984923772946,-20.903929454949868,-20.518385293725235,-20.64323700512912,-20.650710721943437,-20.887699268226363,-31.221978262025267,-20.692257371225494,-20.577109560384407,-20.459417521391977,-21.48691164825117,-23.891374302303667,-29.299877516334746,-60.70594513245868,-232.87286899702391,-95.89926857141471,-21.860326155872897,-29.26828350439734,-23.360026955144434,-21.357459718609423,-20.51167609902802,-20.467523654293068
-20.773497784999805,-20.899499363848133,-20.77585306516983,-22.63154477480562,-30.236672522796788,-20.816409679114575,-22.56546721284405,-44.80987879426791,-59.87354266133509,-21.205129752313265,-20.815678377903563,-20.941907739276193,-20.93962667273963,-21.16848571162652,-31.283417809332725,-20.96662071300816,-20.868849791281974,-20.761999841626714,-21.75565200698228,-24.08747515723812,-29.275841460889357,-60.388238457396845,-228.27508948519517,-95.2535875550766,-22.1131818987276,-29.252832347700036,-23.54325531485242,-21.63442609806924,-20.817030308799016,-20.77764782628424
-20.894594223434005,-21.017386716549943,-20.89973140756611,-22.71367984736166,-30.279262400116313,-20.939358993745245,-22.6534069034512,-44.85606348727241,-59.691474692079794,-21.32524265940377,-20.93399182410092,-21.06068020372899,-21.05424959111791,-21.279557320666807,-31.30722505937361,-21.07486248183279,-20.98480486691935,-20.882445307566872,-21.8622176634861,-24.165799588294895,-29.266008354631317,-60.26654873901823,-226.59434833000947,-95.04126397333498,-22.212743816431004,-29.24558350393891,-23.61523612500426,-21.74441406159204,-20.93871111399607,-20.901400972390892
-21.519829421936883,-21.640427471734316,-21.528649848055267,-23.337971111925775,-30.612456592684538,-21.56145577361289,-23.21113878714351,-44.92631313411849,-57.73072062735115,-21.908827968745893,-21.556264323804623,-21.670532933959485,-21.667416873012822,-21.855359517473087,-31.195598558876295,-21.680428723339556,-21.607741896739697,-21.511769428670213,-22.423199580817574,-24.586998877796667,-29.687698844811457,-57.655833276609734,-222.52591494728225,-91.28149895579145,-22.727982898095295,-29.489279520399926,-24.143322487167982,-22.30454224941521,-21.560773486772945,-21.529337025567134
-21.342834431390397,-21.465536926785823,-21.349454130641263,-23.181924654696722,-30.522773900401337,-21.384005864327502,-23.063334243820428,-44.86839054564311,-58.155299128359985,-21.739600345828674,-21.381287890571812,-21.49750962856652,-21.496103584512912,-21.692549551663646,-31.196775745893646,-21.513984823352615,-21.433863909134917,-21.33436418304307,-22.26505879523339,-24.467873041066852,-29.613684322595972,-58.16276867582579,-224.01357571456697,-92.02766756113573,-22.581723310812556,-29.445316673294094,-24.00898268533158,-22.144848605563396,-21.384014375459103,-21.350397268559718
-21.188492916929125,-21.310866542884526,-21.1948425338334,-23.015125533144882,-30.422591695817793,-21.231194617073193,-22.918850622838313,-44.8441134338476,-58.688944045538136,-21.597424856080238,-21.226867860901212,-21.347199906657536,-21.343444978974112,-21.550148981919712,-31.236865807534784,-21.361666416091772,-21.278596245133777,-21.17857430075903,-22.125896179610486,-24.35979787571042,-29.48100973804714,-58.910559812982534,-224.61066258868544,-93.08396958036614,-22.454458587444748,-29.37005521048376,-23.86926590978609,-22.00697036437954,-21.230811539437823,-21.19604384104551
-19.97318797907606,-20.11747529330363,-19.961212980841772,-22.074406289145386,-30.04479160137233,-20.006892805677182,-21.971699352433426,-44.863351062586204,-61.28070851690025,-20.416893316897013,-20.031776014403178,-20.155622599303626,-20.17542343765193,-20.426077889441334,-31.148439986958962,-20.23562096638981,-20.09773653843594,-19.9647909625562,-21.046024589171296,-23.57228944433693,-29.299812196182152,-61.461688224733635,-240.77740031581578,-97.45559364005057,-21.443480701801416,-29.269191314099515,-23.043834118378424,-20.90534726614024,-20.01441453873888,-19.96371047794776
-20.709725757533494,-20.842217292589115,-20.707347584216457,-22.661962776941934,-30.271115019541533,-20.747421540630647,-22.554817366599398,-44.770494545809186,-59.574043122372316,-21.12878238874598,-20.757393627128682,-20.877610543171123,-20.88599699500598,-21.10885136033202,-31.172022334054173,-20.924203101611127,-20.81591578050665,-20.701099660370467,-21.701300519911104,-24.051668525210758,-29.4437670010277,-59.70146474264547,-231.0228476432832,-94.44916354336449,-22.05707258028281,-29.345223850932527,-23.55708290621514,-21.57220244038622,-20.750892089394974,-20.7090798049415
-20.57932466961936,-20.70932995551543,-20.578212254775607,-22.48594076398272,-30.171100779275363,-20.62030834979645,-22.417169207407824,-44.7807142250678,-60.25624300592299,-21.01542082001713,-20.62511566153018,-20.751589937240492,-20.753960274201518,-20.98969814040668,-31.264408666315227,-20.788891255810686,-20.681048063598148,-20.56831052582287,-21.5838683710521,-23.96194793759782,-29.259260229047364,-60.742245679257636,-230.83092892986562,-95.84091175110203,-21.952830229103792,-29.245164637338306,-23.416377552152134,-21.458548153874673,-20.622439229270583,-20.580216920281472
-21.13583465878168,-21.2558485073976,-21.143850425343594,-22.927909121836898,-30.379879241615782,-21.18107016418999,-22.854048360785455,-44.8860510962044,-59.04427237900623,-21.55472583256023,-21.1724395117881,-21.29638243054269,-21.287915303218476,-21.50097660190932,-31.289475490932283,-21.30212045961554,-21.221872268087566,-21.124279657009435,-22.076847708933297,-24.321734940293858,-29.365418077458777,-59.486565982059716,-224.26164527938164,-93.8942073210672,-22.410706530836283,-29.302916472513388,-23.797894648324853,-21.961172871714197,-21.17953109292759,-21.145179962790017
-19.940829459812356,-20.081753003121086,-19.93064112818908,-21.982466426804258,-29.975374758456624,-19.977694060094244,-21.916747079163777,-44.83455935049183,-61.73230968311248,-20.397316596712965,-19.99667085779891,-20.125928293033077,-20.139331428151493,-20.39944416195865,-31.247975950647806,-20.19507637906901,-20.059772826710244,-19.93034604693178,-21.01769562296076,-23.54976788717473,-29.15466898826808,-62.24281559713644,-239.37420969427382,-98.35391014230176,-21.423870268813225,-29.19580826253638,-22.97967896128664,-20.881396975755067,-19.98368913994147,-19.93330846432908
-19.832678260810063,-19.974707420038147,-19.821487085156267,-21.885641415984846,-29.93891614913963,-19.86953684119929,-21.82687726858714,-44.859371523099156,-62.06389944865932,-20.294941883253454,-19.889613458134004,-20.020271732054834,-20.034162563518525,-20.29979905492113,-31.265582071060933,-20.09217185863042,-19.95328711816393,-19.821886308779106,-20.921865950827986,-23.480788206384496,-29.11343165761898,-62.63774190751495,-240.62374546345103,-98.95841055311959,-21.3353493776396,-29.17590491479403,-22.898254841583142,-20.784622267589373,-19.8758402449485,-19.824283598504234
-21.62813753917861,-21.744126850747353,-21.640947311176685,-23.388192728832177,-30.625371513285437,-21.672985283494242,-23.27730624234615,-44.993457132059355,-57.683593228525474,-22.01987343343272,-21.66043599682043,-21.77707932813064,-21.767057186485776,-21.95341847884926,-31.24458173852226,-21.770853854906445,-21.708530374122223,-21.618684174080823,-22.517257617275888,-24.649143530108965,-29.630398803009317,-57.75678495314207,-220.48675880556218,-91.39129883835773,-22.81630765121189,-29.46011499296493,-24.190851721826746,-22.403605601036418,-21.67034895441332,-21.64151851851665
-20.26355238109549,-20.40076187604288,-20.256674433282253,-22.264579290598007,-30.088029751289803,-20.300861117346816,-22.182507086949954,-44.782727346803476,-60.81322309050996,-20.704476376829984,-20.315804583559242,-20.44146516760736,-20.4525618647338,-20.697231663620723,-31.213245130402264,-20.500821840699118,-20.376834771707443,-20.253755015974217,-21.30413781312944,-23.758069031768287,-29.266211033583318,-61.173843416835176,-235.6262004499028,-96.69302642803805,-21.68933458247684,-29.251230846904022,-23.21910947859552,-21.17114782241274,-20.305733783696024,-20.258963971525084
-19.82935037195331,-19.974448562010434,-19.81641336828051,-21.93470483900345,-29.97877764310209,-19.8635827294994,-21.846957328318997,-44.87901145217333,-61.7693581568462,-20.28235273072445,-19.88878893549852,-20.015413152590572,-20.034717731820493,-20.29389159163727,-31.185414994734714,-20.09699442950575,-19.955041640721927,-19.82020596642441,-20.91847762906952,-23.47788744992584,-29.221881937858168,-62.08289427013233,-242.04684064029277,-98.35629213368279,-21.326640370110955,-29.231746486774966,-22.928570642536634,-20.77733912431703,-19.871231262307024,-19.819101987625924
-19.890560772613053,-20.034866051634474,-19.878271850663936,-21.986405252507453,-29.99810325526405,-19.924942083418678,-21.89658113239241,-44.864409724016646,-61.602353627578125,-20.340907921994198,-19.94925850692273,-20.075320658349348,-20.094050573748866,-20.350555536925885,-31.180919506222516,-20.15484802459528,-20.0150352880767,-19.881494870316306,-20.97280771284254,-23.517494185383658,-29.238766690329946,-61.89690351180424,-241.2667462428983,-98.05395950051638,-21.37723884437623,-29.239594480319695,-22.97280027736978,-20.832425948891323,-19.932344075739948,-19.88089544363868
-21.164418518594083,-21.280501199886846,-21.175699781169573,-22.90772292824384,-30.391021045704367,-21.212920122867928,-22.85397878101283,-44.99601133846819,-59.2378068645126,-21.591075711854057,-21.19805932884126,-21.324819176331708,-21.30994057237106,-21.52568689746497,-31.34508730591768,-21.316575826776624,-21.24406932721071,-21.151133649145088,-22.09930202227099,-24.340084200698158,-29.268073522100373,-59.88890936442752,-223.3060725692072,-94.49141275898432,-22.432378775219377,-29.24254378546743,-23.78192777135496,-21.98841786951335,-21.209656854563526,-21.177044296957536
-20.758878854947667,-20.883266152260248,-20.762408240589018,-22.593781463044703,-30.22618993579214,-20.803368763436648,-22.54103140116335,-44.848239954903065,-60.062454402652456,-21.19615103636177,-20.79987474217221,-20.928072068696007,-20.92280246368379,-21.154967089432258,-31.318797173797662,-20.94701168007441,-20.851501275512366,-20.746418958068727,-21.741627505474217,-24.07878223800786,-29.212667648848313,-60.71014336898903,-227.98215867870238,-95.69872897450212,-22.101489585030457,-29.21550280495873,-23.513217773130123,-21.622552969246566,-20.803231343325308,-20.76426300205035
-20.329189600164153,-20.46948942573784,-20.32072622643079,-22.385805608118222,-30.182325659172943,-20.363319304921287,-22.266163786331294,-44.8218365707893,-60.29810452039407,-20.75626531551576,-20.384029662117992,-20.503812443966762,-20.52121489192617,-20.755359335945446,-31.117915922970035,-20.573506092062026,-20.447702513221984,-20.32157021136543,-21.362720850527605,-23.807079461065726,-29.42510640188766,-60.324597748410135,-236.79371872289983,-95.66879358495763,-21.73762119431607,-29.331549221881893,-23.309186014371782,-21.225582790227904,-20.369657452965264,-20.322814709483136
-20.318180351120343,-20.460323743708063,-20.308685161686952,-22.40546342660992,-30.2208743198942,-20.350891137520065,-22.270509074335827,-44.86649967860279,-60.18688953351811,-20.741181499329773,-20.374670348742676,-20.492144130023426,-20.512628806214117,-20.74385947084488,-31.078626284441164,-20.56747747808232,-20.439655881257046,-20.311433326366597,-21.352846692600334,-23.804732985828213,-29.482241005954343,-60.08379802469072,-237.9227643543134,-95.44672497238122,-21.725458263363823,-29.358379660770318,-23.319096273465046,-21.213479377304207,-20.358000789691967,-20.310730008540933
-20.14861954606306,-20.286716981901353,-20.140818307282164,-22.156942962782544,-30.04140687720647,-20.186142310614656,-22.084500050438944,-44.79715047966016,-61.17695089061665,-20.59632945906803,-20.201792979984585,-20.329284911733126,-20.34044856347562,-20.591453304202247,-31.235075971667843,-20.39074765433775,-20.263186112632283,-20.138343383449815,-21.202022787402544,-23.68352771386118,-29.21055275773346,-61.62612354175762,-236.75433437289553,-97.36375777635782,-21.59534681028181,-29.222667737288937,-23.12896150046122,-21.06841830914279,-20.191222553271952,-20.143258188484754
-19.849266950255767,-19.994221307102425,-19.83647905458045,-21.953509890647155,-29.987021844549798,-19.883451084442978,-21.863971709591027,-44.87572110139381,-61.703807851046,-20.301060030456608,-19.90855966464605,-20.03484270136572,-20.054162743595548,-20.31221661816488,-31.180908003681886,-20.116110965209568,-19.974748846659782,-19.84020971637132,-20.936131278207622,-23.490835684707125,-29.231493667542395,-62.001399360317194,-241.85035761442498,-98.23576873840614,-21.342863286321556,-29.236328156715096,-22.94418001450031,-20.79509620988049,-19.89106884214177,-19.839142358655465
-20.341000425324808,-20.475964951029745,-20.335799876447595,-22.310640909649404,-30.100705047596314,-20.37962013910174,-22.236343124569565,-44.77612247891594,-60.72053314086641,-20.78217930277257,-20.391271870087518,-20.517776044752285,-20.525893008485262,-20.76939008141285,-31.237506679571418,-20.5702331399903,-20.450644491091637,-20.330642405246444,-21.372743688684807,-23.807866457525407,-29.246700195680077,-61.15280758049229,-234.20984967769456,-96.5746012126906,-21.754814047152323,-29.24026450989895,-23.262160264886525,-21.24225447317594,-20.383609643571543,-20.338038464500453
-20.79691409353488,-20.92889744613698,-20.795171652040334,-22.746251653239362,-30.317669609467494,-20.83434472182703,-22.631004804720433,-44.78016211515576,-59.30934719333408,-21.210736597244207,-20.84405975462436,-20.96268222904803,-20.97123773652067,-21.18918186906657,-31.157767426730434,-21.00808556776412,-20.90242336958044,-20.78873487696037,-21.779190155411342,-24.11084705029033,-29.493854578761514,-59.36194045244777,-230.37658057104764,-93.95749053805963,-22.128711549689545,-29.372158608155274,-23.627895897559345,-21.650308820255574,-20.83772349519038,-20.796780515152367
-20.51252982330061,-20.64390258149408,-20.5102644818663,-22.436164818560435,-30.150078069874944,-20.55286546866006,-22.36623268986363,-44.7760659629776,-60.38848424809245,-20.950142328553756,-20.559557504191158,-20.686089926827442,-20.690036381687822,-20.928054657159755,-31.257642480840566,-20.72761395153393,-20.61643407850763,-20.50168381530269,-21.524723450922632,-23.918754793047814,-29.254296387347388,-60.862773590323755,-231.74474352221426,-96.04848177462881,-21.897482008816002,-29.242979749984606,-23.372805156513852,-21.397991757704837,-20.555509181215125,-20.51233774747665
-20.382342427261012,-20.521092371463297,-20.374955530331345,-22.41632158209704,-30.183042189318908,-20.417340663637898,-22.302814286391424,-44.80073654679849,-60.234712256385116,-20.809560091839128,-20.43577988818092,-20.556278229958767,-20.571628631111693,-20.805170300524402,-31.136269901379222,-20.621376808249828,-20.498390762067444,-20.374338404121783,-21.410041342659557,-23.840084632681712,-29.41063925598085,-60.31293193991176,-235.70223335864566,-95.57086449966775,-21.783140113247732,-29.32506385021152,-23.338811639512997,-21.274604793893136,-20.42308451053148,-20.37701203125247
-20.377349453187907,-20.516392585627028,-20.369775702005743,-22.415914560267748,-30.18603948100244,-20.41214166400733,-22.30051416465029,-44.80513444068613,-60.22831549902741,-20.804152704754173,-20.43104865549898,-20.551278261190312,-20.567081730483306,-20.80039818737263,-31.131166836627802,-20.617280348963938,-20.493872883838968,-20.36945919747446,-21.405605084052887,-23.837317484337067,-29.417193854669026,-60.29018001482651,-235.88234898312703,-95.55460033909935,-21.778638961722375,-29.32823061266042,-23.33760103507788,-21.269825253196238,-20.41800607387444,-20.371830579339022
-19.973863991695932,-20.11370239609917,-19.96443766053239,-21.999630828457754,-29.979125319175864,-20.011392868310487,-21.938674734249624,-44.82856936728183,-61.7063646892702,-20.430924478023044,-20.028771567396188,-20.158563536384932,-20.17048136763265,-20.430460927068562,-31.261988936712456,-20.224433613773424,-20.091042973191584,-19.963065848935695,-21.046993340088452,-23.571401087266892,-29.140750423145096,-62.2609493299235,-238.69578105053114,-98.32917063437574,-21.45217017484559,-29.187800373459257,-22.996458887562056,-20.911944327095124,-20.016958188307875,-19.967091515340563
-20.859299549791157,-20.991282230853923,-20.85778346199279,-22.812330167525413,-30.359704368978946,-20.89623351614607,-22.68841018566229,-44.79434766319265,-59.09582170862544,-21.268504247728217,-20.906406909346693,-21.023408058234846,-21.03271990890007,-21.246575718182743,-31.14096261662234,-21.069156030654558,-20.964933804127742,-20.851628074184244,-21.835079626623404,-24.154634041838165,-29.54232507501594,-59.06944804245938,-230.11362144864898,-93.55153617432133,-22.179682164954166,-29.397857905471007,-23.68249712733593,-21.705895199564036,-20.89970905916294,-20.859294093336647
-19.951844408520223,-20.090342561801563,-19.94319183403965,-21.954329143368675,-29.960177353013773,-19.990772657585374,-21.90893005072444,-44.843753623052976,-61.93233481618819,-20.415042388195392,-20.005749408751242,-20.13777513237353,-20.14700123872548,-20.411316209701997,-31.305629560426503,-20.19906517473423,-20.06671947012853,-19.940122999575333,-21.027433135553462,-23.55939168474282,-29.076833948459587,-62.632660829413965,-238.37941501564137,-98.79596521287156,-21.436573878174418,-29.153222300390404,-22.962789328128753,-20.894234418680384,-19.99569375836294,-19.945926904143064
-20.56048241135273,-20.696736258659584,-20.55522202148977,-22.564347519299957,-30.24676599601329,-20.596156865436395,-22.446808995595756,-44.78922478398151,-59.800528449548835,-20.98086057597442,-20.61159009953962,-20.730749989403904,-20.743937640742327,-20.97013282729319,-31.13605715268148,-20.78885521014724,-20.672690399217334,-20.552611681685605,-21.568721241544523,-23.95730317484102,-29.45909827541805,-59.838949910992355,-233.5650941772621,-94.79629350477757,-21.931233807336092,-29.351113955303397,-23.467101287068502,-21.435615980007814,-20.601074785653907,-20.55707975960573
-20.868655049382287,-20.994982328116272,-20.871054949619225,-22.73602152655877,-30.284386954206518,-20.910471930905516,-22.654558210414404,-44.79414811528418,-59.50163147924101,-21.29188197174866,-20.910879492856722,-21.034511741071668,-21.03394549592151,-21.25600866340991,-31.249144395215364,-21.060982323719976,-20.964747980620253,-20.858118329928846,-21.84108070738653,-24.149902426398963,-29.35977767640155,-59.867093811308095,-227.7395013973254,-94.51203792809413,-22.191001242000063,-29.300533749402973,-23.630161443693932,-21.718933508474926,-20.911393466202956,-20.87268994620216
-20.87313387143395,-20.994282272205826,-20.879497222486997,-22.669626710621912,-30.270940933212742,-20.919558153375498,-22.622936034454575,-44.90728323356116,-59.90390857099311,-21.30997036277551,-20.91140261894106,-21.04008358245765,-21.03056953446919,-21.25947002416519,-31.342991224108403,-21.048288717290117,-20.960592294607594,-20.859963279370323,-21.841831400430596,-24.15332438695044,-29.198141610723045,-60.617817412894226,-226.42931936711298,-95.54618292476137,-22.194880881824368,-29.20434797017579,-23.579021402262242,-21.726264233363107,-20.918134100688373,-20.881234313856964
-20.471425867489952,-20.596577048232238,-20.47361050340273,-22.30467391287691,-30.130595703775192,-20.517761130808545,-22.28643082166954,-44.93502510720887,-61.1101162266589,-20.93076049589424,-20.51399777197752,-20.64784081737486,-20.6404112130149,-20.891151953601305,-31.402322783198436,-20.667471582474054,-20.56485050751111,-20.45693921412396,-21.485124187504812,-23.90224144713924,-29.01937548390012,-62.102580836006794,-230.6163913621483,-97.7380727185347,-21.86675808554578,-29.103141069633576,-23.27013955198687,-21.366772933486363,-20.517505818567503,-20.47591200883619
-21.021178585492937,-21.151268331466046,-21.02148522506119,-22.95389256587196,-30.434212269981465,-21.058459585172514,-22.822968024837763,-44.81695363474828,-58.69245845904306,-21.423317540183728,-21.06649724843893,-21.181754355042695,-21.18966094493708,-21.396062197416718,-31.137196491335814,-21.22203237422474,-21.123970278135765,-21.013846294919883,-21.9796279996037,-24.263456990946263,-29.604403134006105,-58.59871486210715,-228.55392064905027,-92.83010703098876,-22.31385640775324,-29.432775779881382,-23.80426504313506,-21.851985402524345,-21.06133426493276,-21.022787844998742
-20.142458002362517,-20.273762746678237,-20.13922861668549,-22.045867099011048,-30.015802706613037,-20.186188085550906,-22.030847636730837,-44.905109017621164,-61.868161878170056,-20.61184404399052,-20.19050573240615,-20.32591412339948,-20.324970651984405,-20.589085545568448,-31.399649248008878,-20.364404206711058,-20.245550219824626,-20.12843624651227,-21.195078486999407,-23.691180014589868,-28.97285589631122,-62.8751618331305,-234.79747653454575,-98.93780185819253,-21.597704636286842,-29.08616473800474,-23.04983751133833,-21.070454755444846,-20.188165105779284,-20.141893522590433
-20.307639414189975,-20.439697105560498,-20.304307100770874,-22.230537915356685,-30.067428693780343,-20.349163032173408,-22.1850766063704,-44.81607253739361,-61.12061616910656,-20.76024988674345,-20.35569743359576,-20.48642256641887,-20.488959299237884,-20.739990189529756,-31.316068035245394,-20.52879365298012,-20.41230192946383,-20.29543741203474,-21.342279624876152,-23.788589011447847,-29.122015150720323,-61.82841291780674,-233.49815992457226,-97.44464326948855,-21.73067210433621,-29.170638403515603,-23.20163239084971,-21.215714076714555,-20.351773071286857,-20.306685315386243
-20.56526995931177,-20.697646949879882,-20.562485880074867,-22.507316114827645,-30.186286269111605,-20.604263043262115,-22.42170441086969,-44.76450177404783,-60.10465132919064,-20.995826841702737,-20.613023566890092,-20.7370524027665,-20.74343979790597,-20.976167359527444,-31.218675810862834,-20.782348052510557,-20.670978778121786,-20.555395117182012,-21.572136220853114,-23.95381268578933,-29.32873876087025,-60.43126419893679,-231.7693581192294,-95.46842382468645,-21.93951618605294,-29.283658643535556,-23.429668939651616,-21.443869939772448,-20.6074500374306,-20.564448133680113
-20.90972280527628,-21.036392796383655,-20.912001798462033,-22.78417628500807,-30.309221372998508,-20.950892907239673,-22.694602228699477,-44.789616001859464,-59.328697714971256,-21.32886137571158,-20.952152579730203,-21.07441282178138,-21.074941292992996,-21.293798530473197,-31.231143607352454,-21.10233658351162,-21.006482077835535,-20.899704457192385,-21.87808081197143,-24.177709851968515,-29.402847838008135,-59.616421995615774,-227.6079399010865,-94.1616318574105,-22.224535215583774,-29.324728047651696,-23.669865095992453,-21.755286435815613,-20.952036426645655,-20.913563309224624
-20.45615595644613,-20.590868833532515,-20.45148763602829,-22.42865943761384,-30.157195894062752,-20.4940147697915,-22.339495630524716,-44.767312713123374,-60.30794902953753,-20.88880598666363,-20.506033131657286,-20.629923991825923,-20.639071652474193,-20.87510926139373,-31.20333817337,-20.682328537267257,-20.565595484601438,-20.44661873823914,-21.47533550444393,-23.883478759713373,-29.32563971751695,-60.602467999050354,-233.38000217274777,-95.79227245775274,-21.84843855898944,-29.282056319310684,-23.35969756823469,-21.344630703656954,-20.49808010422504,-20.45355362673845
-20.968005399153142,-21.091080462605596,-20.973138891061474,-22.794147716895424,-30.31279259423448,-21.01189855548942,-22.72217523340535,-44.8378815094782,-59.40354511272258,-21.39207428951474,-21.007417042173795,-21.13216026574379,-21.127078456329258,-21.347165339604988,-31.281287206213612,-21.147805234355076,-21.058825764948303,-20.956613620284582,-21.92825929721974,-24.213292160273312,-29.331559606679818,-59.86259434731569,-226.14594174832484,-94.45896264080721,-22.27303515195704,-29.283867369778825,-23.68268990273002,-21.80968199470857,-21.011493341637998,-20.974684023513195
-20.729919895550957,-20.856995781784356,-20.73135568629875,-22.60122112498323,-30.22227536442105,-20.772239131732636,-22.533370547880157,-44.798422715004804,-59.94483697585797,-21.16208683643073,-20.77304737177889,-20.899157844309084,-20.898231197801643,-21.128408001095295,-31.275858842570905,-20.927336716674482,-20.826995143585123,-20.718619699295466,-21.717206664128078,-24.05931402062842,-29.277465948653848,-60.441491306478795,-228.8850749825471,-95.34808149139401,-22.077205082771165,-29.25419460977929,-23.516594446055766,-21.59484386240199,-20.773279557904193,-20.733194855362605
-20.905044888407073,-21.0297201926528,-20.908778253202485,-22.75057041491445,-30.29102085470979,-20.948033190937565,-22.675989992881526,-44.81531001657576,-59.50279597013615,-21.329822621490898,-20.94586567671923,-21.070417782195705,-21.067388465639997,-21.289420628702935,-31.26979869439156,-21.091323237078036,-20.99842644254198,-20.893953988806878,-21.87277607966006,-24.1727837658714,-29.334188057352797,-59.93541029893349,-227.0042312411055,-94.58293029337173,-22.221231304771248,-29.285767414036982,-23.64444174198869,-21.752521486954517,-20.94825844744217,-20.91039151861088
-20.73347565240508,-20.85924160815951,-20.735891496108803,-22.586321305221574,-30.21844876932911,-20.77694213749105,-22.527428782684993,-44.822396083105176,-60.04154799453366,-21.168985872421636,-20.775580903403736,-20.902982105626165,-20.899806510263684,-21.1316927506097,-31.300351392544545,-20.926601458924125,-20.828355420509823,-20.721520537497025,-21.719691512718704,-24.06185453124532,-29.237535775767586,-60.62678867654431,-228.5035562402297,-95.59402899611666,-22.080499348592507,-29.230788893478632,-23.5056832067624,-21.598985913976108,-20.777391093093247,-20.737755855080437
-20.333011207504537,-20.46317858820986,-20.331092565001487,-22.22940267879717,-30.07409586178567,-20.376025525520593,-22.19492211192167,-44.84700665314975,-61.19800736513571,-20.789192843149273,-20.379590725023103,-20.511739422413083,-20.51127809779753,-20.76376683600981,-31.348589437972887,-20.547804152775676,-20.43453692309448,-20.32000865409633,-21.364196885653968,-23.807394669153037,-29.077885083587255,-62.01584638629172,-232.8059766710938,-97.6725209078509,-21.75257710061362,-29.143877863480782,-23.203282428245643,-21.239982537659785,-20.377815989102544,-20.3334847552422
-19.93231695417429,-20.07405044681935,-19.921621588719212,-21.986998677710947,-29.98088788917966,-19.968546978947288,-21.91507029947023,-44.837739172767535,-61.68632895212181,-20.38701432273328,-19.98882953679885,-20.11725047222489,-20.131980817412764,-20.391003345693953,-31.230591123921172,-20.18894405906172,-20.052600809935623,-19.922204171819843,-21.01010749724455,-23.544010234380853,-29.17729555202203,-62.14021649405025,-239.77928002515827,-98.2507043238766,-21.415620992074132,-29.207837517040154,-22.981107510522676,-20.872808528678945,-19.97488845283122,-19.924273389654967
-20.57498844962112,-20.710692773681643,-20.57011276123915,-22.570754770190028,-30.24499008226467,-20.61101305950918,-22.455864853259058,-44.78365485145096,-59.793320413398,-20.995729564405433,-20.625598351910725,-20.745114249761553,-20.757512649182903,-20.983733447832936,-31.143652339070385,-20.801518582962665,-20.686307949944673,-20.566947574294197,-21.581590965707502,-23.965991694450842,-29.45106406648307,-59.85465143034352,-233.2162683995178,-94.7929267216004,-21.943743103563484,-29.347310623744754,-23.473873467521113,-21.44910501149358,-20.615709971931,-20.57196425954493
-20.942559620749567,-21.07305612348378,-20.942310002961527,-22.877032603517215,-30.386961646399925,-20.980110426099046,-22.753599006260625,-44.79832596164634,-58.924739983609044,-21.349401329943966,-20.98828034414951,-21.105055278281064,-21.11274168555786,-21.323586516812938,-31.148800933281166,-21.146284915446333,-21.045867177516318,-20.93479643278244,-21.909226358946835,-24.20886683671665,-29.55659424183257,-58.90010833441282,-229.04770515164867,-93.26215371847593,-22.249121607449396,-29.406817448859847,-23.73960989790218,-21.781479370113882,-20.98304643118767,-20.943727356459988
-20.319796767704744,-20.452400699933154,-20.31611861159972,-22.251584164203095,-30.074059555021787,-20.360716885021816,-22.19995295782662,-44.80319824628276,-61.021049366868965,-20.769729193683396,-20.368239499280296,-20.498060239911705,-20.50171923861612,-20.75093862676916,-31.299117707861733,-20.542388937777798,-20.425406041278695,-20.30799172113302,-21.35327462203758,-23.795459424649685,-29.149685156781892,-61.66884750161925,-233.55811993182974,-97.23079990898258,-21.740051949202673,-29.186390054006317,-23.218133096769428,-21.225931922712824,-20.363597139176925,-20.318461455327707
-20.872417571445528,-20.999089769244843,-20.8745779727281,-22.744991928866618,-30.289276373428,-20.913895604383143,-22.660490408258557,-44.790079457499516,-59.46074608849098,-21.294434183643688,-20.91491630508171,-21.038074826391632,-21.038160289100404,-21.259468146384638,-31.24150760813601,-21.065773039687464,-20.969101541485085,-20.86209136238106,-21.844634593086464,-24.15273051637637,-29.374007580653313,-59.797011075165486,-227.82954830160065,-94.41874608603965,-22.193963717532625,-29.30855076681216,-23.637153990231425,-21.722032622786084,-20.91498066749362,-20.876199054818766
-20.209638987133047,-20.346480867129607,-20.202819562297204,-22.201372824601876,-30.056990396698758,-20.24773772761868,-22.130678606463018,-44.78952168009792,-61.05606163015344,-20.65605915764263,-20.261680027183875,-20.389190816752002,-20.39892809975191,-20.64807178439772,-31.24200145649263,-20.446955154037333,-20.322203090518993,-20.199194456123163,-21.256137828052363,-23.72295589325092,-29.21254312846185,-61.52153361169054,-235.83298037891836,-97.16503494691891,-21.64630123512359,-29.223056740465978,-23.168308935386243,-21.1238609074461,-20.252355330108756,-20.205205009821633
-20.866466062727014,-20.995407170202714,-20.866999372949063,-22.772552921972192,-30.311724253674683,-20.90598422454203,-22.67177240649916,-44.7769296146087,-59.303259618068154,-21.282961703977886,-20.910880532967003,-21.03154259013976,-21.035559860840902,-21.253822381619223,-31.199314895630707,-21.067052279509184,-20.9669805812395,-20.857271719929958,-21.840375885787612,-24.152021038582884,-29.444753634535903,-59.48621190875764,-228.70057989059677,-94.03277516465123,-22.187962535944536,-29.34732947342637,-23.656243743756928,-21.714954380448628,-20.908094894519422,-20.868576054034193
-21.037774295846788,-21.16418271104713,-21.04065764312797,-22.915084380847865,-30.38023081195624,-21.078126943118846,-22.810115216040142,-44.79992922367467,-58.90477617245827,-21.44787465192371,-21.07979412268707,-21.19922224284211,-21.20081250479254,-21.411703763778675,-31.202277712704547,-21.227003942749857,-21.134371419714572,-21.02867848343582,-21.992856899431885,-24.264500189062655,-29.4940305138077,-59.046081925253006,-226.82793472658483,-93.3478549624373,-22.329693057092353,-29.37568820806053,-23.779559308116514,-21.86971821102964,-21.079353958002784,-21.042020019712947
-20.695702173021687,-20.816093484086043,-20.702199455366554,-22.476437746564585,-30.220179105225057,-20.74434610670372,-22.458060136439563,-45.004795218658174,-60.64443014414103,-21.14952938123232,-20.734187981945254,-20.867234130083848,-20.854379786520774,-21.096254638985943,-31.41350368321808,-20.871627155368916,-20.781701619274756,-20.68065467798413,-21.68234039465066,-24.047228708610582,-29.040409176627612,-61.65051106415161,-227.89841725671147,-97.06944651914188,-22.049196204611945,-29.108459188297086,-23.415724176618728,-21.568897497133328,-20.742313325587126,-20.704241328993895
-20.974378189309387,-21.108778658837252,-20.971850205244035,-22.97356756633476,-30.51121188541822,-21.00840680507065,-22.813899474765265,-44.897775514959505,-58.54748127652275,-21.369491945424375,-21.02375317219985,-21.134342107270953,-21.149288135065195,-21.351632577931824,-31.064504440076114,-21.188505756069517,-21.084240818049828,-20.96887613167504,-21.938932569060636,-24.247761480832374,-29.715527135906846,-58.209196010754624,-231.147659666274,-92.47929077372498,-22.27109689166477,-29.484609221626044,-23.808811046826175,-21.80615309405953,-21.013124981295775,-20.97311436565759
-21.422079209709807,-21.548456555756918,-21.426398668783868,-23.320819190361124,-30.66017994046352,-21.459439758944608,-23.1653742020273,-44.93795186601629,-57.669697390528604,-21.804781650922262,-21.46394043814215,-21.573501831844478,-21.57952776584416,-21.765991854358287,-31.118994883424975,-21.603120237787824,-21.519567423247572,-21.416132784471326,-22.33865641506165,-24.540494619757574,-29.798382714218324,-57.343130102136556,-225.5386133644325,-90.97785358305285,-22.645875531883714,-29.542229127454114,-24.118041978107307,-22.213386602406633,-21.46125876286006,-21.427138520335934
-21.124485658658905,-21.2461534239661,-21.13117422357119,-22.93833985000339,-30.382225953171066,-21.168338705975312,-22.855180510495487,-44.852898546941546,-58.96016842440834,-21.540047792982758,-21.16241312295679,-21.284983782618383,-21.279259919374475,-21.4909934591857,-31.26454868824986,-21.296568628340005,-21.213262263719088,-21.113675687871368,-22.06785369290626,-24.315590086885635,-29.408438073388577,-59.30972973461712,-224.76164636601416,-93.64885105887728,-22.4016818287038,-29.328288434271563,-23.805384126919744,-21.950169192135622,-21.1675343812887,-21.13249278517591
-20.89645683346567,-21.009918371192935,-20.909199483630786,-22.602856803994552,-30.336173328975146,-20.949528776075763,-22.596991524126125,-45.21711300894273,-60.44083595650228,-21.35231002307359,-20.929762206866098,-21.063549182675562,-21.041439215951034,-21.277859084548155,-31.463786725419048,-21.044539051632363,-20.97181237706154,-20.87964802410145,-21.856179608280183,-24.18424893999423,-28.988112107573905,-61.60554929033584,-225.52714776937293,-97.08923027168328,-22.209321972865524,-29.064248097626695,-23.519805469042286,-21.750595095691306,-20.94475529094362,-20.911028147819852
-20.702140125917573,-20.8219612343238,-20.70911333687377,-22.476135173590922,-30.22640342669958,-20.751240267193243,-22.460335806318906,-45.025106078796796,-60.668249247705816,-21.157039429385836,-20.74023539392357,-20.87358468094836,-20.859844639031284,-21.102016531251397,-31.42158257079592,-20.876001210228736,-20.787237039736674,-20.686857000578943,-21.687664375032654,-24.05257614625702,-29.028008258500364,-61.70305965283359,-227.7833861949761,-97.1505391508037,-22.054247479237407,-29.100009150328,-23.415390848666192,-21.57494077356544,-20.74896422160004,-20.711156000618388
-21.276080100061858,-21.396210458151188,-21.284437657530397,-23.075789161266364,-30.452539537044974,-21.32006573421848,-22.983111475533853,-44.880815638372766,-58.554117904243874,-21.683971451348192,-21.31244433632965,-21.433076701144547,-21.42639413238799,-21.63029653496036,-31.253678135023954,-21.440025327726605,-21.362599700340894,-21.265751395465436,-22.203117278982436,-24.415492862727092,-29.478781510550853,-58.81000212137635,-223.44388053607128,-92.91814057308864,-22.526446717128536,-29.369394015323813,-23.92276441614923,-22.086484485715392,-21.318791742802922,-21.285535474188098
-19.70338005332029,-19.851198917202566,-19.688564603904645,-21.84761797874281,-29.959980068435694,-19.73640685208246,-21.75325500940917,-44.93027836905472,-62.00879772307215,-20.15856644115921,-19.765242198756425,-19.891500431185925,-19.913890778709057,-20.176075024142108,-31.165909112004456,-19.98057790181844,-19.83333509672554,-19.69466173552915,-20.806421508252978,-23.397171981333216,-29.227545115539066,-62.266669040596696,-244.24890637314905,-98.77782331756357,-21.220076959143277,-29.23574151623057,-22.849345750971096,-20.66235658347908,-19.745024079221142,-19.691344005431798
-20.770917845161648,-20.901218483737853,-20.77020244679143,-22.692481583041815,-30.27427817363796,-20.810025537239376,-22.59435449806992,-44.769163021751794,-59.5323701937588,-21.19112021667044,-20.81662026151497,-20.93802316510244,-20.943283247102094,-21.16569615836139,-31.199203356994563,-20.977593848535776,-20.8735325836325,-20.761646736617422,-21.755332464031632,-24.08931884165148,-29.41647312319612,-59.741174992303165,-229.75842450162108,-94.43122828172281,-22.10890345107147,-29.331423261613402,-23.587110752073844,-21.628682922473903,-20.812602013083996,-20.771896342495527
-20.79259937335076,-20.924835189023295,-20.790678695580493,-22.74568330010898,-30.319604668081887,-20.829847035537775,-22.62898184245794,-44.78181184097856,-59.30483273005176,-21.206091513861818,-20.839973041422724,-20.95837978369434,-20.96732930578023,-21.18513701061001,-31.153818822601536,-21.004601151582467,-20.898524569850203,-20.784516466428705,-21.77540362223175,-24.108505268960844,-29.49915172713522,-59.34452987233079,-230.51691582933535,-93.94271827481342,-22.12494654405107,-29.374789890922962,-23.62681935430632,-21.64622817556367,-20.833332618719037,-20.792287608754396
-20.13312817194783,-20.264442949974484,-20.129868379503023,-22.03622604849088,-30.013387880728523,-20.176936662845428,-22.022524965196336,-44.90979683367593,-61.90624984484334,-20.60332000107149,-20.1812177666689,-20.31683131653705,-20.315782641293875,-20.580554348930463,-31.40337399699702,-20.35528057801053,-20.236220934920745,-20.119031294272272,-21.18679084627952,-23.685725326087123,-28.966231027382936,-62.92629287483529,-234.8900408054081,-99.01219176889461,-21.59016876439128,-29.082430239158022,-23.04184214337449,-21.062210403608976,-20.178901672016725,-20.132548026758535
-21.094702938247554,-21.215051503113674,-21.102331636623497,-22.889506222207586,-30.36173275300363,-21.139979607107453,-22.818840588440814,-44.88260791782905,-59.163657263147755,-21.51594156151095,-21.131677216487194,-21.256221819085336,-21.24786764781354,-21.463188163737243,-31.294496274487138,-21.26291902369232,-21.181218959509906,-21.082974845533094,-22.04012801529088,-24.294974822265363,-29.343877559586787,-59.637601441583556,-224.61551288893912,-94.1145944073568,-22.376901552833765,-29.290293400001087,-23.765217871239663,-21.924271263735818,-21.1385302496605,-21.10372253955491
-20.352668636616517,-20.487022702502358,-20.347904595224207,-22.313356261989725,-30.100304763783015,-20.391729268475558,-22.242467554996185,-44.77735232346723,-60.73122253204844,-20.794678131729558,-20.402421550786073,-20.529378044771835,-20.536562666506594,-20.780363500407258,-31.247276779324423,-20.57987235259219,-20.46130340093201,-20.342080504430243,-21.383008923415566,-23.815383721957193,-29.234468519456442,-61.19544603936481,-233.90050369211033,-96.61299500410993,-21.76494672590123,-29.23348893662115,-23.26570772130158,-21.253244436133357,-20.39546172900896,-20.350143382538572
-20.78020852146078,-20.90459998431401,-20.783794414904687,-22.616100422922067,-30.234697587597505,-20.824511223368415,-22.56041617737918,-44.84275228118943,-59.98246936208415,-21.21573135276678,-20.821142837672557,-20.948854024395107,-20.943846197504577,-21.174573794869307,-31.312076221401682,-20.967949947972933,-20.87287606997614,-20.767929327287042,-21.760730062908387,-24.092263247167782,-29.229105354167686,-60.60105590938815,-227.81878406621547,-95.54050447758314,-22.118951511932956,-29.225054647804395,-23.531945533946146,-21.64152896514759,-20.82440957341548,-20.785614721240385
-20.442981858042714,-20.57481775016603,-20.44018998725256,-22.369848698462366,-30.121696201055865,-20.483506412547303,-22.306302702260798,-44.78343945290897,-60.61217251099607,-20.88493516004079,-20.490529306137038,-20.61822748618852,-20.622110845301176,-20.86411200356894,-31.2715255887362,-20.660840207365844,-20.547532365903336,-20.431801146664593,-21.4628222505072,-23.873927377741214,-29.217016199844647,-61.146908631280866,-232.38971454265484,-96.4655055270337,-21.840597149320686,-29.222770000052,-23.317142471631133,-21.335845359672213,-20.486245154259997,-20.442360163594017
-20.52469911781916,-20.654995652507786,-20.523220596399455,-22.432778106246285,-30.14827023952204,-20.56589409242916,-22.36955628592007,-44.7867761629422,-60.437192894151735,-20.96440587704678,-20.570844419261913,-20.698309663595605,-20.700509316294557,-20.939491812596604,-31.276536621824036,-20.73623054815125,-20.62680680876096,-20.513382873844275,-21.53519655611017,-23.92674840734235,-29.22734453986782,-60.97613274590965,-231.31041014357166,-96.18180309449308,-21.908170293313333,-29.227613541038714,-23.371814052998026,-21.40978282787984,-20.568067363918622,-20.52530404661147
-20.8787686868477,-20.99967293431207,-20.885340967160058,-22.67232362166598,-30.273459060294826,-20.925364097798074,-22.626436152693664,-44.913241282361376,-59.90283223364736,-21.315808069017187,-20.916844565134763,-21.04561865671306,-21.0357513048996,-21.26459059882166,-31.345604737365996,-21.052990246898833,-20.965835725561405,-20.865520713394062,-21.8467053381535,-24.157092133756993,-29.19489659276727,-60.625350325828705,-226.3411076229277,-95.55691984722702,-22.1994453965589,-29.202197541509086,-23.58138978111936,-21.731419262727773,-20.923838779571184,-20.887073601502255
-21.540224718331846,-21.65890008177479,-21.55059592478601,-23.332420307628368,-30.598615506817335,-21.58338841332083,-23.215668714377575,-44.94127312542436,-57.78986741890088,-21.93217014989027,-21.574940559985006,-21.69086291267409,-21.684583605593083,-21.873507106764464,-31.22137844677638,-21.693958241792576,-21.62492385181477,-21.531369718883898,-22.4401326037724,-24.595104078112485,-29.643104953141677,-57.80896376292622,-221.72729893376498,-91.47730384121344,-22.74452717207165,-29.46555319427111,-24.141084083096704,-22.323726619954805,-21.581851664055797,-21.551278923970074
-21.781887660596997,-21.893157766137254,-21.79913900657671,-23.488301479046378,-30.683401748181076,-21.829699390774636,-23.38590766223006,-45.11525313490799,-57.49342604847374,-22.17300950477855,-21.810033875861176,-21.927619756537176,-21.91104497429173,-22.092375532040872,-31.28130645490028,-21.90473770987408,-21.85480705264598,-21.771426936093803,-22.651725380893577,-24.744070689807153,-29.612753098787618,-57.647761363318935,-218.53375941906714,-91.25682574210757,-22.940536853649842,-29.451994884081365,-24.27843465694975,-22.542829284165876,-21.825139764198543,-21.799494579335157
-20.161493769313314,-20.299815868303252,-20.15359493603561,-22.174309220097392,-30.050333009512055,-20.198706978596448,-22.09788978866308,-44.795416582778174,-61.105297120654726,-20.60746960436599,-20.214829261682564,-20.341701044791378,-20.35343458971986,-20.603089487690614,-31.22466833031154,-20.40399167568048,-20.27646122643391,-20.151446554154397,-21.21347813824416,-23.691861189470597,-29.228184609248935,-61.517946582472426,-236.76066796722048,-97.2221965561766,-21.60539141724774,-29.231903073727757,-23.14256133983867,-21.079529378793374,-20.203909531773586,-20.156007332234857
-20.094604401267947,-20.231778539644584,-20.087221054569625,-22.084628222207535,-30.00861399249746,-20.133426343094463,-22.028641281998855,-44.812485046723225,-61.481072943819555,-20.549663427150705,-20.1471448152269,-20.27716857885759,-20.285968956686922,-20.542620748688094,-31.27902640458762,-20.33518013489922,-20.207512377710728,-20.08337212701649,-21.153959824822376,-23.649688892260766,-29.13745172765183,-62.083355386772105,-236.79383367934622,-97.96913550215483,-21.553141011010243,-29.18377267355937,-23.072080338172327,-21.02179595432732,-20.137997608782,-20.089776052492823
-19.98111200222383,-20.119984121742156,-19.97230846765952,-21.99149824762795,-29.974097854890765,-20.01943694186814,-21.938147447181773,-44.831356436668386,-61.773677878515116,-20.44058387373668,-20.03523953435864,-20.16605982261932,-20.17635273354313,-20.43778395203118,-31.283568547996662,-20.228816021942272,-20.09667487382885,-19.969845751229176,-21.05339594241607,-23.57692587015546,-29.111945025885376,-62.39931141881391,-238.27672085503352,-98.48194706079876,-21.459496855200175,-29.171991741225348,-22.992211302733367,-20.919566423064325,-20.02457916067402,-19.97498448990431
-20.656975485454748,-20.79199819486436,-20.65281579058324,-22.64667904917194,-30.28526263890907,-20.69292369833221,-22.525876683724114,-44.78951790365099,-59.55912759178501,-21.073351331241636,-20.706926403477667,-20.825195468937416,-20.83740643593537,-21.059381425023126,-31.134048343697614,-20.879843064256026,-20.767305819250144,-20.64924321547732,-21.65473756500907,-24.02131522816599,-29.49042632404766,-59.566255534124295,-232.50222651578852,-94.36413715765204,-22.011298592953562,-29.36814061712129,-23.53808255646747,-21.522727839455385,-20.697444243607965,-20.65455954063984
-20.471828616997136,-20.60635442125239,-20.467332090021035,-22.442282968951687,-30.163219489428766,-20.509719344523933,-22.352407076922056,-44.76663258868703,-60.26593742591822,-20.903764520152848,-20.52152592210459,-20.645252550856235,-20.65426774980204,-20.88957334593158,-31.20228711194998,-20.69713799552629,-20.580982813904797,-20.462321342773205,-21.489276959174276,-23.89373155518001,-29.331130724878285,-60.553804252738125,-233.20778593715215,-95.71693972990579,-21.861371738415123,-29.284959656552772,-23.37133552670698,-21.35873600258293,-20.5137258350436,-20.469379121096658
-21.015242313081195,-21.14393830461817,-21.016455028065256,-22.925925514791743,-30.402153267329894,-21.05377324860548,-22.80670302180588,-44.800654533885734,-58.81248919713377,-21.421260505054054,-21.059297653412735,-21.17650138231664,-21.181870099174038,-21.390815589236084,-31.165166204802993,-21.21203197631242,-21.115667242950806,-21.007142548463403,-21.973726339329264,-24.254696408448854,-29.552641041428483,-58.82350109157251,-227.90253303444882,-93.09653312160961,-22.310005956282662,-29.406297410974553,-23.784192341271826,-21.847851886651416,-21.05600759728736,-21.017800902602083
-21.10985584276161,-21.23800042607717,-21.11178360378112,-23.01746759674641,-30.457268644628783,-21.14811544853049,-22.889737806043573,-44.82259305845214,-58.5383465083617,-21.510351278456774,-21.153360757590335,-21.26883179645129,-21.274346332782294,-21.4780329273357,-31.15276607446137,-21.302989357659936,-21.209562373824465,-21.10224706467483,-22.058464016880787,-24.320036859606272,-29.608541939877025,-58.46987406509625,-227.27967449783267,-92.58716837371134,-22.387996686854606,-29.43714079063691,-23.86148275276279,-21.932778632651722,-21.15024763145955,-21.11299108366336
-21.073079943833495,-21.203089622610463,-21.073635083486668,-23.00761643826621,-30.470885560704396,-21.110024786098815,-22.870307236434655,-44.83466611827565,-58.52831944647917,-21.471693809178763,-21.118315452925852,-21.232314480453343,-21.24069595245284,-21.443883721367246,-31.12644699712643,-21.27258529489503,-21.175850634544684,-21.06612915742605,-22.02620834777559,-24.300495857211676,-29.64253604028906,-58.376421693939406,-228.3424705413171,-92.5202487975338,-22.35647368396526,-29.453195192521523,-23.848996773622197,-21.89839311109051,-21.11294370265588,-21.074856942919098
-20.32120840860757,-20.462004666381834,-20.312441440263303,-22.385718385329675,-30.188596578702647,-20.354991384737538,-22.26272334854828,-44.83139167942105,-60.28576150187786,-20.747553200920024,-20.376492998763133,-20.49579672293777,-20.51396856429337,-20.747676511566002,-31.108984181027147,-20.566996875875716,-20.44051851831586,-20.31378473576165,-21.355605217019285,-23.80283301835389,-29.436672993176142,-60.28374025973112,-237.1101760732807,-95.64046709568822,-21.7303182319671,-29.33700133383198,-23.30752968519148,-21.217885736201133,-20.361531728355086,-20.314525971338583
-20.51911462517549,-20.653488728557093,-20.514872849899184,-22.48997510153522,-30.187540147722494,-20.55674236360748,-22.3944910816084,-44.76635153022481,-60.10466401153269,-20.947757900470563,-20.568620576866945,-20.691328542182088,-20.700673170164574,-20.93303918828588,-31.190189436877866,-20.743016300916487,-20.628103485068735,-20.50991641840774,-21.53144157346288,-23.925242388872416,-29.3620384155219,-60.34084839745621,-232.87041585702832,-95.41314869869602,-21.899942471119815,-29.301303849837552,-23.410912583698014,-21.40087384420447,-20.560756853650553,-20.51685043641253
-20.955319952846313,-21.0771698883476,-20.961363319111406,-22.76430793380853,-30.30335639331603,-21.000417340881036,-22.702195496592275,-44.86745861419649,-59.54577728082255,-21.38363433568468,-20.99383098152129,-21.120062141406226,-21.11270652060243,-21.335247487567756,-31.306586451917543,-21.131276540940075,-21.044073521053534,-20.943194519904925,-21.916047614697753,-24.204921624925483,-29.283050100946006,-60.1036312474818,-225.93710748325168,-94.79852710409195,-22.26252058518517,-29.255076666260663,-23.65855380181896,-21.799096542854144,-20.999435996744282,-20.962953231539874
-20.866557926166106,-20.988728947436627,-20.8720989758625,-22.676174520724224,-30.26743639263404,-20.912119447121682,-22.623756823539438,-44.8789115346256,-59.84494859668468,-21.301149456492155,-20.90558381095769,-21.033483483436328,-21.02565125420139,-21.25365076560213,-31.326716224725004,-21.04528192439362,-20.95568923498122,-20.85385562045014,-21.83665936107713,-24.148304255665305,-29.224954841370817,-60.499353041278006,-226.67402542815097,-95.37624514047016,-22.189675315554382,-29.221067888437535,-23.584056614511123,-21.719814251855464,-20.911146625981583,-20.873826532647513
-20.570943767602945,-20.70211721483876,-20.568993325048325,-22.494752894059143,-30.176534223549083,-20.610955901741796,-22.41800822436228,-44.7702276645553,-60.1866736460701,-21.00441717135734,-20.617694050148973,-20.74302407833128,-20.74735270543509,-20.981730670265083,-31.242518415746016,-20.784270613992355,-20.67462731562725,-20.560478497039004,-21.57681515999645,-23.956749853848542,-29.29217422826877,-60.59650178778005,-231.28315051782238,-95.66491139076314,-21.945162279770937,-29.263648711893488,-23.421648999751007,-21.450047444238695,-20.613605296839925,-20.57097982933121
-20.811474197180104,-20.934075719278653,-20.816526649300357,-22.62456705764776,-30.246302359988118,-20.857120178575077,-22.576700473821948,-44.88192615829395,-60.01451140868227,-21.24938145795256,-20.850995671393807,-20.97971159716679,-20.97197688920926,-21.2030803493756,-31.335665861064953,-20.99268343967427,-20.90122519191609,-20.798532019112514,-21.78758675892705,-24.113362533221085,-29.196336970145598,-60.713883572183406,-227.19506891934304,-95.6913078108165,-22.14454886309568,-29.204525659704146,-23.54032680616868,-21.670511510852936,-20.856256495862137,-20.818334713408138
-21.42950041172145,-21.55149271838472,-21.43695256813165,-23.26289529789239,-30.57123785785247,-21.47061106760777,-23.138072659212682,-44.89484402694957,-57.92515408300598,-21.821711088248186,-21.46725109371662,-21.582147396952983,-21.580474911884846,-21.77236099952701,-31.190761379623083,-21.596553439757397,-21.519545139689065,-21.421390598814902,-22.34269739224328,-24.527199661229492,-29.65996073701087,-57.87209657555,-223.40277793431895,-91.60664161130208,-22.65332753373621,-29.472101690723683,-24.078089003682543,-22.22285934652409,-21.470429143598807,-21.43776589909332
-20.367302213857467,-20.503637173446716,-20.361312494229978,-22.360530013764155,-30.131348315858553,-20.404493138862705,-22.270569575174807,-44.77436657465725,-60.4980542694378,-20.802416323346584,-20.41867136716684,-20.542775824895802,-20.553663496376522,-20.79281061837429,-31.196808068587522,-20.599958156343714,-20.479304380355995,-20.357895333053296,-21.396407783374766,-23.82596123275568,-29.314353810115904,-60.78608505788877,-234.6098021292114,-96.11437877573839,-21.774422065846622,-29.27616756051605,-23.29984279940047,-21.264059761525317,-20.40914310581472,-20.363467942575692
-20.53779695504684,-20.669219099004565,-20.535574117092253,-22.46357340531257,-30.16252723229368,-20.577871097612576,-22.389607823576917,-44.772060730021096,-60.28903299802519,-20.973227828861646,-20.58481339121909,-20.710667726029097,-20.715019911581702,-20.951232201812935,-31.24812191740461,-20.752535662179348,-20.64183513561282,-20.527187798623014,-21.54729790582956,-23.935174706564332,-29.27525239688147,-60.72508553162648,-231.59011797108462,-95.8543937147852,-21.917991678607926,-29.254465745001802,-23.395390919626767,-21.420377541789538,-20.580579112614267,-20.537606123955896
-20.719745693227164,-20.848405792747535,-20.72000815495393,-22.613712382161104,-30.22836142172629,-20.76073366043854,-22.535450273832247,-44.778526619563536,-59.85020350084294,-21.148362717443167,-20.764161784807985,-20.888762907627008,-20.8904982119639,-21.11892154522715,-31.247457072809436,-20.92237566427452,-20.819476656670204,-20.70919134776101,-21.70885535933441,-24.053185796049483,-29.321976421720496,-60.24602849516016,-229.44923105806637,-95.10155477917472,-22.068167561889066,-29.27960020258856,-23.524692516905873,-21.58453081014229,-20.76248054017913,-20.721824724214233
-20.448801624495612,-20.57908055029353,-20.44711830466428,-22.352662716469176,-30.11635629851885,-20.4906777634069,-22.300506010620328,-44.805286971388966,-60.7304951886473,-20.89482931520451,-20.49512346272153,-20.624426173351615,-20.62563687349387,-20.86986609112641,-31.30333697460366,-20.661740756314575,-20.550731935787486,-20.436838789094143,-21.467458180217463,-23.878656014893508,-29.16907242336535,-61.37599531171823,-231.8767552244769,-96.75372440371132,-21.846476139382375,-29.19517932186516,-23.305398714645364,-21.34246365182906,-20.492716008578913,-20.449322733230503
-19.685387259684088,-19.833093795482327,-19.670560637190928,-21.82633755368376,-29.94791615283784,-19.718659221466467,-21.736047963763113,-44.92916292864824,-62.092583412734164,-20.14240448973714,-19.74717875269283,-19.874091422279644,-19.896038326305767,-20.159793852014094,-31.176784640701083,-19.962713371663565,-19.8151433562791,-19.67645988685147,-20.790562725028444,-23.385317193776512,-29.210135581885545,-62.385902087235344,-244.2979513602774,-98.93338988755607,-21.206007476873786,-29.227503476229238,-22.832706272163474,-20.646702941970304,-19.72720137107461,-19.67337190155443
-21.42702518054674,-21.537483312284362,-21.44383594849165,-23.112582184571586,-30.512209431355053,-21.47834897635807,-23.056736847571713,-45.14951150382633,-58.71901528087943,-21.846792459771304,-21.455792737306357,-21.58138263201533,-21.55982475261427,-21.764207805663403,-31.36174536666174,-21.55402492558461,-21.498071884257897,-21.413194918364056,-22.330315907257397,-24.508509978030794,-29.308441403815642,-59.35820284972716,-220.5992412321964,-93.78112988552319,-22.64463802766256,-29.263527088174172,-23.955646979158026,-22.224797334871873,-21.472961854002598,-21.444805684147486
-20.826723756434234,-20.955324690969586,-20.827363816838968,-22.725495063316302,-30.284449661459362,-20.866869176034832,-22.632813053908677,-44.7756344669613,-59.46991031529238,-21.247153568347557,-20.87090395663786,-20.992958660346712,-20.995893612273242,-21.217300480379215,-31.217097415171402,-21.027054877418195,-20.92657720727052,-20.81702435318371,-21.804614249993275,-24.124454136387318,-29.402547947301873,-59.72881992140718,-228.78269402852996,-94.36607195932156,-22.155647058899007,-29.32423096760312,-23.617756980376775,-21.6798203641519,-20.86876141834927,-20.829011936700574
-20.825047314860047,-20.947904429294937,-20.82993847666241,-22.642089432848916,-30.251299846352588,-20.87034673154627,-22.590709924730813,-44.8708881645552,-59.942730599988806,-21.261142657504728,-20.86470885420526,-20.992887841092628,-20.985753452071737,-21.215602903724438,-31.326817039014486,-21.006853365713066,-20.91524348800592,-20.812350350468773,-21.79991943187729,-24.12164244545906,-29.214737765648998,-60.60644232897914,-227.13790856819298,-95.53600928281945,-22.155698279504364,-29.21556626274292,-23.55493057991758,-21.68243471221776,-20.86961979849664,-20.831719250946833
-20.409755398102664,-20.540201369986214,-20.40784421252513,-22.314070368980442,-30.101654546284024,-20.451826720222563,-22.266279960977926,-44.81367045496683,-60.86760405930789,-20.858561965468013,-20.45631093076758,-20.58636013129336,-20.587368732629322,-20.83402502302008,-31.313792717721967,-20.623963034814924,-20.51189286423145,-20.39755247136631,-21.432700832656074,-23.85407883507592,-29.14507327598304,-61.55516376311703,-232.23197290387236,-97.01462565122722,-21.81465627044394,-29.18191724349855,-23.273156297574758,-21.307697313646788,-20.45387526091316,-20.41010613445132
-20.348165371404583,-20.480557218985663,-20.344714505384474,-22.27828697891246,-30.084515371568806,-20.38902450611125,-22.224173354690667,-44.798464235788046,-60.929231815308675,-20.796348985739588,-20.39637275687768,-20.525744918337328,-20.529395677238394,-20.777005591169104,-31.293338644220743,-20.56956217006626,-20.453471011056475,-20.33648564997563,-21.378479189177543,-23.813455251664514,-29.16394478100436,-61.55350144437434,-233.27339051114967,-97.060344261166,-21.76321765154547,-29.194039281591074,-23.24053650453666,-21.251266067602415,-20.391856465397286,-20.34701865359937
-20.137521373013453,-20.277516248681927,-20.128535667867546,-22.176531265715536,-30.061064858863354,-20.173485309918433,-22.088661295863336,-44.80517004647293,-61.04249266089836,-20.580510612880794,-20.19228334216377,-20.317593484627032,-20.33198095308706,-20.579989140862917,-31.1929430609161,-20.385141548226237,-20.25524507320206,-20.128176269838068,-21.192229369422634,-23.676930099993182,-29.269352319690793,-61.35157204823662,-237.65650823237175,-97.0687084801382,-21.58346116018432,-29.25350141867665,-23.139850064512586,-21.056264905688863,-20.17939358036256,-20.130929515373566
-20.949125328652062,-21.073633709543653,-20.953116764384905,-22.794385706886423,-30.311640063013982,-20.991894217117167,-22.715040618187643,-44.81427605491736,-59.3584950766206,-21.37089673812403,-20.989713583202324,-21.113410022531852,-21.11060969036537,-21.329976291127057,-31.260556805986027,-21.134004124362,-21.04231549497016,-20.93831461752162,-21.912216113244664,-24.201723355927285,-29.36290254239618,-59.74477224404946,-226.67073042397914,-94.30683336407415,-22.257428180409967,-29.302173479633556,-23.681364823328895,-21.79193274517689,-20.992112859797402,-20.95466269474108
-20.84827759626351,-20.96646924610371,-20.856953521297523,-22.607109259036378,-30.27678729327031,-20.897565936662197,-22.581692108827113,-45.02337511102286,-60.23997312093508,-21.295274665108053,-20.884656661045526,-21.01626574649209,-21.001451279067354,-21.235717821264494,-31.40197466471583,-21.01379342427194,-20.930929335228424,-20.833401350707902,-21.81724975403956,-24.142996355038573,-29.08935166856883,-61.17980309047259,-226.2464436352495,-96.38484897128276,-22.173305184333756,-29.135206945828767,-23.526274370487577,-21.705698420407746,-20.894785425531648,-20.858786207905784
-20.764238711146856,-20.894909594151702,-20.763250538837045,-22.691138358687855,-30.275587296477944,-20.803076431406506,-22.591014596499615,-44.76889978554963,-59.52649213491204,-21.18396896710669,-20.810267306865327,-20.931383690871918,-20.937217159535496,-21.15947353229525,-31.193634930781336,-20.972171866433037,-20.867465999241162,-20.755106430580465,-21.749490008509834,-24.085419427772308,-29.423838439708028,-59.71698367625279,-229.9473927952577,-94.40870812343127,-22.10316366165307,-29.33529513311735,-23.585237395211344,-21.62240887675246,-20.805810306625276,-20.764945411643588
-20.79559815573374,-20.91536308516511,-20.802858386914405,-22.57187775866604,-30.251373653334312,-20.843932464986636,-22.544034626584097,-44.98371746698635,-60.31088289987042,-21.242683731358785,-20.833230957448816,-20.96470933950632,-20.951947752806003,-21.187825942278124,-31.391576077958845,-20.967510670108105,-20.880705372996648,-20.78107336108953,-21.771303982357946,-24.108068886911283,-29.096804321020414,-61.22087245327839,-226.8963858966541,-96.4359421305403,-22.130812851774806,-29.141863797735162,-23.496556280364832,-21.658028179652604,-20.84177187764916,-20.80474872571893
-21.19738368392799,-21.317860602981078,-21.205223031778782,-22.998281278277233,-30.412625930849202,-21.24170092157377,-22.913482132789166,-44.873080329731394,-58.79666704875734,-21.610371839318365,-21.23419646658714,-21.35629281675502,-21.34932537091703,-21.55784794682603,-31.266536725681547,-21.36404299559922,-21.284316134296873,-21.186575324042824,-22.13254984025545,-24.36294621702454,-29.427890025656183,-59.13022007905227,-223.99299433689154,-93.38125462402408,-22.461576950354235,-29.339647983987646,-23.857008890486103,-22.015939182306187,-21.240465346092,-21.206443930609655
-20.417013632750145,-20.554242326855547,-20.41064809960127,-22.427948304438857,-30.174826334454195,-20.453020219297116,-22.322825443740726,-44.782976245006665,-60.23652387707946,-20.84572432519313,-20.469091814528117,-20.590727512430316,-20.603832791260288,-20.837906929135062,-31.159643583175438,-20.65114473067453,-20.530597914879376,-20.40848916240032,-21.440825355022216,-23.860712391303927,-29.38350535543405,-60.387734464356996,-234.75174685693253,-95.60013637470921,-21.813475176362978,-29.311822545751063,-23.352675745942328,-21.307136269451973,-20.458147586834794,-20.412698693397193
-21.073459740252055,-21.192219627736144,-21.082293780118924,-22.8468329333527,-30.350783410988733,-21.12033219912848,-22.788852983011342,-44.9292899147362,-59.36060638361282,-21.500478935325614,-21.109322352868723,-21.235776677251256,-21.224450490720407,-21.443080595884375,-31.326528663119902,-21.23665606410722,-21.157320417903893,-21.060752345682655,-22.019804889168267,-24.281229801398716,-29.27850835466919,-59.964061311684816,-224.4382042652881,-94.58892307179838,-22.35884217369695,-29.250653507611233,-23.72982556529343,-21.906084435318856,-21.118134343287746,-21.083746714104528
-21.113297349664588,-21.229849240091127,-21.124045011301188,-22.86063284582586,-30.37044321104632,-21.161805600256784,-22.81065711842225,-44.992370201640774,-59.38595503416579,-21.542843480712914,-21.14745979906366,-21.274907513174007,-21.26026601344372,-21.478831627950772,-31.351307756568495,-21.26807745737927,-21.19363450762517,-21.099818728595565,-22.05375112474305,-24.307608630757336,-29.242647189659017,-60.07508729204541,-223.7738644436467,-94.76231368777326,-22.390493290069827,-29.22735811334107,-23.741822151853228,-21.942594775043805,-21.158678731395828,-21.12546727065127
-21.139520968098743,-21.256586148895053,-21.14992209665635,-22.894016491268655,-30.37917106902855,-21.187355144304224,-22.837730005574237,-44.96847688423853,-59.252924064952246,-21.565651938337286,-21.17394188922581,-21.30042631155096,-21.286942333034176,-21.50321981854537,-31.33624740526394,-21.295587447262786,-21.220723263968704,-21.126516318348866,-22.077772473805553,-24.323862993112208,-29.278203517458273,-59.876236576891024,-223.64821360666434,-94.46617234721487,-22.41244987012248,-29.24939491064932,-23.770231212059606,-21.96579776007825,-21.184494238619923,-21.151293295734938
-21.25978928827088,-21.377436480626248,-21.270072221961136,-23.026009067502212,-30.431639471188227,-21.306117252241528,-22.95100294094759,-44.93324447142486,-58.78777427990634,-21.675041564549318,-21.29424357345704,-21.417636799804086,-21.40647022298578,-21.614313483612,-31.29697907892433,-21.41555501782108,-21.34214209846806,-21.248077541792572,-22.18647180300887,-24.401702914247203,-29.38918850944452,-59.22010187357444,-222.91020855158098,-93.50433933094607,-22.512089270604285,-29.316524956052497,-23.882267871835392,-22.073029263682667,-21.303691413289574,-21.271236102929734
-20.822003246901584,-20.955940310243307,-20.8191291925581,-22.804189262610027,-30.377194184155222,-20.857571764985366,-22.66932276005435,-44.816266243927586,-59.07706639735844,-21.229018400853803,-20.870908988869896,-20.986271813908893,-20.998582680554026,-21.211585689979106,-31.11123380335162,-21.038255623016134,-20.93082866796307,-20.81504115865065,-21.80219890169486,-24.13468849285302,-29.58055577982723,-58.956225536857374,-231.28481048411697,-93.4761814401877,-22.147141328146688,-29.415874616386574,-23.6706533557778,-21.6707629612526,-20.861861680581825,-20.820645672271276
-19.752349213672005,-19.899754322441,-19.73792825661861,-21.892762250238988,-29.97941944447436,-19.785307095232994,-21.794598298285024,-44.921004455219574,-61.85293417636778,-20.204754456153744,-19.813808291580845,-19.939303698801645,-19.961631298605898,-20.221204226846172,-31.156215280319657,-20.027440872413756,-19.88168821613625,-19.743811373161872,-20.849816649175324,-23.429066027918644,-29.248663058687498,-62.077261129692815,-243.73275656912557,-98.49232584092987,-21.26007557269753,-29.24548239749963,-22.88698461991489,-20.70608867865553,-19.793823135469157,-19.740648542001708
-20.59758248542208,-20.73330061132196,-20.592781331632978,-22.594970883831397,-30.260131003076353,-20.63341430041364,-22.47671371879413,-44.787980956899325,-59.71235172954336,-21.01658357474517,-20.64818982696044,-20.767091394195926,-20.77979498795215,-21.004480847543505,-31.136562971619618,-20.823669381627735,-20.70896458522369,-20.589732135203896,-21.60177809409604,-23.981728407758425,-29.468901405976123,-59.743471668077106,-233.12137677058973,-94.63995249967837,-21.962095647154037,-29.356514164705423,-23.49371048952843,-21.469173147362046,-20.63815206985064,-20.59459729409161
-20.60789251056164,-20.74059249424391,-20.60503300269809,-22.557453658758927,-30.213870084685528,-20.646244456903283,-22.46308581404911,-44.76389612130917,-59.92153080972156,-21.034215659101488,-20.65585654903722,-20.7784109270756,-20.78590384122307,-21.0152049735972,-31.198286304315594,-20.82507236925368,-20.714231824817322,-20.598540184545673,-21.610308586587006,-23.98270088646541,-29.372480493959827,-60.16688840410731,-231.65136985646498,-95.10773119055202,-21.973898363295724,-29.30712624296841,-23.470357078491602,-21.481431886732555,-20.64964672292826,-20.60691930796543
-19.811252554399687,-19.949725550574644,-19.80222437859384,-21.804634778839493,-29.912784651154595,-19.851521724901406,-21.781822568867007,-44.90242536008574,-62.53028495481911,-20.287068751295134,-19.865524420702524,-20.00111673174492,-20.00835111776171,-20.28308144681762,-31.369712434375074,-20.061161786568164,-19.92581205844321,-19.798303216743466,-20.902946230278964,-23.475090057155477,-28.971051870830557,-63.44457198553461,-239.59634776051644,-99.94651801014673,-21.32405033293513,-29.09727567829203,-22.84085488034177,-20.770509691446602,-19.85617552241146,-19.805183697862798
-20.63085762655207,-20.74974301730748,-20.638412210646894,-22.391698748769176,-30.220960198889664,-20.681429292516885,-22.39085119012059,-45.10628295508779,-61.03212068958105,-21.094679397981096,-20.668747860530456,-20.804188324538824,-20.788065845901397,-21.036357916552245,-31.463387863550643,-20.802857337893702,-20.71442360246796,-20.614498402957878,-21.623149808399944,-24.014668634023796,-28.946630880691814,-62.22756793985759,-228.44450020092142,-97.94041630553208,-21.995483217451167,-29.048254400150725,-23.3433937298237,-21.51220373527379,-20.67863380015709,-20.640590926069944
-20.63137633954197,-20.75316729725611,-20.63659177584375,-22.427322469631687,-30.193482337478205,-20.67932661418727,-22.408951052872503,-44.98071636007382,-60.77539017417563,-21.0867229041319,-20.67105255903062,-20.804325269345348,-20.793086278428913,-21.037517883705643,-31.40995197876733,-20.813245245016905,-20.719549990633993,-20.616501665255054,-21.625825460402464,-24.005614473721934,-29.034750499508785,-61.77699550789893,-228.6619055404109,-97.2522705529141,-21.99699116026042,-29.10716353590725,-23.37420036702181,-21.510941069936315,-20.677818423972713,-20.638709917692942
-19.677375020851354,-19.820315809424255,-19.66516150845386,-21.735122949203458,-29.88437368051244,-19.714849345515916,-21.693072456580264,-44.90487563959654,-62.623163551933956,-20.150325224602664,-19.735363942582328,-19.868923072190068,-19.882267025784444,-20.157428117697023,-31.31209536871749,-19.9425342088666,-19.799238397801854,-19.665757980453083,-20.78451125541966,-23.383855954157344,-29.030616935781214,-63.35018562557999,-242.20825144920227,-99.99854988813503,-21.209787712302994,-29.135164921751866,-22.77421162332543,-20.64679141307835,-19.72128677521038,-19.668168094819706
-19.8079995216265,-19.95076160820689,-19.796298169021746,-21.87167625641284,-29.935683181013285,-19.844434236109283,-21.80995500182283,-44.86547075035068,-62.090721944210564,-20.27005827580816,-19.865567108386223,-19.99591853306289,-20.01077645054781,-20.27663567589662,-31.256925398301554,-20.069985427137542,-19.92979351338945,-19.79740159913718,-20.899961311924248,-23.464627282752705,-29.121404645557014,-62.63731964046873,-241.1099177302559,-98.99431417695604,-21.31426838549974,-29.180634808307037,-22.884927160485965,-20.761880235887404,-19.851022024033544,-19.799106321684167
-20.477279138777014,-20.61055996533269,-20.473613510514042,-22.42837400878144,-30.150735491047733,-20.516219609231417,-22.34809238141223,-44.76736008530009,-60.35379605132368,-20.912294516416345,-20.52592796093994,-20.651062877487856,-20.657940551049364,-20.895082628640914,-31.22799101386166,-20.698815979494956,-20.584342244452458,-20.467154966318265,-21.493842306658593,-23.896321491380245,-29.292399298018154,-60.73031402178086,-232.66951223801013,-95.92002937995335,-21.86712619779805,-29.264210959238316,-23.362657344633554,-21.364851347188438,-20.51967231545511,-20.475688331676512
-20.875337595964595,-21.001718605808435,-20.87771885112339,-22.74381927214811,-30.28826821613683,-20.917050729937735,-22.661052109316497,-44.79317580835844,-59.473473433323434,-21.29790080218674,-20.917592562480873,-21.04100550198808,-21.040613776227417,-21.26215740094679,-31.246226311353833,-21.067706117298627,-20.971535268844168,-20.864884243194155,-21.8470995284255,-24.15438909300345,-29.366707487372544,-59.82638933497671,-227.71554296679767,-94.45494359053427,-22.19645880291466,-29.304442850070238,-23.636598911360746,-21.724849308552972,-20.91800746343349,-20.87934193414027
-20.415993804249272,-20.549348625709918,-20.41208828406111,-22.364714455388782,-30.121203798068954,-20.455394920454903,-22.292784272965978,-44.774051608925184,-60.578971137439524,-20.855744042818245,-20.46481464804074,-20.59139328665931,-20.597620628412187,-20.838835220466308,-31.247374943373476,-20.638971029407834,-20.523061820531552,-20.4053991470987,-21.439202144175923,-23.856334335630525,-29.2482432525222,-61.03369870146631,-233.10135651018902,-96.35083063797067,-21.81731280458376,-29.240473280012836,-23.310043327082493,-21.310411002166536,-20.458779697817445,-20.41425724629096
-20.422521715844372,-20.5506175161911,-20.422354986526095,-22.293708040117245,-30.10524620901441,-20.466615188420988,-22.26171338790299,-44.86437763126444,-61.034165639050244,-20.87726307696988,-20.46731111164442,-20.599492822426665,-20.596548290105428,-20.846159390334627,-31.35958348038549,-20.629050619994764,-20.52073880003761,-20.409174145320566,-21.44307162953939,-23.86583582443067,-29.07717044182979,-61.88089849803855,-231.57158531452214,-97.44274877668845,-21.826269066567427,-29.140904303150247,-23.2589724991433,-21.321087728408173,-20.467613548815265,-20.42466035804858
-19.876932517356718,-20.019130847348677,-19.865783739734496,-21.935742345663865,-29.960475918943075,-19.913245816186716,-21.86826787134592,-44.84935132792731,-61.86467946228041,-20.33486989849258,-19.93391901623651,-20.06318993030669,-20.077992337007277,-20.340035331492267,-31.241870773525136,-20.135967415937767,-19.997900225972607,-19.866607921229427,-20.961018070713514,-23.508529960912924,-29.152564399648565,-62.35901512880808,-240.36971158902188,-98.57844787896362,-21.37042749515081,-29.19575867342229,-22.938306327560973,-20.823362399252343,-19.919700465094365,-19.868505010168597
-20.630364309157443,-20.763849496738512,-20.627070708417165,-22.59367946390536,-30.239072390095604,-20.667846346055878,-22.489611192060206,-44.76831955161764,-59.77591335471597,-21.052823051425793,-20.67897763290924,-20.799962775464373,-20.809126026685558,-21.03556799879206,-31.174669759601787,-20.84939037549608,-20.73807106704293,-20.62161002288842,-21.630603410037278,-23.99925884703129,-29.41673419631804,-59.93261577616438,-231.87554997152887,-94.80888342972007,-21.991395935270127,-29.330448049747382,-23.49841249501459,-21.500635689645446,-20.671638531883602,-20.628899806131162
-21.0149276684462,-21.138848943590162,-21.01956121618635,-22.85503472084175,-30.341061944048203,-21.057674172338974,-22.770989638296403,-44.819900410544676,-59.171712732703945,-21.433134185555648,-21.05490316011767,-21.177677643236784,-21.17462249373599,-21.3904951843508,-31.253425780063395,-21.19660532050483,-21.107265288830597,-21.004360914232407,-21.970917305302223,-24.244909519483187,-29.395043283821444,-59.512393639232094,-226.08628996239196,-93.965375054915,-22.311548028944287,-29.320536410247257,-23.73293034316543,-21.851014559387014,-21.057728149446476,-21.021013375379315
-21.0149276684462,-21.138848943590162,-21.01956121618635,-22.85503472084175,-30.341061944048203,-21.057674172338974,-22.770989638296403,-44.819900410544676,-59.171712732703945,-21.433134185555648,-21.05490316011767,-21.177677643236784,-21.17462249373599,-21.3904951843508,-31.253425780063395,-21.19660532050483,-21.107265288830597,-21.004360914232407,-21.970917305302223,-24.244909519483187,-29.395043283821444,-59.512393639232094,-226.08628996239196,-93.965375054915,-22.311548028944287,-29.320536410247257,-23.73293034316543,-21.851014559387014,-21.057728149446476,-21.021013375379315
-20.692797768293193,-20.817191505612893,-20.696140782910838,-22.52495962071873,-30.20141284283787,-20.737854567480202,-22.48119733536044,-44.86754547963743,-60.311499621281456,-21.13549476807722,-20.734011719113667,-20.86368366129003,-20.85763418905923,-21.09424935869715,-31.339847481631107,-20.882201536899856,-20.785316942802325,-20.67978687461717,-21.682486301545563,-24.037475550078156,-29.162517489086135,-61.04870757923221,-228.51357123045682,-96.19117728755621,-22.04742892397007,-29.186272422610227,-23.45544223513069,-21.56378519014183,-20.737614805427455,-20.698101957168582
-21.28804573712359,-21.41496836796189,-21.29146942137469,-23.18719769311644,-30.564118428065584,-21.325968780479236,-23.04512613085828,-44.876732619828196,-58.04909297910277,-21.678782123157355,-21.330385923666938,-21.44279097464062,-21.44822912790654,-21.642361690255832,-31.13578086352332,-21.473665922457897,-21.386111116795387,-21.281272947834697,-22.218167396693556,-24.444052621593165,-29.709023673110416,-57.84611188695412,-226.11878903124463,-91.6858666149559,-22.535200597369244,-29.49310154921829,-24.005455342429958,-22.093017367572816,-21.327824537533647,-21.292416752754686
-21.051013282418648,-21.183819902868827,-21.049741266861346,-23.0289764469901,-30.527669641027543,-21.085778033429346,-22.872124569482356,-44.890013013382685,-58.41001839536827,-21.444542112155577,-21.098895893877664,-21.20965028748325,-21.22270528138889,-21.422808171839264,-31.078108730788045,-21.25902021958092,-21.158400221471194,-21.045314624851184,-22.00732685763529,-24.296687385790214,-29.720789572598346,-58.09133840602062,-229.99703992663007,-92.24440464258205,-22.335690941241722,-29.490039856539155,-23.8592064277821,-21.876133969632974,-21.089910247688564,-21.050927022219856
-20.780670981795282,-20.922819287070567,-20.773292677714437,-22.897098160141674,-30.621454987976534,-20.81007418038392,-22.697128486502873,-45.12591775267971,-58.664418245292296,-21.171439838996832,-20.837403204633876,-20.941909052750855,-20.96791524417961,-21.168753398657106,-30.95347397999991,-21.018827626315602,-20.90247611007483,-20.777518556776432,-21.766038164500905,-24.146402061017607,-29.834208557112976,-58.015867784548924,-236.95337330752656,-92.67809639138244,-22.100908660680822,-29.52723349011599,-23.719558719893016,-21.624572412856583,-20.8177661510375,-20.774630385957558
-20.29072419332862,-20.430474881214142,-20.282424667729067,-22.335586197986583,-30.145731066906684,-20.32562220870914,-22.226686338808843,-44.80609774284976,-60.48540506189815,-20.722261511833665,-20.34510968324369,-20.466683457439814,-20.48262999451091,-20.72048611384038,-31.143701192847818,-20.534424118970243,-20.40828264391802,-20.282504461099588,-21.328469682233045,-23.77940047844077,-29.37647533536304,-60.60596968650847,-236.6804839603513,-96.02582935793764,-21.707444528613212,-29.30749532584986,-23.269997288834027,-21.19217182343244,-20.331663859482713,-20.284590159998633
-20.486624589594125,-20.61518546550009,-20.486286023176746,-22.36741110111591,-30.12697025095675,-20.529721716893864,-22.32283107148026,-44.82885154706411,-60.739049259024156,-20.934535312631027,-20.531544907315705,-20.661782937732546,-20.660454947225066,-20.90487325768965,-31.32646859586039,-20.693429374797837,-20.58573430916915,-20.47406664256105,-21.500479241533643,-23.90424302850426,-29.14080917048286,-61.46078867081359,-231.12783339213047,-96.84164517593847,-21.87818645457523,-29.177743450966844,-23.319883316027347,-21.377518028964094,-20.531039549623195,-20.488476384679622
-20.9998583323541,-21.11838510517004,-21.00867247943877,-22.767674284013882,-30.32304259147744,-21.04755585692116,-22.720606933097045,-44.955308802228934,-59.645813540801484,-21.433405407517952,-21.03582176000533,-21.16404016897482,-21.151492319249993,-21.37523808400196,-31.350794610181737,-21.163656394977746,-21.08322943754431,-20.986419355077004,-21.953509996807785,-24.234967478582544,-29.21484623625708,-60.36099077396453,-224.97278355649723,-95.1722473646197,-22.29811460714003,-29.21210156965212,-23.66270606324771,-21.840540319579333,-21.045145557035156,-21.010250115475365
-20.85217798352981,-20.982332951006843,-20.851835247053216,-22.77609420640814,-30.321209946481645,-20.890749167036457,-22.66781433370801,-44.77717981473626,-59.25895276733699,-21.26659433473029,-20.897661891933673,-21.017192292705406,-21.023184034116746,-21.24047360119911,-31.17932059286646,-21.056757989825606,-20.95471690165461,-20.84349841293721,-21.82806359017394,-24.144734118379226,-29.474548501612503,-59.373238280224896,-229.28377565269716,-93.9103774173811,-22.175432971869956,-29.36296263817032,-23.65672352679085,-21.701194826200847,-20.893388753657003,-20.853404359448668
-20.51852555269902,-20.64703755109344,-20.518310103170347,-22.400156247594445,-30.138840797969436,-20.561384702515998,-22.35139254472296,-44.81991457404846,-60.61957651970992,-20.96390692655786,-20.563315036602066,-20.692861390725664,-20.69184687070743,-20.934145238147597,-31.31626171190436,-20.724569132708098,-20.617612267627297,-20.50621063415986,-21.5289330648839,-23.924136415545746,-29.163381626444192,-61.300445034918795,-230.85737385132515,-96.60942734355046,-21.904168260754368,-29.190500444598754,-23.347201269328185,-21.40585957757825,-20.56273346842208,-20.52045077391324
-20.888107377028486,-21.018864744759366,-20.887489980140955,-22.823486120714122,-30.355002082591287,-20.925866298471167,-22.705459449803804,-44.78764022062127,-59.08963219331422,-21.298297125871343,-20.934095017782084,-21.051942183111475,-21.059434714155383,-21.273407253575083,-31.15776386681619,-21.093749747368957,-20.991739459186086,-20.880034994018974,-21.86049056976979,-24.1712868610398,-29.522951287549095,-59.114926618906765,-229.39621334474225,-93.56986399281526,-22.204341431948276,-29.388594434113166,-23.69465456516889,-21.732691279812187,-20.928835047885634,-20.888986938365495
-21.16445542047364,-21.29294254858043,-21.166357522604006,-23.08055923159564,-30.504890714291946,-21.20199296157685,-22.94289692638202,-44.84680566012443,-58.337634719199635,-21.560221786036955,-21.208263884513162,-21.321868989898956,-21.328633847376167,-21.52831210422061,-31.134065357088566,-21.357465480595113,-21.264868047755442,-21.15746925235062,-22.107700956267994,-24.360596967502747,-29.663247221476464,-58.17888303550407,-227.27117414365705,-92.19489007606599,-22.432614790449584,-29.466250563063344,-23.913170353052596,-21.981292496720858,-21.204365892641057,-21.167469356825467
-20.060448834672034,-20.19943691175935,-20.05181674242697,-22.077777396550314,-30.00956474363939,-20.097960256124097,-22.01097686278723,-44.81165421035354,-61.44102067871175,-20.512811957039958,-20.114505741228633,-20.24313999425513,-20.254712365378943,-20.510206390936506,-31.24789710191613,-20.306878558294134,-20.17635379482867,-20.049916676526458,-21.12377560607248,-23.62679184520527,-29.17560230074043,-61.94201554163493,-237.7296658799311,-97.84478476040697,-21.523048408249245,-29.2051102938398,-23.062190728643962,-20.989428401551177,-20.103291671985282,-20.05436446645824
-21.19378204767614,-21.314401232193,-21.20149907580791,-22.99644583774301,-30.411620240728812,-21.238001954169434,-22.91118584627924,-44.87049393108389,-58.798625684122484,-21.606688962084345,-21.2307164123443,-21.35275273733606,-21.34599209340207,-21.55457133884957,-31.265055580767275,-21.36099180123174,-21.28094519947524,-21.18301577132296,-22.129415058722323,-24.360706939440412,-29.429535878343483,-59.127618432855066,-224.05349371534797,-93.37844343046768,-22.458635902665208,-29.340602639211994,-23.85533765151736,-22.01264743229867,-21.236825709606837,-21.202723399787516
-21.415435875879602,-21.529680185603603,-21.428993526873302,-23.144814171284438,-30.499366834317232,-21.463522533895457,-23.070258428085893,-45.01673471114252,-58.49633455274821,-21.827034051796083,-21.44687843161812,-21.56986180392784,-21.5545527443116,-21.756075101838835,-31.312104798833936,-21.55623996167471,-21.49249524905003,-21.40333988207162,-22.323662874373692,-24.501671657999644,-29.40886667400362,-58.935619786476025,-221.21442123661575,-93.10569689349289,-22.638706975067254,-29.327634239369175,-23.984257179254108,-22.213498913473934,-21.459789953992097,-21.429943687002122
-20.43597141598225,-20.562950308949425,-20.43667422811468,-22.29229818029355,-30.112294102472795,-20.480961631099383,-22.26640782914417,-44.891257941420804,-61.083837111145854,-20.89290599032003,-20.479926786233655,-20.61288312312167,-20.608166933159055,-20.858599189296083,-31.378032473330656,-20.638648084452623,-20.532353710199168,-20.422145973694317,-21.45450875265206,-23.87643887711026,-29.051094882837067,-61.994081073953964,-231.23830467989885,-97.59374680756136,-21.837579281266965,-29.124382803870787,-23.258724594407234,-21.333930157093423,-20.481474844916075,-20.43898714449003
-20.50216265534917,-20.626174952426847,-20.50530621085074,-22.32173743437992,-30.145604275892765,-20.549256395046044,-22.30680246827498,-44.960965921336474,-61.0907978483598,-20.96221331690995,-20.543852402206802,-20.6780168748171,-20.66901247936739,-20.919282614249465,-31.413690308865462,-20.693871937101015,-20.59377094271748,-20.48734201208804,-21.511863358032006,-23.923556902721526,-29.00660734390014,-62.12054875428545,-230.17002874142096,-97.76014600499094,-21.891826677443984,-29.09377240869973,-23.284858897595804,-21.394846901970844,-20.548538306486126,-20.50758515068967
-20.378827848785217,-20.514749325992177,-20.373135761886164,-22.366068215705283,-30.13176649400797,-20.416282096632887,-22.277974217514735,-44.77253734969862,-60.49124111705356,-20.814200263179735,-20.429832383650822,-20.554170366648357,-20.564472830649283,-20.803596569340517,-31.202297891560832,-20.610066605966466,-20.490156478417735,-20.369295629372157,-21.406615361039062,-23.833223998313112,-29.308695600470823,-60.796159486098475,-234.36022845284353,-96.11128377077611,-21.784287914920967,-29.273189633533647,-23.3054106271503,-21.274737321990536,-20.420765315335583,-20.375285980353127
-20.4882847936075,-20.62191584043512,-20.484423114767413,-22.445521808931932,-30.16050698909376,-20.526822495477358,-22.360737684006338,-44.76576425262222,-60.28217722427149,-20.921431458080903,-20.537206471418564,-20.661633647987703,-20.66927164130332,-20.905047184133515,-31.216603612843905,-20.710638353699476,-20.595961252354787,-20.478438113203325,-21.503752270069537,-23.90382643682878,-29.312832286974125,-60.616820858051504,-232.73860191252987,-95.77240450805633,-21.875706685679678,-29.275201573316124,-23.37603136265546,-21.374265247939633,-20.530451834534023,-20.486470543689272
-21.030855121079345,-21.151222906198498,-21.038281564269635,-22.823325158756006,-30.333481624872668,-21.07664610877463,-22.760853227309223,-44.89182552554633,-59.38951411395962,-21.4570705617147,-21.06803216578533,-21.19397489460079,-21.18492803486603,-21.404392622947153,-31.3112269427367,-21.200362558374373,-21.117287897576947,-21.018604692853966,-21.98278283177552,-24.2536260717481,-29.295070297229223,-59.94549014493808,-225.06765639828913,-94.56242694529047,-22.324329999788155,-29.261428619019966,-23.709265763878715,-21.86727513023386,-21.075109130614866,-21.039776307917375
-20.50070719860156,-20.635408978411775,-20.496194447885983,-22.47570894562414,-30.181942924643266,-20.538202759038384,-22.380133620362326,-44.76729285616905,-60.144352552392945,-20.929882831938965,-20.55051596764665,-20.67327829965881,-20.682971100479804,-20.915999005617262,-31.188924421876273,-20.72593575866379,-20.6102124433501,-20.49153110914588,-21.515081973828075,-23.91330511443681,-29.35929603067597,-60.37993399575315,-233.11819096930358,-95.48060372467344,-21.88461574211939,-29.299808154759898,-23.39839405465374,-21.38418674597668,-20.54233500440408,-20.49819118616324
-20.82289400085554,-20.948038213148713,-20.826033044567687,-22.67116464465928,-30.255102013559863,-20.86615541184208,-22.6044243004035,-44.81776715949128,-59.762787880411274,-21.252916785374182,-20.86428319785859,-20.9902572199779,-20.987070191225325,-21.213878069956262,-31.284903723858577,-21.012284995810127,-20.916901413433884,-20.811361964771827,-21.799413628397918,-24.119391318032246,-29.28601562915646,-60.271699497092236,-227.6938322345315,-95.07334353103823,-22.153811741165075,-29.258297876313595,-23.577382558424205,-21.67901193940593,-20.86646417782071,-20.827768031033944
-20.475501539591047,-20.61166831953544,-20.46998723814953,-22.47266950374314,-30.19119155744799,-20.511938513110575,-22.368225767444347,-44.77652028000409,-60.1127048594318,-20.902601834779077,-20.526600752051046,-20.648111925477664,-20.66008004546818,-20.892156668660242,-31.16453401978236,-20.70543268492548,-20.587416584529905,-20.466893631606574,-21.49285141365965,-23.898603394452905,-29.390982325173304,-60.26885135271108,-233.9316630077794,-95.38724846872411,-21.8623444275882,-29.31601014318425,-23.39217655161778,-21.360232682460875,-20.516685998866222,-20.471979555565035
-20.439797749383285,-20.576865652671977,-20.43361012404467,-22.44951327300636,-30.185812516793646,-20.475755332976657,-22.342449767931654,-44.78319972426474,-60.166935335571175,-20.867188111452975,-20.491714931345175,-20.612965802777033,-20.626075739733984,-20.858902822987883,-31.15583927220911,-20.673000549211345,-20.55315315661759,-20.431374182860953,-21.46112323585679,-23.875951176438228,-29.39524365711125,-60.30049282539911,-234.55559404769326,-95.47188882617428,-21.832167434731776,-29.317902431152334,-23.3707662150289,-21.327535613819027,-20.480847044790313,-20.435630371446425
-20.508260439171323,-20.644457669692343,-20.502844013036867,-22.50795445869572,-30.211982126503397,-20.54440398632273,-22.39847073127216,-44.78030117810256,-59.99160150965353,-20.932757806879547,-20.559356492317242,-20.679968896564294,-20.692403480992628,-20.922210538538057,-31.153430662433777,-20.737586902421445,-20.620283984004168,-20.49993578982394,-21.52208834847105,-23.921077215568026,-29.41710225762415,-60.10227813354215,-233.78146405145844,-95.15768966404657,-21.88889253645409,-29.329507452458657,-23.421021474267487,-21.38928603110972,-20.549216250900574,-20.504784524682094
-20.71367441332202,-20.833141364717857,-20.72096358471013,-22.483750616533356,-30.232207856470875,-20.762991298752038,-22.468528032962087,-45.03418067790522,-60.653424772736216,-21.168587327345474,-20.751493005404072,-20.884873103864045,-20.87067086348186,-21.11250545311426,-31.423977791970344,-20.886108651589595,-20.798219993979377,-20.698309016080337,-21.697710551198444,-24.060320680728825,-29.02602137246593,-61.69547857376425,-227.6408152776995,-97.14161607420782,-22.063541257675062,-29.098230419492438,-23.4217780323597,-21.585382204110587,-20.760575805645914,-20.72299421168619
-20.616843522467445,-20.758552028298993,-20.60887287312602,-22.715757939908713,-30.447773752153218,-20.647696460747444,-22.541956873684615,-44.98299942375408,-59.2056699214438,-21.019568370989017,-20.67298957134296,-20.782816834809545,-20.80617762182517,-21.018427255175975,-31.00203525486935,-20.85805362653996,-20.737889698781213,-20.612215499302643,-21.61939447253892,-24.019663218733637,-29.693626907721914,-58.77151061911909,-236.79074871009942,-93.65132461797953,-21.968373012226035,-29.46099865907115,-23.573145120427547,-21.479288711051083,-20.655017273984146,-20.610475997875916
-20.532319851823388,-20.67605656766267,-20.523005216288368,-22.660499685548807,-30.44825031827147,-20.56223889178001,-22.480214355461502,-45.030586642201754,-59.34384487111111,-20.93615407238346,-20.590329415155743,-20.699497635179068,-20.725307318415684,-20.939148640286604,-30.98064152706783,-20.780369002899697,-20.656418423570102,-20.528049156055847,-21.543742651358066,-23.967606067880798,-29.700470346895692,-58.8631715548363,-238.42870176812994,-93.90878398175747,-21.89590650767854,-29.460681751075498,-23.520622400750916,-21.401521200119234,-20.570274765183,-20.524672368378887
-19.754744696520135,-19.894363240002114,-19.744819254607986,-21.76289337032233,-29.897173007066108,-19.794503112228266,-21.73898745943543,-44.909869415108965,-62.65074341856651,-20.23185586496776,-19.810026362236396,-19.945690744457252,-19.954177531572686,-20.230742837612866,-31.365952884738064,-20.00906437853908,-19.87113552513786,-19.74194214288227,-20.853028559316602,-23.438453717166457,-28.969379284561782,-63.552438468529424,-240.44099482887256,-100.14153718653594,-21.277207654163398,-29.098341853326623,-22.804569627154812,-20.71935064523543,-19.799575225745592,-19.747827351929452
-20.498089134139565,-20.625854382373376,-20.49836710485528,-22.368124079724517,-30.130727011535043,-20.541806479325956,-22.327763857595126,-44.84402966850323,-60.76623524338699,-20.9473729494972,-20.542388437095443,-20.673172989431254,-20.670598156641084,-20.915485646033495,-31.33901967629045,-20.70213531495817,-20.595886491966105,-20.485206366909647,-21.510335871101343,-23.91249023062456,-29.123432593159528,-61.53087921771389,-230.84823972169883,-96.93024440110307,-21.887852363566502,-29.16703448390096,-23.321339021322775,-21.38835219353852,-20.542780876805185,-20.500559846480375
-21.31482523936802,-21.4357188407934,-21.3227165445948,-23.126834737808206,-30.481795377850514,-21.357820228083373,-23.024165036714212,-44.87420835695617,-58.37105630426987,-21.717971774988357,-21.351751069157704,-21.470674567899735,-21.465764670174817,-21.666268926725902,-31.232580927050293,-21.48056838256997,-21.402718648251863,-21.30520480673158,-22.238573519873455,-24.443492196657694,-29.533451789434768,-58.529627489250785,-223.47990896962114,-92.52329696944325,-22.558572958678827,-29.400801691019026,-23.965048709709237,-22.120769054573504,-21.35695467032405,-21.32373783533629
-20.718602960641288,-20.855333563449353,-20.713679513146932,-22.74022438633621,-30.371820469758568,-20.752647441018844,-22.59605063178064,-44.846234475610494,-59.219464942303986,-21.126131286304773,-20.77010122736872,-20.8843632274315,-20.900329798703563,-21.115187203962623,-31.080740881153304,-20.944808112001024,-20.831851982130093,-20.71225056141294,-21.71014332014834,-24.071007165615217,-29.59747117336297,-59.023243032658016,-233.2376425265213,-93.70141966916307,-22.059227183692368,-29.421171132466014,-23.60991529636552,-21.57572807845653,-20.758008998714807,-20.715277718210235
-20.9874803730817,-21.11158639924405,-20.99189066074136,-22.828885720452654,-30.32826153429799,-21.030289489767842,-22.74721663861321,-44.818214966458754,-59.25402156456326,-21.407327247632463,-21.027662648424574,-21.150885845227037,-21.14783243696011,-21.36524385618434,-31.25742946685479,-21.170298144271307,-21.08007197485986,-20.97678080363975,-21.94639146999862,-24.226814037208616,-29.379669688163226,-59.61778054130063,-226.3103088961095,-94.119008911743,-22.288976636087654,-29.311738967205798,-23.710772825812064,-21.826406215908385,-21.030384781807566,-20.993383266874584
-21.152442019793124,-21.278266636089246,-21.156132188798004,-23.027241035158678,-30.444551746350434,-21.192385303109692,-22.911256644308096,-44.820927027481815,-58.56187358035561,-21.555515596610814,-21.19383092887419,-21.31109942925112,-21.313007681191724,-21.517347860957127,-31.185066892377257,-21.337498616171366,-21.248312957193843,-21.143991270423474,-22.095581202010344,-24.34288821033322,-29.564863888469077,-58.59867872361522,-226.06874906195375,-92.7042928543702,-22.424149057780046,-29.415385429721447,-23.874237927087496,-21.972556452597303,-21.193526226165545,-21.157322795771538
-20.254447118553394,-20.38585410402151,-20.25143103051384,-22.164930523333297,-30.048079809783992,-20.297045655142426,-22.13245855087932,-44.84943685658978,-61.39652584449027,-20.71362353479686,-20.30218035597446,-20.434872968419302,-20.435573279560064,-20.69149292024496,-31.351453518653095,-20.474602868276996,-20.357912241961774,-20.24144191331607,-21.294710031001266,-23.75727510172133,-29.060099925839125,-62.23154407720702,-233.78300594067207,-98.00888321306365,-21.688123724037432,-29.13543768650168,-23.148297366257825,-21.169293955073787,-20.29926636740622,-20.25391313588616
-20.866165346537223,-20.997391286632915,-20.86516254773826,-22.80762329195101,-30.349229737128883,-20.903694966990006,-22.688874147661593,-44.78721519538115,-59.12920574924336,-21.27678540927018,-20.912587052673036,-21.030397231185646,-21.038453688325966,-21.25310140576598,-31.154268173374767,-21.073656084640945,-20.970541274859734,-20.858157127413552,-21.840986112352923,-24.15721943395719,-29.521812524794246,-59.14863000991246,-229.71306885074915,-93.63329484387552,-22.18599301643391,-29.38761243070488,-23.680434008470137,-21.71271117489199,-20.9068408227798,-20.866682130300752
-20.169673871731742,-20.305806981810623,-20.163188824510694,-22.147639292932592,-30.032730769888893,-20.20875674824687,-22.08916403442035,-44.80167641447137,-61.2812343340456,-20.6215710121612,-20.221227371896475,-20.35062337172476,-20.358572490402345,-20.611890589972923,-31.274385365245834,-20.40573569919018,-20.28096476609891,-20.158509677239696,-21.220509951505193,-23.697826206318652,-29.15765566190057,-61.86093962394567,-235.85801031139164,-97.61622994731843,-21.614973680753113,-29.193605489436756,-23.125911017328253,-21.08933420487428,-20.21298558205932,-20.16565972140492
-20.06786153021573,-20.209568717306972,-20.057645119439428,-22.131167082637624,-30.050815320842553,-20.102947685987733,-22.038206373901303,-44.82461247459243,-61.15327823357232,-20.51146898508131,-20.124154866134205,-20.24901087700061,-20.265511855787413,-20.514922585736507,-31.177053470837834,-20.321555611029666,-20.188314570278116,-20.058860971838186,-21.130310490602252,-23.63233281461949,-29.278016817220717,-61.417866242014185,-238.89910220934092,-97.2486383692458,-21.52445567878028,-29.25818584043652,-23.097982561415325,-20.992481178410593,-20.10949825747111,-20.06008807946029
-20.164023828271553,-20.305771523066362,-20.154135218343256,-22.234410892405997,-30.10811302346992,-20.198279111759362,-22.126277913785717,-44.82833242486343,-60.783171589384295,-20.599867563815174,-20.22025172470918,-20.342472362931343,-20.360303467354527,-20.602902347225942,-31.1403777911728,-20.415745902022696,-20.28467855954804,-20.155831300347522,-21.215718690906655,-23.696926015190506,-29.351816760578842,-60.91319480535921,-238.38843254616668,-96.55617271610618,-21.601773211678463,-29.29474060445724,-23.181574077571423,-21.077452630954088,-20.20499608706261,-20.15642896392798
-20.92447113205934,-21.049383769926976,-20.928085617898944,-22.774279497168905,-30.30204914499146,-20.96708457310086,-22.695403620896585,-44.80982953583599,-59.41447860035056,-21.347098100155485,-20.96543715905414,-21.089282430477287,-21.08689870134411,-21.307318140909594,-31.259950332622175,-21.111145734292204,-21.018291815217896,-20.91366445143048,-21.890338825714718,-24.185727601360025,-29.356882805089235,-59.805211152238996,-226.94801817317907,-94.39948287108791,-22.23712785945133,-29.298776984626116,-23.664027671132274,-21.769679014102028,-20.96744883171326,-20.92966253830551
-20.857326872748786,-20.97642225547715,-20.865291531835606,-22.627393182864484,-30.27348143088514,-20.905728629954957,-22.595461635749295,-44.98389715605327,-60.13125463300125,-21.301080165901435,-20.894252477506413,-21.024983649107725,-21.01179358450726,-21.244345904453684,-31.383673608297,-21.02578232083233,-20.941431545850474,-20.842981497487187,-21.8260962443973,-24.14658756070203,-29.12333776004641,-61.00085702070187,-226.26147843755143,-96.11369850839472,-22.18118745491683,-29.157153613305496,-23.543620081825463,-21.713297068095628,-20.903362088884055,-20.867093097242638
-20.80919687663281,-20.92931589046614,-20.816208151401185,-22.59031660547595,-30.25334035521228,-20.857095508513677,-22.558520896734983,-44.96473486000927,-60.229407050524046,-21.254155220232626,-20.847005616283504,-20.97791802474263,-20.965912007115037,-21.200421980398517,-31.380985791643447,-20.982061960781703,-20.89489059047513,-20.794966022980585,-21.783759916548085,-24.115553568645876,-29.11786454297272,-61.09766829361905,-226.81703878068177,-96.25255539903814,-22.142101943040995,-29.155078254338413,-23.51217101507441,-21.66993029706256,-20.855113145014595,-20.81806944924239
-20.185703537186594,-20.332430703893426,-20.173423332181706,-22.34359536601638,-30.259630123925426,-20.215834388557195,-22.185136090564814,-44.98917079146844,-60.295131668069445,-20.60670099425368,-20.24634442813739,-20.360791806536646,-20.387515665311792,-20.618310081873616,-31.013780866489967,-20.44909551641689,-20.31423255887631,-20.180260120278078,-21.234291585855118,-23.72744983190319,-29.54588023859023,-60.00515893870204,-241.4036036999214,-95.64334732760275,-21.609272372059326,-29.384182562842692,-23.25225435197471,-21.089841944915598,-20.224652112839056,-20.17551341631085
-19.863183031700853,-20.013251092756587,-19.84797890455875,-22.058568986388003,-30.119857115733566,-19.893163354133453,-21.91623820099091,-45.01598101700942,-61.18678914163496,-20.29938398597589,-19.926840108184294,-20.04538633931097,-20.073770155282894,-20.319473111688836,-31.04296430091342,-20.141898319375798,-19.996724620749696,-19.856927197421303,-20.947064369593626,-23.510438438595347,-29.42697776211956,-61.04008974656154,-244.83561348626168,-97.27582637297888,-21.342368489029855,-29.327318286482114,-23.009769451183423,-20.799712143343807,-19.902918043813326,-19.850432550345616
-19.819814534370177,-19.9721160163438,-19.803487660657435,-22.05195045645107,-30.160065516526526,-19.84846210312365,-21.894058143963452,-45.099999174470284,-61.16299041638779,-20.25345027271781,-19.885433204133918,-20.001884515726136,-20.033487721762466,-20.277210827491917,-31.00263693962563,-20.104432563308276,-19.95667480178309,-19.814351392399598,-20.907840589501216,-23.48786509869098,-29.47542870672921,-60.89406025265098,-246.56683320499957,-97.25335601921408,-21.302104184410297,-29.347588718530794,-22.99535326885207,-20.757955299938992,-19.85903166670141,-19.805923579192292
-20.69857484772156,-20.83543545083286,-20.69349623417118,-22.721096224663622,-30.359971720333547,-20.732665148927563,-22.57861311195897,-44.84196204653303,-59.27716905229636,-21.10722011286928,-20.75019284371114,-20.864814987134775,-20.880766449634585,-21.09670358788965,-31.083394602111774,-20.925577504079012,-20.8120053628288,-20.692129446818257,-21.692240846827474,-24.057071361033938,-29.58654739104478,-59.09606948598168,-233.3780274070822,-93.80728918573207,-22.04273139763178,-29.41548950665029,-23.593830698597714,-21.557757451549655,-20.738054150741025,-20.695121712597203
-20.678850903185783,-20.80179484370376,-20.683279791794405,-22.491236251703057,-30.200378237110108,-20.72534010129692,-22.459046806938748,-44.91746618616808,-60.48979766830267,-21.126832240600528,-20.719096402904604,-20.85039349786158,-20.84168156062501,-21.08128090837008,-31.37203575944598,-20.86370182466673,-20.768959741728914,-20.664971172391834,-21.66908131110152,-24.031267241462505,-29.106265105303674,-61.34675320644107,-228.3764912263465,-96.61907651619825,-22.035994715278925,-29.151555624787772,-23.427857547029383,-21.55236181196366,-20.724423297624778,-20.68529568924495
-20.42553882298509,-20.550510809248284,-20.427748146764948,-22.254666647054812,-30.12055355587487,-20.472454394435413,-22.24405822524198,-44.96567676606642,-61.312039379741776,-20.8894431941794,-20.46818926704992,-20.60317576362828,-20.594875733452316,-20.8491014232268,-31.423297908832936,-20.6218476954489,-20.518607988203737,-20.410567122185153,-21.444074565142852,-23.876031257235987,-28.97936735485681,-62.38287567866671,-231.04138850417553,-98.14960166969644,-21.829431573383435,-29.079169515377846,-23.22823617550378,-21.326264320952717,-20.472042938137463,-20.430128678206025
-20.860992189741427,-20.981085957655672,-20.868162303675483,-22.643585669883336,-30.269804364251765,-20.908467346616813,-22.605107692638335,-44.94608494638506,-60.03552355788601,-21.301705351817635,-20.89857302295641,-21.028418565774484,-21.01696346763738,-21.2480232992102,-31.365230984113364,-21.03279441960504,-20.94671275117386,-20.84718299352636,-21.83016106429827,-24.147147854266702,-29.15644527051088,-60.83527747674985,-226.3614458726737,-95.86577842498217,-22.184599718521923,-29.17834221375668,-23.557284358595982,-21.716035329887724,-20.906551614026544,-20.869939370687586
-20.85943100465352,-20.97934867077717,-20.866738167456425,-22.63975963892026,-30.270023207093033,-20.907077560044563,-22.602570146201415,-44.95284780589811,-60.05583359308881,-21.30075550778222,-20.896898235364745,-21.026922580920605,-21.015150136060026,-21.246536562191245,-31.36878321098165,-21.030661848404023,-20.944864073542046,-20.845519360122957,-21.82862660112599,-24.146460670837246,-29.1498824930946,-60.869207186697764,-226.3497509898479,-95.91616294329125,-22.183254243531938,-29.174193822496832,-23.554068979837623,-21.714739953039626,-20.905080741735492,-20.868521094151756
-21.028980543641634,-21.1500102146005,-21.035879573267728,-22.83009995648296,-30.33378050058872,-21.074194931326826,-22.763628531388974,-44.875146200028624,-59.34493495254263,-21.453614677465943,-21.066658495236513,-21.192024387738066,-21.18409838620375,-21.402855051624318,-31.300433156636068,-21.20076524668737,-21.116505873285163,-21.017050804711122,-21.98158775618778,-24.252427128965383,-29.314212372164697,-59.86015517480455,-225.22575041915374,-94.44061224655938,-22.32294932995156,-29.27304148003877,-23.714601953370043,-21.86525201564196,-21.072954573378773,-21.037365304051207
-21.483925823955037,-21.601524340391528,-21.49495786845132,-23.258870269726188,-30.551470433084017,-21.528490895985033,-23.155977521083784,-44.94196757153588,-58.04096176438792,-21.88245127378399,-21.517813241926646,-21.636193532942706,-21.627406505825054,-21.821068151663702,-31.24856212654544,-21.635112324489683,-21.566668021886667,-21.474061028538976,-22.388437523915943,-24.55284470336175,-29.56448627110817,-58.1948244812637,-221.62547393737879,-92.02224652797837,-22.697517029512905,-29.420430904203908,-24.07985393152136,-22.2737046914464,-21.52637436283055,-21.495750439221297
-20.435806788116665,-20.56951882813461,-20.431725050143616,-22.391255889269992,-30.134419918976302,-20.47472002540209,-22.313464935174032,-44.769672175088985,-60.47193137348828,-20.872923810418047,-20.48488269067763,-20.610533211655582,-20.617647063320078,-20.856866800423738,-31.23254281165194,-20.659452922436845,-20.54351772859689,-20.42556792300327,-21.456959731550622,-23.8693243549101,-29.27558672801029,-60.871715069842686,-233.1025528903552,-96.13409366844655,-21.833023413302335,-29.255288483585936,-23.331167687912743,-21.32761813916713,-20.478299768425746,-20.433852423725707
-20.873110887992205,-21.003315932541035,-20.87280695627211,-22.799001448951213,-30.335294271413495,-20.91146915867052,-22.68743194393284,-44.780696574779995,-59.18280221593034,-21.28582879676733,-20.918619304037996,-21.037553884629606,-21.04388770355373,-21.259725379706293,-31.172663350924218,-21.07741140156999,-20.975778818589657,-20.864628929851552,-21.84684350216382,-24.15935887062777,-29.492524856198592,-59.26672157334179,-229.20761757790433,-93.76299415421133,-22.192517232702723,-29.372640498527105,-23.67560514393756,-21.719808103555444,-20.914164505757146,-20.87434167014
-20.77190435966908,-20.89958654238058,-20.773025516108707,-22.654133466362953,-30.24638517297815,-20.813324545499125,-22.57597954672896,-44.78480290450321,-59.74084306855434,-21.19907232798521,-20.815422766307318,-20.93986803335081,-20.94051732803734,-21.166969652313906,-31.251147515507512,-20.970435241733462,-20.87008794349054,-20.761270838829283,-21.755090320686183,-24.086941063727835,-29.329690481274298,-60.13788931075675,-228.79050209440925,-94.92563604200564,-22.111280661945948,-29.283757612443328,-23.559865621875836,-21.631736286769232,-20.814709501513093,-20.77478314419238
-20.666708362044847,-20.798935744312924,-20.66435613211216,-22.612265596091785,-30.240974177804404,-20.704986648078478,-22.51337281881733,-44.765341933329466,-59.748332041221616,-21.089760559286592,-20.714193734833568,-20.835844993660423,-20.843232397026252,-21.069397004399917,-31.190268618175555,-20.88128880607407,-20.77236703350485,-20.65759092949614,-21.66274553926798,-24.02176002644894,-29.40154456794844,-59.95149418268055,-231.12697199599032,-94.78928023712584,-22.022255520153198,-29.32279165072317,-23.516652458311327,-21.53418316826947,-20.70826961093613,-20.666163120037407
-21.32114817695957,-21.447787616931446,-21.324891485820757,-23.217890089704273,-30.583578204471962,-21.359058835342914,-23.073611417337805,-44.887994868031896,-57.963766447708295,-21.71022628429742,-21.363224283670775,-21.475127535283683,-21.48044844098354,-21.672895212722153,-31.13400963850009,-21.50519059194065,-21.41881721278362,-21.314503261964735,-22.24783408229584,-24.46705602426526,-29.72601998967366,-57.73981942719773,-225.88824864461867,-91.53069921924747,-22.562603093123844,-29.50272084234271,-24.031659870892284,-22.122845537331262,-21.36083769194607,-21.325791084401818
-20.39337051665418,-20.5196943429291,-20.39446253625923,-22.23904927366414,-30.103841422569516,-20.439345997925045,-22.223790494292064,-44.9336115666658,-61.31654966444198,-20.856005551137304,-20.43704773765387,-20.57154840123078,-20.565170059834088,-20.819606547921193,-31.40783619914626,-20.594711256630777,-20.48860604753278,-20.378835739106016,-21.41616448390291,-23.85307117735947,-28.998137914668945,-62.33570677281643,-231.53586188950186,-98.08766517127088,-21.803107705358407,-29.092500043350235,-23.214596763011283,-21.296731105124053,-20.43949118463043,-20.396861236768096
-20.794434237028753,-20.924896759556386,-20.793687875762707,-22.719824557589497,-30.29054056374711,-20.833206916796723,-22.617135065393928,-44.77116950492305,-59.43651982819457,-21.21241298494286,-20.840247381398125,-20.960858693386474,-20.96669249641683,-21.187289485986764,-31.18922315322638,-21.001123715130376,-20.897371925842037,-20.785441158247394,-21.776450335144965,-24.105659733237786,-29.44015316594069,-59.602981924366404,-229.7027306453304,-94.24211413219592,-22.1279927567558,-29.344205618297636,-23.609437338352272,-21.649482100215646,-20.83589438441784,-20.795340447418283
-21.066879726743718,-21.197557645445016,-21.06698231633112,-23.0116200174293,-30.482297724787216,-21.103304604220522,-22.869841533539272,-44.844491053360144,-58.502386417039745,-21.464328839769617,-21.112740834120554,-21.226008546002205,-21.235498204500267,-21.43803096051879,-31.115220161821078,-21.268476811576708,-21.17075851069954,-21.060221403607102,-22.02088915937475,-24.298700707608152,-29.660385395535556,-58.31178803361682,-228.72048898574525,-92.45628720822484,-22.350819450631786,-29.4617689483698,-23.8506433492221,-21.8922728523572,-21.106514276337847,-21.06819752305688
-19.76658592411363,-19.908614168924213,-19.755190503275944,-21.81507491666201,-29.911815450706694,-19.80404884480091,-21.76703410449713,-44.87879195270739,-62.34064198442947,-20.234620729825632,-19.823661555505257,-19.956052271467957,-19.969020577459034,-20.239532196375333,-31.295347334661468,-20.02743132909994,-19.887075242987503,-19.755229178661352,-20.86341574986879,-23.439881309880242,-29.064117309913264,-63.013100443310805,-241.1385785300216,-99.483161669406,-21.28257512705148,-29.150922022065593,-22.841188964307175,-20.726474943783817,-19.81023571881745,-19.75809077753101
-20.379826393107052,-20.51493311188373,-20.374656694438837,-22.35404556088585,-30.121750273153,-20.41798675630462,-22.27278001598827,-44.771602585266564,-60.55974403282589,-20.817449069307614,-20.43014848407965,-20.55549144866652,-20.564361439252313,-20.804915954985603,-31.220525621869534,-20.608692900553223,-20.489784697247394,-20.36986741908571,-21.407362375552374,-23.83328261832581,-29.281129524869108,-60.92733116303212,-234.01253156823756,-96.26287045618976,-21.78609230607057,-29.258567044009734,-23.297485317855475,-21.276511205388392,-20.42210485202432,-20.376830186284945
-20.66759987407801,-20.79665891738352,-20.667420650402125,-22.564761830313007,-30.205941473882458,-20.708674213903173,-22.490772504095876,-44.7795548045623,-60.00839528291653,-21.099258742011234,-20.7124443505263,-20.83785487800196,-20.839652270466928,-21.07094519799221,-31.255549912847822,-20.872497961022052,-20.767899805616533,-20.656821750820257,-21.66238177371055,-24.019169610340644,-29.295216726976612,-60.44493585389144,-229.92289339407114,-95.39426190507513,-22.025374996356838,-29.26480305637103,-23.483354676162257,-21.5378174050264,-20.710518283037004,-20.669309943886226
-20.784036804015653,-20.912753254410507,-20.784459455935053,-22.682249015174655,-30.262295291639674,-20.824434647021313,-22.594599329994264,-44.77478469683349,-59.61287336913064,-21.207460472425232,-20.828382034321052,-20.95135121911756,-20.9539713903754,-21.178024164211653,-31.227118390577438,-20.985576009034272,-20.883996121727,-20.774044913630934,-21.766430967703972,-24.09591561649588,-29.37339614188118,-59.919421821046036,-229.0720422945584,-94.63891748165565,-22.120671056388133,-29.30811578064052,-23.581593243734346,-21.641707983854207,-20.826311053683995,-20.78617252982771
-20.1822702463902,-20.324594827341787,-20.172137767631913,-22.263728556651305,-30.132221834914677,-20.21589960306227,-22.147430395147694,-44.84204199741836,-60.66486559121724,-20.61508740783974,-20.238985996233833,-20.35990788548274,-20.3789873920148,-20.619142956623712,-31.11992433987399,-20.435081184746487,-20.303886383638368,-20.174529985621128,-21.231894798346545,-23.710564407726405,-29.38617061996522,-60.724058758927775,-238.61581854075501,-96.33000975918418,-21.615417034697046,-29.31145850421779,-23.203480997643247,-21.092841798663958,-20.222892096731318,-20.17438399363024
-20.711671888632306,-20.839984467914917,-20.712157771673954,-22.600077961346333,-30.221623055500963,-20.75303864419857,-22.52557406646867,-44.78324914973213,-59.90870600054279,-21.141884121853433,-20.755823491042545,-20.881011463220286,-20.882035614540335,-21.11154123668335,-31.256912369914886,-20.91336803180206,-20.810798613516383,-20.70086801556209,-21.701474010058988,-24.047711434774584,-29.30423009907699,-60.340578056278346,-229.3877292019025,-95.22844445657825,-22.061755757203333,-29.269637602666137,-23.513892386250507,-21.577632117150475,-20.754613855672456,-20.7139958320799
-20.94887779784826,-21.075504015823046,-20.951313352726263,-22.824718886590713,-30.330541041187402,-20.989763695185673,-22.730145840673742,-44.79099337738363,-59.194780521355504,-21.36513163065041,-20.991206870244927,-21.11256510252671,-21.113483993377685,-21.329841058840355,-31.221333729912857,-21.14057659741055,-21.04564733202393,-20.939160613419894,-21.913178571583313,-24.204091660974473,-29.43183320489341,-59.43483085696148,-227.3716882805707,-93.9028159058961,-22.25665569268795,-29.340948366048902,-23.703772491886866,-21.790234430624757,-20.990949462243062,-20.95281324651134
-20.70186933944645,-20.82878501910312,-20.703341139984136,-22.569503431683703,-30.208985499195606,-20.744572800703025,-22.506715911407188,-44.80619874537704,-60.06239401486684,-21.136739514486088,-20.744941374912134,-20.87188189329368,-20.87033291589345,-21.102635528238828,-31.287796099088908,-20.899312547239695,-20.798619866815496,-20.690251096843905,-21.692023783104677,-24.041253958773932,-29.250730914682308,-60.60836628173345,-229.03935669431903,-95.58500240401496,-22.054339026528694,-29.238962688493224,-23.490322510500512,-21.570015945632438,-20.74549471389195,-20.705228967642235
-20.546347653850056,-20.679528352095407,-20.542969802091694,-22.499883978493873,-30.186066085546084,-20.584792079938925,-22.410410605482117,-44.76404492129842,-60.10595549010814,-20.976161862571985,-20.594804163744957,-20.718320306287286,-20.72589354458335,-20.958515445357524,-31.207441793940998,-20.766198304867547,-20.65337720049622,-20.536742011320147,-21.555464916083224,-23.9420149529766,-29.341764654209925,-60.39691833857504,-232.20587159628502,-95.44748295920608,-21.92335116806276,-29.29065029595847,-23.421815062829616,-21.426273438362696,-20.588312271305625,-20.544939125394556
-21.130027008005918,-21.254423752653114,-21.13467437957147,-22.982633441892904,-30.410275400423206,-21.171408832498734,-22.879950436648677,-44.820352676490444,-58.73973354523511,-21.53829392511951,-21.170198735297458,-21.28969438128189,-21.288819456556052,-21.496588192962744,-31.215799841995338,-21.310976932363232,-21.223421778674798,-21.120658336154992,-22.07461163876269,-24.323724450386614,-29.500391628043307,-58.90097723960049,-225.61063427325823,-93.10126042984552,-22.406120980361543,-29.380262199991407,-23.839274583271134,-21.953487502123707,-21.171860789767834,-21.135930985635216
-20.405429419885536,-20.53940680708914,-20.40107736944469,-22.36327679766809,-30.122103447567163,-20.444368398693967,-22.28774018151156,-44.77198044167709,-60.5634499495399,-20.844237720724895,-20.454777115058384,-20.580867238695664,-20.588062826049473,-20.828897369195843,-31.237124350541205,-20.63046804034762,-20.513529758098958,-20.39507954552832,-21.429939654847495,-23.849574850521027,-29.2615880970507,-60.98427386969472,-233.40326898941262,-96.30196818893197,-21.8081066626229,-29.247866014442074,-23.307571892962123,-21.300404649971803,-20.448018068577845,-20.40324459423687
-20.507771843303768,-20.63987442121872,-20.50499231208459,-22.442309739259606,-30.154038576291917,-20.54749731676914,-22.367217558231722,-44.770487573862695,-60.342402924975524,-20.94368731931984,-20.555399223786235,-20.681192037308968,-20.686369303111572,-20.923472029796162,-31.243482327538672,-20.72516889476234,-20.61290193173557,-20.49727425714426,-21.520714607308612,-23.91578483085424,-29.275419977159345,-60.767666719915724,-232.03172596655764,-95.93488198113062,-21.893004745832066,-29.254758361003248,-23.37653175878119,-21.39307492699996,-20.550465335984164,-20.5070527314848
-20.36274712125125,-20.499260546480937,-20.35663098764498,-22.358593357423217,-30.13145018288567,-20.399821112256163,-22.26775887804979,-44.775267571141214,-60.49941871575444,-20.797716371758177,-20.414273285125244,-20.5382651920088,-20.5494107589765,-20.78853743902077,-31.194282133414713,-20.59600400839499,-20.475040528485472,-20.3533978119315,-21.392374190094223,-23.823111924584218,-29.317126075078434,-60.77956313206472,-234.71589484233084,-96.11284105306893,-21.770499104233945,-29.27761651694386,-23.297804645891254,-21.259821514281683,-20.40454362696984,-20.358788002853412
-20.94437948489771,-21.072547239144026,-20.94570974459315,-22.84302289598607,-30.347812683049415,-20.983942010844636,-22.737491406339757,-44.78565572699486,-59.09249483757225,-21.356994090855167,-20.988032780697534,-21.107682022813048,-21.1112694308394,-21.325620867680186,-31.193309217813592,-21.14100048712229,-21.04375243380112,-20.935424474495804,-21.909896180439166,-24.203943667148987,-29.479506241506833,-59.230235397431294,-227.99210047538486,-93.65128032999453,-22.25223262427328,-29.366742081561913,-23.716317686299327,-21.78504599153411,-20.985824173008474,-20.947181121917772
-21.292665972932564,-21.423161512539018,-21.293813825585204,-23.248416222561993,-30.66836769710274,-21.327539786956457,-23.078090100715976,-44.96810590458857,-57.81059420260996,-21.674962020646557,-21.338476276552537,-21.44585953948497,-21.45767549341457,-21.646137237097054,-31.070997179847765,-21.488676720519855,-21.39673892882475,-21.28774637796777,-22.22389318502963,-24.465437427423883,-29.83358314774457,-57.36538019060169,-228.17852299344202,-91.1605626085007,-22.53629100782481,-29.552904339395088,-24.04726611650771,-22.094220011565525,-21.33101167524323,-21.294670478499153
-21.336014186859515,-21.452237423478973,-21.347689633336334,-23.087049415517185,-30.46466288387204,-21.382988139062913,-23.01096133522008,-44.965439460798216,-58.62809520353544,-21.74891141865045,-21.3691719231505,-21.492171199101737,-21.479392200139905,-21.68392115010372,-31.300948863195302,-21.485341435459436,-21.416164453944223,-21.324229878616993,-22.253892177563873,-24.45086405150639,-29.405664931713364,-59.050383349826625,-222.11451140030127,-93.26091548285947,-22.574329286207938,-29.32612946540403,-23.93465818159294,-22.14176273798275,-21.380030928146727,-21.348747456880066
-21.30859000589449,-21.422414144280943,-21.322176380601487,-23.029427385755454,-30.453462503712455,-21.35791072630193,-22.9703438840098,-45.044769912842035,-58.89385886503152,-21.729492324739752,-21.34011337142104,-21.465659596546523,-21.44851025177248,-21.657293000848053,-31.342761013630106,-21.449988825485146,-21.384812796090024,-21.295396962508683,-22.226973489738395,-24.432395532372087,-29.313123206965784,-59.49340584766735,-221.89170545512232,-93.93013482811631,-22.549844744850247,-29.268710291707116,-23.88559074077549,-22.118018179459252,-21.35384519446863,-21.323310541987976
-20.946257918235393,-21.065424972655865,-20.954405731605704,-22.72020658126743,-30.30205145848347,-20.99383610384348,-22.676228364549054,-44.9496427117343,-59.792493595984695,-21.382465770015433,-20.982869673093393,-21.11168695807957,-21.0996249218872,-21.326148294847826,-31.355554818758947,-21.113276306689055,-21.030592404944557,-20.93269341543624,-21.905914325242396,-24.200955915690102,-29.193243841837237,-60.53799970743921,-225.50788046327872,-95.4305150143293,-22.25430205711141,-29.1996171193573,-23.62235005114178,-21.7924551304651,-20.991633061294454,-20.956060184315522
-20.1071542855515,-20.244066362304196,-20.09997739234845,-22.093750702416294,-30.01197781006494,-20.146098444853784,-22.038114793256568,-44.81127490518578,-61.45616307633996,-20.561955725050925,-20.15946049207905,-20.289486474397147,-20.297988461478205,-20.55425443941684,-31.28037950774212,-20.346722153522478,-20.219643030628,-20.09588538885922,-21.16507324005975,-23.657817695285498,-29.137729256085983,-62.061929610479694,-236.6055460579331,-97.92896882527545,-21.563593871604873,-29.183688852081215,-23.08011598009328,-21.033189241131037,-20.15057265035434,-20.102521296509547
-20.42936169243199,-20.569268275111234,-20.421506491836578,-22.485796249366775,-30.241680951942172,-20.463027587682305,-22.354964684516375,-44.83511085944822,-59.971844888064055,-20.849941400444358,-20.483804890770816,-20.601430383700613,-20.61940209805787,-20.84753269820469,-31.09489094537927,-20.67042972501344,-20.54736753878229,-20.42234094727733,-21.45199446161263,-23.8759721859043,-29.487278991925578,-59.89960932518386,-236.14374061063242,-95.06604948842082,-21.819359273793072,-29.362673290329298,-23.391885227001964,-21.31492730211355,-20.469342599654997,-20.423453889335445
-19.46767135671347,-19.613127501583715,-19.45334219804294,-21.553425765770125,-29.825935392725512,-19.50487038177458,-21.52221239658458,-44.97347321366124,-63.26083174986204,-19.95113632236958,-19.52809503518243,-19.663956630127792,-19.67879444346057,-19.964159422692678,-31.344636572676464,-19.74390675258118,-19.59338638928472,-19.45564190172323,-20.599215902264156,-23.25245729825631,-28.966630453512096,-64.08530246573406,-244.92393476195497,-101.15150619007866,-21.03829942057043,-29.10715698834467,-22.621250969374593,-20.45916612257178,-19.512054904561193,-19.45658229291015
-19.984483828867244,-20.123997308812946,-19.975290486465337,-22.00558129030299,-29.98075760054603,-20.022206074708084,-21.945910184636794,-44.82706028781203,-61.69560424542962,-20.44165339392399,-20.03911100075924,-20.169040671666398,-20.180523388470977,-20.440403367440343,-31.265830630297547,-20.233929239768898,-20.101134981228185,-19.973597676622816,-21.056404908684733,-23.578359157017314,-29.137177090156204,-62.262198691757845,-238.49053885492938,-98.31656346301057,-21.46121041605956,-29.18567791611342,-23.00211543823178,-20.921727211889024,-20.02764355776407,-19.97793901475681
-20.400215871312046,-20.538329354193667,-20.393264728740004,-22.42472797234496,-30.18138740023944,-20.43560671201679,-22.314260862142344,-44.79295770683562,-60.22312513735271,-20.82779644804342,-20.4530808638702,-20.573970454507894,-20.588425258406964,-20.82196895502915,-31.144994574836844,-20.637139209109225,-20.515241050531138,-20.392021669022196,-21.42593168752596,-23.850978191133258,-29.40180701934486,-60.327524566302316,-235.2827885503042,-95.5591719703284,-21.798582729274752,-29.32086021477455,-23.347542377435037,-21.291211187788456,-20.441098643040064,-20.395313725888837
-20.650485769635008,-20.785052339821103,-20.646582199039234,-22.632386796380622,-30.271536869302196,-20.68687404144101,-22.516376846853444,-44.78165875633961,-59.61773940372655,-21.068541694594565,-20.700033153855163,-20.81908247510051,-20.830407873523512,-21.053619386824987,-31.145650222943747,-20.872202140975748,-20.76004367177047,-20.642462627188088,-21.648842401597914,-24.015561161437343,-29.469598860443487,-59.66726405502565,-232.2974235184712,-94.48394633861744,-22.006565096580317,-29.357640357768258,-23.52755289433648,-21.517430644784113,-20.691181811908077,-20.648349162195775
-20.45481785303314,-20.58533565304972,-20.45298188706966,-22.36252412185867,-30.11968332203533,-20.496425097651322,-22.307648297988504,-44.79952081642605,-60.685513367013186,-20.899643247573888,-20.5013071970153,-20.630204490366175,-20.63191204182649,-20.87532770936446,-31.29604173011753,-20.668385430267534,-20.55716297676502,-20.44303303516436,-21.47291649969841,-23.88222440665235,-29.181622020748023,-61.30448064424819,-231.8977649550637,-96.65669427793524,-21.851204838075624,-29.202359157741405,-23.31322434313298,-21.347580327516084,-20.498582491301907,-20.455170176569098
-20.404220423323984,-20.542479386678604,-20.397198961762925,-22.431406213784783,-30.18686922743982,-20.43945585508897,-22.31905387564264,-44.79571750582987,-60.196364373765974,-20.831096654524387,-20.457209933510647,-20.57779560797281,-20.592557740875225,-20.825552186692686,-31.14036381491382,-20.64145403965322,-20.519492553155672,-20.396135378892616,-21.429511791850135,-23.854042117990712,-29.409980726394632,-60.2841468431137,-235.3387981458842,-95.50653792999358,-21.801607835891875,-29.324949021058195,-23.352574519074246,-21.29459302220355,-20.445017862283812,-20.39923720317736
-19.548116454625056,-19.702548351831346,-19.52968155033342,-21.800070217868694,-30.027917557268154,-19.57719813058501,-21.663085122584434,-45.11655833832873,-62.001656455762586,-19.996676408397445,-19.615679864163543,-19.7366638967956,-19.76839746314972,-20.02635413637336,-31.0523527537312,-19.843965848491916,-19.688217031192373,-19.541621918135945,-20.666715655336425,-23.304558914067638,-29.35538216926875,-61.9097999135838,-249.14062725549064,-98.78188038777509,-21.079656057611302,-29.29478209715755,-22.785531623919194,-20.51511312125077,-19.588279099199152,-19.532439625897204
-19.7832564207721,-19.938388179680764,-19.76569701827896,-22.0630800918348,-30.235560103239912,-19.81017636351876,-21.88265857856568,-45.2342555548927,-61.07655608796807,-20.212574312804474,-19.851349856335798,-19.96459922966511,-20.000420780987447,-20.240322648500843,-30.945768726317457,-20.07456785309699,-19.924160162883528,-19.77890860198976,-20.874300526015418,-23.474067361716635,-29.549526045281596,-60.635225885714675,-248.82273789802812,-97.14335452984602,-21.265533687563604,-29.377340646407028,-22.99221979547731,-20.721178552150473,-19.821753789219265,-19.768082728674536
-19.869667385833303,-20.023555273365954,-19.852987033746274,-22.132927847319205,-30.26031849140442,-19.896856048260606,-21.951920997530586,-45.205993255017106,-60.86447441705451,-20.295817371071237,-19.936676303180498,-20.049334380643028,-20.084162275008847,-20.320942349186492,-30.9465454239446,-20.156272553993553,-20.008746999269142,-19.86536256531193,-20.951409754526686,-23.530974570040986,-29.567829242085907,-60.4142035256132,-247.61962965730208,-96.74531756104831,-21.33804994983204,-29.38634080960194,-23.05350749384439,-20.79948264084082,-19.908062659813123,-19.855291686514413
-20.328560237597305,-20.47515221120922,-20.317010560682306,-22.49311344926988,-30.37556593619262,-20.357785123918063,-22.31528579604801,-45.05490326902438,-59.81874407362817,-20.739793070708398,-20.38911791061504,-20.499746731107145,-20.527959651588237,-20.74948974877595,-30.9738138174789,-20.58813471121822,-20.456898216423102,-20.324144913289892,-21.36153184187555,-23.831344681108618,-29.64758074963425,-59.36858685026621,-240.94864451996042,-94.7837222625539,-21.72496244110137,-29.43129106489473,-23.373730371837244,-21.216689084855105,-20.366713178439465,-20.31889092800431
-19.440355945282064,-19.595849515018866,-19.421010505813708,-21.70396533480406,-29.985554113499155,-19.469468215034816,-21.57337591240036,-45.13970412788042,-62.32652477522076,-19.89441623821588,-19.50888822264378,-19.631363690530023,-19.663482099755427,-19.926679979216534,-31.069046794412383,-19.74109328408718,-19.582062866778198,-19.43355653141683,-20.571171858958248,-23.23345777109439,-29.316362366587704,-62.28984458183059,-250.36052839156625,-99.37694342236095,-20.99112994588712,-29.278218380084926,-22.704772608049463,-20.418612324869137,-19.480831425946505,-19.423887338774414
-20.502267624733996,-20.640601172119187,-20.495574468034686,-22.536929290050658,-30.25405645572024,-20.536660294613952,-22.4095755736778,-44.81618678588285,-59.83996173399855,-20.921532755662962,-20.55526749860977,-20.673128266777724,-20.68925144975061,-20.915490659725045,-31.107830756996457,-20.73756964541819,-20.617811973307333,-20.49501306626601,-21.516972395195573,-23.922430951561218,-29.48741899558545,-59.79498362805849,-234.94433095304922,-94.83826935537755,-21.88098278698062,-29.364017507187537,-23.438560283812343,-21.381540488366433,-20.542402162597288,-20.497459085998248
-20.237954158177736,-20.377159744767194,-20.229780894971803,-22.27027839929651,-30.10407651275659,-20.273750339836248,-22.174270279149937,-44.79595388465707,-60.730434320432494,-20.675170695155675,-20.291922549723335,-20.415635446086057,-20.429938383268905,-20.67250957967389,-31.175104599867915,-20.481308078215886,-20.354528829907327,-20.22901387295289,-21.281500622582644,-23.742868177775957,-29.31719901910644,-60.965634715411156,-236.68901945943574,-96.49490704054342,-21.665706675197885,-29.277667650773388,-23.21840230237509,-21.14610449769677,-20.279470315802147,-20.23204560921432
-20.548169950535254,-20.674003250347283,-20.550029426368685,-22.3937014773612,-30.150006100806316,-20.593196306062598,-22.360043873528035,-44.878277251572385,-60.744032558935075,-20.998877299191662,-20.59091326095994,-20.722447742029473,-20.71713496165419,-20.961531117972477,-31.360751719000945,-20.745018899828658,-20.64283600974018,-20.53469211138074,-21.55403882533939,-23.94647161388866,-29.09884719613423,-61.579293278543105,-230.02316652564258,-96.9772044286594,-21.929184170247524,-29.150667204548274,-23.344375268803333,-21.43430550186902,-20.59337532644564,-20.552190107083035
-20.735194610004566,-20.870676172604874,-20.731058771624255,-22.737236988880774,-30.351304381002745,-20.77014370852771,-22.60146084608845,-44.82032577446272,-59.255504214429564,-21.14463879422516,-20.78553610655257,-20.901097184048115,-20.915074010546824,-21.13107276601758,-31.102456517484335,-20.957641526560675,-20.846421789247355,-20.728331528474428,-21.724793693714016,-24.07815778857196,-29.566779827024796,-59.130098231377296,-232.45071496629814,-93.78552905324926,-22.074435953787795,-29.40704265895744,-23.611200771382226,-21.59185123967085,-20.77498468144909,-20.732667437701668
-21.451590338111355,-21.567418437433975,-21.46395049717506,-23.202067116344487,-30.521508259233812,-21.497984338674204,-23.113930609144703,-44.973438284633296,-58.26630084124745,-21.856679046785906,-21.484126155215158,-21.604943295545752,-21.59273412194359,-21.790339205125044,-31.281423507958785,-21.59726752844331,-21.531311686931204,-21.440575859211084,-22.35772900861923,-24.527446246819387,-29.48469151409676,-58.56684474932291,-221.32467674604067,-92.55896484916727,-22.66979737125517,-29.373591548273076,-24.032689714836813,-22.245378520932242,-21.49501496861158,-21.46482074705925
-21.6606712398284,-21.772298361849835,-21.67721497268312,-23.36693007364554,-30.61698696576137,-21.709118589576747,-23.277047853347472,-45.091609873089325,-57.85782616756927,-22.059889415570666,-21.689412806069278,-21.80933329228038,-21.79212262488275,-21.980677105513028,-31.298104026420283,-21.78725429030455,-21.73392036223392,-21.6493585460047,-22.542469600320818,-24.66199374088385,-29.525976231878047,-58.14061526569371,-219.23324079603103,-91.96962901592448,-22.840012632138638,-29.39898306830535,-24.174412516477847,-22.43394679648304,-21.70455230036849,-21.677776258090603
-20.349304186363575,-20.486221899570985,-20.34289256195931,-22.350906460811654,-30.13005677409634,-20.386140107951945,-22.258543269622557,-44.77761180574572,-60.514218761309394,-20.7841932216166,-20.401190498201938,-20.525006547212904,-20.53669597107786,-20.77598740291581,-31.189614149069662,-20.583982381543425,-20.462251203066927,-20.340059581399817,-21.380449978318303,-23.81458618148629,-29.321054770602323,-60.78067434204624,-234.97636799230474,-96.13184804687222,-21.759073754133688,-29.27966003655508,-23.290471774967358,-21.24744770941008,-20.39102169695359,-20.345057901844243
-21.01857137993117,-21.149245121641904,-21.01849013931744,-22.96034229311752,-30.445435592473906,-21.055373707456017,-22.82513211667946,-44.82507285755224,-58.65975493726185,-21.419471137816938,-21.064430066911434,-21.178983411450726,-21.1878919864945,-21.39353740137258,-31.126634907113395,-21.22120202554226,-21.122339428147143,-21.01151849597878,-21.977505080632916,-24.263732210423328,-29.62221508042601,-58.528408424031966,-228.8650943530843,-92.75426366082719,-22.311229305786863,-29.44156875047845,-23.80818774320765,-21.849147934303318,-21.058507285208847,-21.01978236552213
-20.80047294622273,-20.937932744942003,-20.795492573339992,-22.839369141424395,-30.460429516040158,-20.83331699976098,-22.677503447276766,-44.909327910575854,-58.89901839112052,-21.200459508237014,-20.852683771206703,-20.96365484063677,-20.981874586012104,-21.190080421747318,-31.04451143966088,-21.026725361487333,-20.915019529758748,-20.795142466557913,-21.78353474113349,-24.13414181840963,-29.686241257708964,-58.55158423539514,-233.48934909381293,-93.10127620849755,-22.12489350239276,-29.46464908183412,-23.688894273797466,-21.647822666880103,-20.83910727495313,-20.79694208511623
-20.191904533578587,-20.329845934595635,-20.184339172454653,-22.200399813959102,-30.06081764135192,-20.229188412500694,-22.12272447922588,-44.79120114183764,-61.02239313421128,-20.6365147549135,-20.244876476929928,-20.3714499321715,-20.38290804192539,-20.631170972550386,-31.222338892667373,-20.43270898985802,-20.306287124840896,-20.181905319745983,-21.24048121291285,-23.711541622100512,-29.237730704616737,-61.423482521242164,-236.3993873680214,-97.07349660939822,-21.630466455421782,-29.236686144619938,-23.164823319936616,-21.106881539958827,-20.234270875417966,-20.186716690347456
-21.499732676212783,-21.617178394603954,-21.510939199844326,-23.273347215059992,-30.559611186882492,-21.544307385174157,-23.169430323755098,-44.946782636586505,-57.999865505013815,-21.89745638201783,-21.533465048573472,-21.65163226779975,-21.642752239027534,-21.835588717757062,-31.247697253968393,-21.650076813988903,-21.582255905644846,-21.489924066551016,-22.402572272859995,-24.563424913693627,-29.572364869816667,-58.14348316162574,-221.50439975110248,-91.94814580355518,-22.71054575085957,-29.425132345544135,-24.092249852618785,-22.28793115110887,-21.542144743446617,-21.511707478906047
-21.524011969326917,-21.638569970589682,-21.537650443209746,-23.261250566650745,-30.554485358382856,-21.5709530017605,-23.17159391902184,-45.00683565068552,-58.112439763404325,-21.92666935749338,-21.55537382333376,-21.675739127514223,-21.662118833941545,-21.8564584445266,-31.284769506095824,-21.6637869673308,-21.601785497451147,-21.51297816952704,-22.42191138002245,-24.574367004185405,-29.50385624023288,-58.39760484974908,-220.6206417330197,-92.31875977110533,-22.72899055893109,-29.385243442222446,-24.083574111927774,-22.310675070944864,-21.567513602093968,-21.538414434248914
-20.265699324650328,-20.39717444372101,-20.262664481965672,-22.177758347830768,-30.05176423476332,-20.308132873134344,-22.143089631322315,-44.84327262263437,-61.34437740666736,-20.72368936463766,-20.31344682888521,-20.44580200472388,-20.44676833505118,-20.701772104941302,-31.345470183962856,-20.485853471546957,-20.369299989965366,-20.252826862817347,-21.304748048966296,-23.763933144422865,-29.070836790523874,-62.157818417780234,-233.70070102046122,-97.90412179322007,-21.697177629676847,-29.14153089973506,-23.158824375756254,-21.179178496263727,-20.31040427972764,-20.26512660628653
-20.316155166004496,-20.446650394277672,-20.31395543075271,-22.216456973245048,-30.068444449135733,-20.359023466939654,-22.181938474994748,-44.84585528823789,-61.2346238568619,-20.772790462825725,-20.363027366821438,-20.495228749548076,-20.49512588942534,-20.7482477806687,-31.347812748537695,-20.53229607896368,-20.418200768528582,-20.303185108552547,-21.349311410264054,-23.796511965146934,-29.076085774814384,-62.05143945659849,-233.0286288382558,-97.73028383862808,-21.738710937737185,-29.14326551094447,-23.192144762451058,-21.224757914335378,-20.36093460875033,-20.316365282203897
-20.863176675402052,-20.985898021913115,-20.86827983708088,-22.679982775373848,-30.26625387818264,-20.908272363333783,-22.624388231314754,-44.86484210219994,-59.81259802558333,-21.296547151241082,-20.902616923158707,-21.0300762486827,-21.023154685366485,-21.25064431231184,-31.317782163383583,-21.043805985838535,-20.953213397024175,-20.85072875137517,-21.834001946951247,-24.145816911605134,-29.23965143905609,-60.4343814753863,-226.81428178898028,-95.28467089760925,-22.186958756486078,-29.230100101088993,-23.5869210309735,-21.71647010521647,-20.907543356984746,-20.8700016969646
-21.371050605393496,-21.48576960515793,-21.384076179088307,-23.10468676119712,-30.47916707138021,-21.419074691767346,-23.032923754870705,-45.00606881852832,-58.614387444920936,-21.78491138015165,-21.402985324822478,-21.52651724151072,-21.511545026986912,-21.715414321954356,-31.315188903238486,-21.514404072114,-21.4488067839332,-21.35881675334378,-22.28409677608463,-24.472880303151165,-29.388142324952334,-59.081934160103415,-221.59373286137722,-93.31614088894666,-22.60229809408946,-29.315133666395333,-23.949961174674158,-22.173622791792834,-21.415492565048872,-21.385094989775606
-20.483085969416628,-20.613145135498172,-20.481655885706832,-22.38547203937045,-30.129386234661236,-20.524858446278706,-22.330065589624656,-44.79996626875099,-60.61767491955801,-20.926905658566376,-20.52914902193931,-20.657875114255354,-20.659132541444123,-20.901361154317897,-31.295946934166594,-20.694681240288645,-20.584711460211444,-20.471294499897937,-21.49796040357141,-23.900423389005443,-29.187754440752343,-61.232029426724026,-231.54975342338287,-96.54235343560497,-21.874481839108114,-29.20543799157265,-23.332935533789264,-21.373069487343763,-20.526853964287927,-20.483811821056484
-20.795622188223444,-20.923064681174285,-20.796988511757725,-22.675548963903903,-30.25635242580038,-20.837056551292132,-22.59590077747018,-44.785700666527795,-59.6744643120211,-21.22157335740659,-20.838898506955317,-20.963041748361096,-20.963556958405768,-21.188795695799264,-31.24880751790209,-20.992930436586356,-20.893449215686918,-20.78506034325674,-21.776213284562107,-24.10242962121205,-29.34005293205282,-60.05722424799674,-228.5607839516265,-94.80552589087706,-22.130785207611474,-29.28953258706464,-23.57807498419564,-21.653039457242695,-20.838370291216588,-20.79871409982434
-21.079905036176537,-21.20748242931461,-21.08211258566172,-22.97711867842981,-30.42570200470545,-21.118894329049635,-22.857732997793487,-44.809671287870344,-58.67749247763154,-21.48396625849156,-21.122913211494087,-21.23986730854503,-21.244023403259195,-21.450480939038343,-31.17032993656921,-21.27192483273233,-21.178581518402716,-21.071758744508553,-22.031286127687743,-24.296946533929344,-29.565940998914286,-58.68519280486324,-227.13073420761413,-92.87067690467708,-22.363735566499873,-29.41450806332674,-23.829091051521786,-21.906467027484165,-21.12072137636807,-21.083381127292725
-20.41282160073839,-20.540877176650692,-20.41265949053214,-22.2830015847705,-30.102281869060256,-20.45703929329869,-22.252688685991842,-44.86956552292847,-61.076562393382666,-20.868518525544147,-20.45761613608707,-20.590057941471485,-20.586921392105705,-20.837274194707707,-31.36405205329436,-20.61940359011122,-20.51095495802723,-20.39937025439657,-21.434401833592307,-23.86007142441386,-29.068555840923466,-61.940078867038395,-231.64983290073974,-97.52817112689003,-21.818403333522742,-29.135906829892726,-23.25008445966873,-21.31252823602713,-20.45800300153835,-20.414981518862113
-21.307248681436235,-21.4252769986158,-21.317370019200446,-23.08029272795217,-30.456360281090568,-21.352851672342705,-22.996951102116117,-44.9218270031652,-58.59807535661885,-21.717932648639824,-21.34186689659705,-21.46385522678526,-21.45386923047121,-21.65824265506773,-31.279931442159807,-21.46340639664179,-21.390323189363954,-21.296123062299024,-22.229524410143615,-24.433516480395145,-29.438008623138842,-58.94650681753508,-222.70052804223045,-93.10691460600117,-22.55149603605235,-29.34565236837235,-23.928142941126065,-22.11532239568373,-21.350667902741367,-21.318449784139467
-20.613792916530326,-20.748344995163823,-20.60976639082249,-22.5932261411174,-30.24758805104285,-20.650489372529087,-22.482582884325055,-44.77551447131742,-59.74847850900836,-21.034659955598812,-20.66335511521522,-20.783382955623345,-20.794227940699923,-21.01991118243992,-31.156853944594232,-20.83624188301245,-20.723258714555875,-20.60546355805491,-21.616041565723243,-23.990110167425495,-29.440848322562758,-59.84653158879098,-232.46082892437573,-94.73183105876002,-21.976716759758443,-29.342642038908856,-23.495385017550653,-21.484816523776132,-20.654733613787105,-20.61159101972127
-20.26262651156339,-20.392221949702012,-20.26094336781994,-22.147478044904098,-30.054045409423505,-20.306808433833517,-22.1275930100641,-44.89404416075346,-61.538517274414914,-20.7267115994737,-20.309043169794464,-20.44339132138674,-20.44102571702875,-20.699456102987284,-31.38888652073196,-20.476935621556162,-20.3630711620015,-20.24871585106519,-21.30128652631431,-23.766734830328772,-29.00618427852359,-62.501853302950366,-233.3272426537741,-98.36710602114974,-21.69588301225866,-29.102351868505533,-23.1358506924596,-21.178248369622814,-20.30821656649264,-20.263464759299016
-20.61596750327564,-20.74633285156381,-20.61471380770807,-22.529961484037138,-30.19150575932556,-20.656315649532125,-22.453168210061946,-44.77214620903584,-60.088633508765945,-21.04810864134696,-20.66197317803749,-20.787141917934665,-20.79060460633623,-21.023272757161394,-31.244983096510794,-20.825930283422185,-20.71837372875077,-20.605448963432302,-21.616749974479745,-23.985899120929762,-29.299381034535273,-60.49813481003724,-230.70463558841584,-95.50289110795478,-21.98243532082296,-29.267419629926437,-23.452273245347143,-21.490785723533442,-20.658670891651433,-20.616650905993893
-20.612007109222027,-20.74591639275213,-20.60837917800876,-22.58099874422424,-30.23502369520442,-20.649272097058816,-22.476019158301614,-44.76948585467226,-59.80700629169183,-21.034731768622084,-20.66100801234875,-20.78192027213191,-20.791605807415085,-21.01853806778595,-31.17118396264,-20.83264481522146,-20.72039149199151,-20.603325550582728,-21.61430119419324,-23.98752686894326,-29.41724051255364,-59.95582378045229,-232.16439872183668,-94.85772165451567,-21.97599443687547,-29.330547881297385,-23.486939289236375,-21.483887905789718,-20.653225726192233,-20.610224987801598
-20.520176562231146,-20.65388087279152,-20.516370589714253,-22.48044406928162,-30.178637018626507,-20.558380995260478,-22.390416317001023,-44.7646932328411,-60.15770926982681,-20.950594599394986,-20.569112236734124,-20.692639480330165,-20.700810711569673,-20.93428974036056,-31.20451503743178,-20.742100928389924,-20.628038770874394,-20.5106323362461,-21.532233586258325,-23.92511213632276,-29.33973485048002,-60.443776942411745,-232.57699187489985,-95.5320335618446,-21.901537853365816,-29.28954716213402,-23.40462794834263,-21.402504424200725,-20.562095350478774,-20.518365935311873
-20.35837863642732,-20.49470088118481,-20.352367091884492,-22.35085101424348,-30.126291002102747,-20.395655933201304,-22.26232678567245,-44.77457294288,-60.532710233077275,-20.794239519684485,-20.409749293820326,-20.534100633564556,-20.544851024606906,-20.784635638176425,-31.200189387037454,-20.591181893977353,-20.47034316005367,-20.34889132298013,-21.38845564465181,-23.820016299946385,-29.30712295169878,-60.833876677799715,-234.65742639298202,-96.18056723223253,-21.767213769299588,-29.27239545761376,-23.291945320942276,-21.25616365453828,-20.400285733877787,-20.354536828944713
-20.78780326576519,-20.91614995702641,-20.78849885069362,-22.680688653241535,-30.26050555986648,-20.828497974500028,-22.595331550129004,-44.77737131583102,-59.62926039369369,-21.21192779212048,-20.831835281805947,-20.955140943544464,-20.957154469363097,-21.18153059473087,-31.233339091575825,-20.988113505455903,-20.887144249291257,-20.77764915116832,-21.769638301547122,-24.098029843891844,-29.363982862570705,-59.957500127398944,-228.91702084845025,-94.68387534602881,-22.1239547934021,-29.302918844002946,-23.58092410281248,-21.645362416622678,-20.83021179544223,-20.790215032989995
-21.674851516106987,-21.78354911076064,-21.693967505199232,-23.34745023425432,-30.622206778826353,-21.72575563542128,-23.271003983732466,-45.18616976470436,-57.99931780151287,-22.07961359176162,-21.70141582729864,-21.823297652269023,-21.801277665822298,-21.991455540004456,-31.332483207941408,-21.790490065592884,-21.743431802872358,-21.66225807204537,-22.552161025249887,-24.667858576190284,-29.453305197816043,-58.423126075411695,-218.65929669044104,-92.42934289000081,-22.848557347748724,-29.35368293918028,-24.15704708726779,-22.447125410399234,-21.719910581901782,-21.694526378138697
-21.18928464531127,-21.30367646803144,-21.202045634047288,-22.91322614070516,-30.406450319055168,-21.23907917763107,-22.865816956449375,-45.05171864326929,-59.27501115552805,-21.61824868097002,-21.221677118630435,-21.34922087404714,-21.331762010237178,-21.54769431090652,-31.364314545615734,-21.33500947175416,-21.266265954413274,-21.175374559919355,-22.120118319750798,-24.35687451703729,-29.23745483310772,-59.995176241079164,-222.88859454462605,-94.66558323606779,-22.451637598379378,-29.222334732936357,-23.78633226320043,-22.011224695621884,-21.235102389863634,-21.203371995908658
-19.88205133948798,-20.02715336988903,-19.869305224411303,-21.99114878420829,-30.007956038142943,-19.91583503174183,-21.894935085597183,-44.87683204556616,-61.559810849306274,-20.330721607174134,-19.941427781327953,-20.06661428107369,-20.086636237479105,-20.342010677053842,-31.163581004320168,-20.148550901716142,-20.007814070541382,-19.873343695317942,-20.965125787641995,-23.51255757587913,-29.26126739924293,-61.79870222883736,-241.73095317252222,-97.96649429659274,-21.368778535343726,-29.250741431598925,-22.973993343322793,-20.823780956179,-19.92356724676306,-19.871912785302097
-19.884897303908662,-20.030710038618093,-19.87179217844895,-22.006609576312652,-30.02389287211793,-19.918068039815402,-21.902992743893297,-44.89020006331491,-61.481766868848,-20.331251724872136,-19.944871588576337,-20.068981419227015,-20.09029097525612,-20.343901663703637,-31.14392044815493,-20.153109466021697,-20.01181173591198,-19.876592820005058,-20.967497164809792,-23.515308266751497,-29.289138061517185,-61.656691240487504,-242.10055894210984,-97.81615531617908,-21.369541526017734,-29.264232790188814,-22.984009069162642,-20.825259016915485,-19.926107770955742,-19.874369368183693
-20.224240288067023,-20.366065487950323,-20.214538604039234,-22.29992729951467,-30.148130000145475,-20.257945624915802,-22.1819432762589,-44.837305060665564,-60.552765822054596,-20.655196100759596,-20.280490201873267,-20.400975520381607,-20.419717635871862,-20.65799838096263,-31.117331098876097,-20.47483846446881,-20.345098202482564,-20.216575838495743,-21.26925426165304,-23.738287419839466,-29.399978107168042,-60.596389948827564,-238.135054162371,-96.12651236750439,-21.650179730236918,-29.31841524096999,-23.234483066700342,-21.130652850161958,-20.264785746699417,-20.216737499354167
-20.19750553077596,-20.334928293968726,-20.19028111949432,-22.19789323418304,-30.057448798323463,-20.23519688631554,-22.123952093957467,-44.790340950068156,-61.04901858468118,-20.643195346878283,-20.25004198410469,-20.37713224462297,-20.387742333497457,-20.63661972139851,-31.23269155482096,-20.436727386806023,-20.31102601903784,-20.18727323857189,-21.24541430032237,-23.715101974836827,-29.22373012552086,-61.48442086576895,-236.14756127745602,-97.1366942581554,-21.635720170686888,-29.229191588107117,-23.164069364094075,-21.11245035892322,-20.24005578395949,-20.192666777708872
-20.391640763632452,-20.52681705682755,-20.38646442508249,-22.36768056086804,-30.128741157171596,-20.429639186420765,-22.284075393535364,-44.770700177887605,-60.508909146492485,-20.82811517030963,-20.44200203094921,-20.56695663063379,-20.576101809562992,-20.815716192155545,-31.214840271236586,-20.620470139979073,-20.501738809800493,-20.381816908370954,-21.417904537699638,-23.84110463370098,-29.292532006137098,-60.85487849306043,-233.96667734623375,-96.16387380252215,-21.79558254919949,-29.264606603476725,-23.308519698531253,-21.28691063116815,-20.433808074965135,-20.388617341734385
-20.391640763632452,-20.52681705682755,-20.38646442508249,-22.36768056086804,-30.128741157171596,-20.429639186420765,-22.284075393535364,-44.770700177887605,-60.508909146492485,-20.82811517030963,-20.44200203094921,-20.56695663063379,-20.576101809562992,-20.815716192155545,-31.214840271236586,-20.620470139979073,-20.501738809800493,-20.381816908370954,-21.417904537699638,-23.84110463370098,-29.292532006137098,-60.85487849306043,-233.96667734623375,-96.16387380252215,-21.79558254919949,-29.264606603476725,-23.308519698531253,-21.28691063116815,-20.433808074965135,-20.388617341734385
-20.708002078683837,-20.842996214346243,-20.704051339113448,-22.700381556525738,-30.319893946817558,-20.74357126646027,-22.57258613479164,-44.801725180890216,-59.384837143279114,-21.120669968220966,-20.757904301799933,-20.8748605659769,-20.887647812481458,-21.106296728673836,-31.12015340479674,-20.929691577193168,-20.818375820726676,-20.70066757169375,-21.70036954714299,-24.05714625837432,-29.528815837618755,-59.32932194094494,-232.27961600792904,-94.03634043339248,-22.052893816606414,-29.388017420806044,-23.58230101354379,-21.568159660327364,-20.748156791175216,-20.705716362493316
-20.321583567935917,-20.446400839632144,-20.323663797461563,-22.144917759578917,-30.101150820306092,-20.369598776424663,-22.149963697723443,-45.03421938578505,-61.755156090662254,-20.79528562786839,-20.364622918086795,-20.50193695227872,-20.4920915252119,-20.75392828706791,-31.467612667412432,-20.519310441106605,-20.414276444835398,-20.30563980763398,-21.35130465475668,-23.81753992838891,-28.89711789326222,-62.98764239344166,-232.10264203962168,-99.0428527118646,-21.744974472520827,-29.029819997974016,-23.136092142964245,-21.234423183344312,-20.368945895773678,-20.32621814989242
-21.178971011724485,-21.288903646216408,-21.195509334228355,-22.85340254261953,-30.439268227446526,-21.232761209251162,-22.829995097646872,-45.25359579073702,-59.64507118351136,-21.620117970073498,-21.208664324356185,-21.33925611405672,-21.314334843250368,-21.53535838324149,-31.4313822748801,-21.30896668989725,-21.249071514545737,-21.162826256329847,-22.106341341947285,-24.35766901511827,-29.102883144201154,-60.63346275460222,-222.68017909230946,-95.70166593836234,-22.438494713831098,-29.132038528289662,-23.731846091645657,-22.00327937516319,-21.226841290431697,-21.196904976604717
-20.527904694237783,-20.654810274336413,-20.528902265163847,-22.38728104402454,-30.14149536561908,-20.57213753479871,-22.348905874662957,-44.85564497871954,-60.727162377038454,-20.977191295730176,-20.571482845670644,-20.702441192562894,-20.69873921569452,-20.942904958956294,-31.34616812394065,-20.728619807779367,-20.624318946061255,-20.514819711928066,-21.536521156774384,-23.93218405446062,-29.118051475593457,-61.513118257717494,-230.41022794938027,-96.89269865788556,-21.912418069636097,-29.163020282963988,-23.33814704111429,-21.41549512105504,-20.572770175563246,-20.531069038765644
-20.711521361666573,-20.839850303632574,-20.71199507148226,-22.60016082113669,-30.221672184172355,-20.75287476644871,-22.525554619985023,-44.78306681468683,-59.90789299513346,-21.141700491459922,-20.75568643889446,-20.880859713439666,-20.881910830438194,-21.111401109922078,-31.25663064258945,-20.91327196956883,-20.810675446464515,-20.70072482572898,-21.701346821164723,-24.047619470880825,-29.304656980887554,-60.338778461426585,-229.39399260034688,-95.22623635598713,-22.061624554665823,-29.269880077756675,-23.51393640278599,-21.577484911468577,-20.75445720041306,-20.7138329648679
-21.16839064698922,-21.283276008285334,-21.180678484511304,-22.89750958303049,-30.39678786448836,-21.217920899180633,-22.8499969827719,-45.0386190065233,-59.313245698284206,-21.597779912834216,-21.201200331024296,-21.328800865201806,-21.311946921906593,-21.528723703945932,-31.362366806677393,-21.31626223142549,-21.24613156595035,-21.15454842528248,-22.101785371715582,-24.34341761386042,-29.235802576170506,-60.03128667536228,-223.11536145011863,-94.71326849905103,-22.43477579941107,-29.221746465644678,-23.773033567528504,-21.99239971280654,-21.21413303853422,-21.182033090980767
-21.16839064698922,-21.283276008285334,-21.180678484511304,-22.89750958303049,-30.39678786448836,-21.217920899180633,-22.8499969827719,-45.0386190065233,-59.313245698284206,-21.597779912834216,-21.201200331024296,-21.328800865201806,-21.311946921906593,-21.528723703945932,-31.362366806677393,-21.31626223142549,-21.24613156595035,-21.15454842528248,-22.101785371715582,-24.34341761386042,-29.235802576170506,-60.03128667536228,-223.11536145011863,-94.71326849905103,-22.43477579941107,-29.221746465644678,-23.773033567528504,-21.99239971280654,-21.21413303853422,-21.182033090980767
-21.10717206815694,-21.224155385506155,-21.117547544202424,-22.859566500871683,-30.3668835642436,-21.155347515957537,-22.807869609509417,-44.97889995166268,-59.375200823015106,-21.5360967298093,-21.14165603992607,-21.268885971075616,-21.254907909258097,-21.473390073148067,-31.34613815922993,-21.26357401250034,-21.188195941800625,-21.093856838673034,-22.048620400890734,-24.30345574205769,-29.250813303794445,-60.04578697037171,-223.88491985172834,-94.71612411797989,-22.385710439037066,-29.232680579880835,-23.74092028788871,-21.936952568313515,-21.15240386703578,-21.11897339728563
-20.50343023164574,-20.63458979811389,-20.501285278941292,-22.42333653678293,-30.14428593196041,-20.54403539771964,-22.35640797380785,-44.779857050033286,-60.44175078294087,-20.942393250272517,-20.550306820757438,-20.67730775036888,-20.6807626003095,-20.91976213093938,-31.26531634840994,-20.71803911520116,-20.60695564148961,-20.49239484388473,-21.516527521323336,-23.912891330301168,-29.24015840531093,-60.94470190387114,-231.73722079931227,-96.15915064052518,-21.890249891952138,-29.235126362009197,-23.3625631295584,-21.39011443181589,-20.546566847825662,-20.503378821388363
-20.883907216920868,-21.015311299878412,-20.88285307106618,-22.82922373346827,-30.364801122952855,-20.921142377914673,-22.706587455405135,-44.79343673787693,-59.0555449508943,-21.292766908287835,-20.93047894254583,-21.047597077881566,-21.056183097540362,-21.269382007853704,-31.146051021092624,-21.091549980691575,-20.988619655283593,-20.876136021943356,-21.856949185622316,-24.170229795752917,-29.541714568596362,-59.03980248698761,-229.72679195382761,-93.4886703517349,-22.200341952047346,-29.398057206499182,-23.697878681958898,-21.72836443183381,-20.924396097509785,-20.884340018140605
-20.07823550376075,-20.216833133367974,-20.069901118144497,-22.090293496765643,-30.013733645214952,-20.115935064908808,-22.02423984621763,-44.80891418855364,-61.40787918486346,-20.530299271183516,-20.131943826056347,-20.26061486720458,-20.271730532471647,-20.526738334828142,-31.250469748301363,-20.323205396850387,-20.193515587744493,-20.067640472719415,-21.1395453050803,-23.63829953708243,-29.17517823944685,-61.91586277871265,-237.4475178283724,-97.79120152009274,-21.537944640916457,-29.204622812107665,-23.07336350959526,-21.00561896619016,-20.121121193115442,-20.072434248904145
-20.660839713575783,-20.79758486856382,-20.655675481277463,-22.679079543640885,-30.328490602241775,-20.695314447295754,-22.54292824000759,-44.82530706539032,-59.413551422420994,-21.072507454426788,-20.712353248413038,-20.828157909077277,-20.84344771844583,-21.06207880543674,-31.09622661143829,-20.888372629031874,-20.774023015814812,-20.654033038570482,-21.658474613209798,-24.02956219089488,-29.55341972682661,-59.28773709552466,-233.43529266407901,-94.06299740539332,-22.01217480743493,-29.39885197328548,-23.559736016176593,-21.52430767119721,-20.70059833954968,-20.65736292422743
-20.556914205378114,-20.683918127345795,-20.557916062366488,-22.41897736055822,-30.151582744871114,-20.60080082887007,-22.37581301606499,-44.84287526863134,-60.605547546826664,-21.003470947029594,-20.600469148543223,-20.73067015100488,-20.727497723918543,-20.969516951384918,-31.33401673292081,-20.757400075775017,-20.653543439494317,-20.544125879918,-21.56248099405745,-23.949880187952523,-29.143203512896243,-61.34389429039754,-230.18746910779535,-96.64844270492742,-21.936024068396076,-29.17759630228771,-23.36453239673242,-21.441159727904722,-20.601526065325405,-20.560033795997946
-20.399340448187434,-20.539078370473522,-20.391459766513744,-22.45099770726941,-30.216530847324428,-20.43337979771825,-22.326090051245682,-44.823583576517706,-60.09195774164538,-20.822610729969085,-20.45364394288226,-20.572318919006776,-20.58962007462695,-20.820101680229598,-31.108150771947408,-20.64063431419335,-20.517032483109674,-20.391991369294885,-21.425224902850566,-23.854392393714534,-29.45847671436823,-60.07120120095048,-236.16883360394334,-95.29118767914301,-21.795322030786146,-29.34848828766623,-23.364060164509343,-21.288491797563214,-20.439578569197423,-20.3934586450036
-20.066991221381247,-20.207626438578078,-20.05738915676726,-22.11212141454202,-30.03328646006253,-20.103004752055764,-22.029265499284584,-44.814766000408014,-61.2570547304476,-20.513834740303256,-20.122387146939943,-20.248707034006618,-20.263296422854186,-20.514978498296923,-31.204166997196353,-20.317830950784835,-20.185665766505384,-20.057406654438342,-21.1295897482918,-23.631009016245407,-29.239052732540976,-61.61172809169977,-238.39288154947326,-97.46148484623608,-21.525637849155036,-29.238374335054143,-23.085690282696437,-20.993114380075593,-20.109081984398454,-20.059870433082086
-21.423915924315786,-21.539142054808256,-21.436684193461005,-23.16572624768383,-30.505139830027705,-21.471065396009337,-23.084531110821175,-44.98838752014644,-58.399934477895236,-21.832521039004227,-21.456064408646228,-21.578028470005478,-21.56448711050012,-21.76447094810706,-31.296100922618216,-21.568023403976817,-21.50259228236618,-21.412373024960562,-22.33222427966951,-24.50815199342098,-29.444748506951246,-58.770864258214004,-221.354075022823,-92.85816296268496,-22.646466718322433,-29.34956989582753,-24.001941613656495,-22.22078974473561,-21.467784892269925,-21.437608312502668
-20.334303195469545,-20.465439320840268,-20.33169379980514,-22.244903126037002,-30.07516522327652,-20.3764237598117,-22.202770713219763,-44.82482621073645,-61.10142634634077,-20.787433267959674,-20.381592771668128,-20.51268711388144,-20.5139440504324,-20.764698217756855,-31.326623022041215,-20.55209965262513,-20.437461293457115,-20.321831568258606,-21.365714152053528,-23.806430022140496,-29.111145722140037,-61.84283970725549,-233.03141340452797,-97.4433684948446,-21.752980390892898,-29.163651511847053,-23.214874059118866,-21.24021453320336,-20.378658759284626,-20.334056348474892
-20.221155353978276,-20.35354242928556,-20.217356814390072,-22.144382607065953,-30.037366587913326,-20.263163605715324,-22.10914911854033,-44.84102067116281,-61.43672743454182,-20.680186547598208,-20.269710437369934,-20.402144023087637,-20.404135329486433,-20.660697569299654,-31.342258943903254,-20.444975498533758,-20.326209445018456,-20.20839576557956,-21.26541385196745,-23.735067993389148,-29.068013355917444,-62.24296298418496,-234.31321907456405,-98.04760503765546,-21.660436806006338,-29.141092730451184,-23.129958506509286,-21.138881721185598,-20.2657740856745,-20.219862896701155
-21.34853179848702,-21.46764955126532,-21.357916208665927,-23.1377912289211,-30.48527911061195,-21.392832553013715,-23.042384539978467,-44.90211728416793,-58.38271503669762,-21.753462695548496,-21.383925468681685,-21.503909042950347,-21.496272609392395,-21.69676423635082,-31.253615249663916,-21.50761178491729,-21.43351227614909,-21.33829656714581,-22.267594018085433,-24.463016136036646,-29.50423681871048,-58.61137862167509,-222.75736433948953,-92.6266277750452,-22.586034972582876,-29.384526090626345,-23.976065786348606,-22.151794829213586,-21.39120611208126,-21.358911091128558
-21.00802145154909,-21.1269813351036,-21.01650827466171,-22.781548540464215,-30.324978459039357,-21.055263224126865,-22.730805771597844,-44.93865163912852,-59.581953776223486,-21.439763017300155,-21.0442571421109,-21.17193985351598,-21.160221114977833,-21.382909311622363,-31.34127219461163,-21.173154488504093,-21.092107877481705,-20.994868606815476,-21.961188432457277,-24.23970910207522,-29.23425217417108,-60.25873599555274,-224.97636805776904,-95.02057090679068,-22.305031883731395,-29.22417608044683,-23.67440764361165,-21.847612616945163,-21.05305868220685,-21.01806512490054
-20.953028113981006,-21.07295848225951,-20.960581631444533,-22.73686360470792,-30.302557111201704,-20.99986548863866,-22.687312103823338,-44.92248917105499,-59.70662793108665,-21.38664170550133,-20.99014811868156,-21.11817370535518,-21.10749026251615,-21.33262481750705,-31.34058267784228,-21.12253004009782,-21.038615128924647,-20.939906226835696,-21.912584594446013,-24.20441825926495,-29.221731506877,-60.393784547912894,-225.57585127630222,-95.2172722451119,-22.260164702415153,-29.217422621513677,-23.636297633287437,-21.798100907924123,-20.998014548699057,-20.96221132324049
-21.1416992088017,-21.26216697499635,-21.149374994108896,-22.94006020542153,-30.384471037892446,-21.186481275060146,-22.862527263197457,-44.87546124660831,-58.989866500369395,-21.558982586538725,-21.178639432155947,-21.302012969229132,-21.294398551448964,-21.506523717378204,-31.280442425210985,-21.309410907989772,-21.228503628463617,-21.130422824034778,-22.08246183122217,-24.32590465359187,-29.38412676444311,-59.39536613447038,-224.33476092603718,-93.76409167917657,-22.41565910609715,-29.314011361104818,-23.807848412798634,-21.966183152488846,-21.18515706615171,-21.150687065592805
-21.32443417981157,-21.44466420830227,-21.332869810311102,-23.127725215501176,-30.480939951199492,-21.36794086425804,-23.028202436230693,-44.88340113068044,-58.38540959210296,-21.72847246724021,-21.360788940454587,-21.480189062574798,-21.47422518943078,-21.674927581397494,-31.24120670200149,-21.487759260484765,-21.411230249783358,-21.314558354189028,-22.246739230242234,-24.448688441154175,-29.520064170159113,-58.574208379251886,-223.21839784660713,-92.58082673125794,-22.56640245954246,-29.393356804921286,-23.966516099241186,-22.129702122341225,-21.366786185222818,-21.333886491321838
-21.472904273531793,-21.58837970172516,-21.48562176477849,-23.219735047473808,-30.53123099375692,-21.519440399621235,-23.131037225029143,-44.982494962910636,-58.21953406223393,-21.877229803400482,-21.505110952186342,-21.62577748083451,-21.613189957878582,-21.809816236402817,-31.28210210029563,-21.616923609776528,-21.552086460087796,-21.461893947346315,-22.37663770902415,-24.54128730635364,-29.49090846425508,-58.51441789693949,-221.1204820819617,-92.48410320689776,-22.687238359781322,-29.377354298767766,-24.047873079448742,-22.264590602718922,-21.5163422717792,-21.48646073935861
-20.25071572126008,-20.388626476731712,-20.243362914158244,-22.262412656085477,-30.090862369329457,-20.287522190119727,-22.17608251731789,-44.78602423071935,-60.79855602702176,-20.69063799992498,-20.303572569754802,-20.428659879426007,-20.440833945670725,-20.685047320271934,-31.201316595199437,-20.490224223191998,-20.36515159849357,-20.241188159069857,-21.292782370559646,-23.750064695998578,-29.281133446018554,-61.120515385839916,-236.0121759368755,-96.64927807586608,-21.677973260571246,-29.259108925943927,-23.215534484403943,-21.15896151048826,-20.29268760844783,-20.245649932609687
-20.928171577255053,-21.053899702589984,-20.931194189076656,-22.789844555893435,-30.310269641676584,-20.97002660347382,-22.70463713886356,-44.79885271212291,-59.33726005113284,-21.34836139210186,-20.96979083189444,-21.092662070752166,-21.09175332569303,-21.31076928511082,-31.24377624550587,-21.117410812305774,-21.023376553268168,-20.917817667228295,-21.894122366849164,-24.188938964280805,-29.38627218794132,-59.66669991741103,-227.1809115002171,-94.2148953571139,-22.23997348643582,-29.31548968605871,-23.675986849671254,-21.772415136431103,-20.970769154149746,-20.93274734015047
-20.521199341616732,-20.656877086830093,-20.516146641062285,-22.513216837875962,-30.210377111373074,-20.55768233797976,-22.40633426984622,-44.775912849979974,-59.98791992394416,-20.94611150200574,-20.57182934801354,-20.692791489554025,-20.70447021948215,-20.934352231759927,-31.160843036133638,-20.74879160463074,-20.632378837186568,-20.512706640201085,-21.53355521333136,-23.92887703734691,-29.408890640350446,-60.121440376655755,-233.46215428187404,-95.16127377462504,-21.900071553470497,-29.325473478568245,-23.426726895402187,-21.401343939840007,-20.562283791640958,-20.51808257479419
-20.851866844277783,-20.985140431044776,-20.84951335866186,-22.825138773351682,-30.383198980403655,-20.88776184814859,-22.69164779588807,-44.81315018271057,-59.02553077333586,-21.258372737987656,-20.90015595639067,-21.01562719956753,-21.02712910760317,-21.23931277082604,-31.11692645459947,-21.065596115959345,-20.959645133698096,-20.844803204541734,-21.828789781693175,-24.153668748581605,-29.580892035156694,-58.915497144908066,-230.81753781847138,-93.3913866979848,-22.17227821829132,-29.416796525503486,-23.68972899920552,-21.69803418654786,-20.891802595234523,-20.85100113223136
-21.101907160918554,-21.223718361099056,-21.108415646621975,-22.916710094875395,-30.371571355369504,-21.145818071010126,-22.835549930437665,-44.85113211187249,-59.02789808936902,-21.51883930207571,-21.140000370564092,-21.26294574142225,-21.257212799102135,-21.470224613322586,-31.267820522981076,-21.274909117857888,-21.190877777573405,-21.090982545584332,-22.04765981314709,-24.300700367059196,-29.395373511726966,-59.39708950564409,-224.94011231344072,-93.77590506800965,-22.3831019105039,-29.32070241561076,-23.78702584015957,-21.929923009158212,-21.14504441234362,-21.109768269509164
-21.0398692414925,-21.162534823102632,-21.04553180714776,-22.863613160593694,-30.345417511482076,-21.08353008073337,-22.784879977795757,-44.839048986007064,-59.18031501540197,-21.459398736174634,-21.07878420527056,-21.20228957993215,-21.19733017283327,-21.41326202296036,-31.269114648595448,-21.216921483088562,-21.130146366215257,-21.028865305654577,-21.99250623132163,-24.26030797765637,-29.374224603254262,-59.573108136050706,-225.56561910541373,-94.03749405722391,-22.33210204005348,-29.30850279104603,-23.74150613814691,-21.87404430686569,-21.083049995155797,-21.046968787736795
-21.17454784579867,-21.297548976314125,-21.18037852292621,-23.009365003239797,-30.420852088453735,-21.216805561628803,-22.91060691807525,-44.83625129797482,-58.69066362104648,-21.58296518951639,-21.213470755414498,-21.33345221263278,-21.33063822247794,-21.53741874813595,-31.22944834046565,-21.3500650463169,-21.265680397816855,-21.16483367122346,-22.11376931715877,-24.35144845958322,-29.490189858261246,-58.88860030227588,-224.89261193867708,-93.06105927284024,-22.442953213885456,-29.375081744740875,-23.863641972328967,-21.994139483364446,-21.216688055568284,-21.18159061404614
-20.299145676778714,-20.43557224144691,-20.292874237626222,-22.289668378376774,-30.09640810068044,-20.336835844086867,-22.209082552342508,-44.7785284972827,-60.74811747918245,-20.739466142000545,-20.350691930490942,-20.47643471729779,-20.48660451856532,-20.730287234792296,-31.218725838524147,-20.53345805092942,-20.411176587012775,-20.289223673619837,-21.335719986496322,-23.781017742798824,-29.265784653139676,-61.12221573390997,-235.06936127793634,-96.5881430205796,-21.719153104513865,-29.250804228160458,-23.2415742281456,-21.203563103100652,-20.34141554152527,-20.295133055710952
-20.801017663458857,-20.923294172927022,-20.806295464936035,-22.60941475710802,-30.242949160891634,-20.847046291183524,-22.565079147147266,-44.894792621977714,-60.08073026613309,-21.24068132274418,-20.840343109564845,-20.96958383011374,-20.961167192374162,-21.193409152329714,-31.344852120793227,-20.981335766121745,-20.89021628234393,-20.78782073556612,-21.77799756321751,-24.107208214193328,-29.178190449320937,-60.81626101430221,-227.21955403305978,-95.83953873717688,-22.135938085396752,-29.193509893341414,-23.52772533999855,-21.66140527725571,-20.846019616403574,-20.808127198742632
-20.656320156495916,-20.787932912681992,-20.654342119625362,-22.591682705867196,-30.22645402667556,-20.695223531810235,-22.499243554432294,-44.76438237302473,-59.83620158823112,-21.08184183739507,-20.703294710716143,-20.82597098793998,-20.83214144545618,-21.060033016717046,-31.206288254095785,-20.86927512235197,-20.76091938331266,-20.646793807826935,-21.653262904578657,-24.01381670487286,-29.372581042762263,-60.09884999897386,-230.92767136038606,-94.9755280081858,-22.014340606758655,-29.307351283616814,-23.500967685552926,-21.52552293958486,-20.698211526011466,-20.65618214287808
-20.593303205510303,-20.723961754494766,-20.591776647134854,-22.51050552515691,-30.18291863831635,-20.63358322569837,-22.434637250168915,-44.772014239134535,-60.14769536585201,-21.02643407074537,-20.639591283383172,-20.764974345848334,-20.76867250783885,-21.00239089154682,-31.246133139949393,-20.80461329761366,-20.696160069832544,-20.58275124983175,-21.596606295939328,-23.97117719020459,-29.29189861670529,-60.56590988250831,-230.95524398731393,-95.60707445191562,-21.9637600363471,-29.26337568453728,-23.435628886398753,-21.47038244151296,-20.636034881496577,-20.593741754403197
-20.493857976031634,-20.623405466003288,-20.49282419872472,-22.389276228541185,-30.131878611268696,-20.535997822089737,-22.336241015058636,-44.80625130108572,-60.62206816992175,-20.93827543071469,-20.539500247329983,-20.668526564791005,-20.669019742005332,-20.91134625449085,-31.303077803358338,-20.703644132370794,-20.594641066021126,-20.4818849527526,-21.50736592866944,-23.90763859064632,-29.178898588965332,-61.25996254119606,-231.32380522083997,-96.57130888767212,-21.88355290538267,-29.200098141784892,-23.336818581441857,-21.383080800862306,-20.53777785237775,-20.494976809741082
-21.568518801952656,-21.688506963342185,-21.577976895296647,-23.3805373649364,-30.637490452550757,-21.61029968490648,-23.251639487617567,-44.94477398283075,-57.61760768725735,-21.955459429386412,-21.604372375862777,-21.718132771316867,-21.71448527877304,-21.90011574172946,-31.19610280962277,-21.726084745046062,-21.655526694941475,-21.560559848248847,-22.4667021147869,-24.619788027218853,-29.707491382029836,-57.52171781366556,-222.1216361807108,-91.08483527348577,-22.768215460932716,-29.5012070422731,-24.18005002436873,-22.3484971296646,-21.609412668823566,-21.578592486195248
-19.95528193407868,-20.09156128049738,-19.948096032938775,-21.922885727729767,-29.95468856339966,-19.996197758507027,-21.896263505065427,-44.87565405879694,-62.14717367011902,-20.425355827512394,-20.007508714625747,-20.1420573639981,-20.147378354381214,-20.41586867060436,-31.360465538251127,-20.19595970310844,-20.066405830363664,-19.94236629410004,-21.03023903560364,-23.566368857018897,-29.00192920217759,-63.02922397393053,-237.6821277765932,-99.28160689056574,-21.442314904154845,-29.110292832790275,-22.941533120569826,-20.89997073732801,-20.000113280930556,-19.95090168443026
-21.4776313896159,-21.597760055057105,-21.486660543967993,-23.286947867382022,-30.576090767362647,-21.520005125648687,-23.168591624164943,-44.9142705567383,-57.89420264696532,-21.870722150135034,-21.51368506186272,-21.629526887455853,-21.625107299474582,-21.816258257340863,-31.211013978144894,-21.63753463178832,-21.564632303147214,-21.468982100021265,-22.384771573762453,-24.555307743602672,-29.63880853515742,-57.89992991751533,-222.49653136254744,-91.6200735060738,-22.69302640629097,-29.46185197542361,-24.100961424696774,-22.26695311050254,-21.51904028806018,-21.487425591912512
-21.011293960398262,-21.13616835705832,-21.015205819646443,-22.86480416564656,-30.34720557355769,-21.053221553363375,-22.77452753039431,-44.80803064002143,-59.11151959301542,-21.427316040927558,-21.052056518477244,-21.17388223759569,-21.172456760013212,-21.3872498675988,-31.237168096793184,-21.19614551251564,-21.105233177079096,-21.001187856486055,-21.968229107037818,-24.243656725873375,-29.423062410813017,-59.392031348522316,-226.41198699319102,-93.80804023934056,-22.308411785880107,-29.33639812814528,-23.739897140700844,-21.847150030308992,-21.053705361157746,-21.016643963708418
-20.905899690469624,-21.035861497130217,-20.905873142362545,-22.829895821558107,-30.352273739562776,-20.944205513678906,-22.71572703924002,-44.7852138577805,-59.088772186827796,-21.316797104014455,-20.95116520909115,-21.069568895221327,-21.075868066789948,-21.289948799583044,-31.168727093987588,-21.10879033473517,-21.008226427539277,-20.897559851044704,-21.87614527065658,-24.181569283170784,-29.509833572058913,-59.14836679664969,-228.9491181635561,-93.58977339775777,-22.21953367723946,-29.382142834186652,-23.701749157904196,-21.74924963700035,-20.946842298299543,-20.90736202267737
-20.823155661285636,-20.950814640196896,-20.824451590916063,-22.70769004225084,-30.272487362360785,-20.864166405789252,-22.622628336215513,-44.78206652700737,-59.55789067450115,-21.24637175445155,-20.866556749739885,-20.98979064067076,-20.991020415318,-21.21410581871685,-31.236551863195135,-21.02060804108677,-20.92140618017256,-20.81293516642299,-21.8009818666176,-24.120896974817484,-29.36846359348477,-59.888866820991254,-228.46316667585407,-94.57043350517549,-22.153216629232254,-29.305427338321103,-23.604527495248647,-21.67739201422669,-20.865623196800698,-20.82612813974209
-20.67076497185302,-20.803393984705558,-20.6681633559637,-22.622884038305376,-30.24956326236974,-20.708659618929648,-22.520131602103955,-44.767156045763414,-59.70119251959903,-21.092426338433977,-20.71859238936047,-20.83963348758932,-20.847782211503098,-21.072995721775396,-31.18062951979938,-20.88645022564937,-20.777109232904706,-20.661891862208524,-21.666491628189082,-24.025237371669363,-29.41842153634846,-59.86911548053147,-231.28144216560352,-94.68827696447578,-22.025177596105724,-29.33167182334952,-23.524509377737882,-21.53740635414888,-20.712130394738768,-20.669952965358362
-20.975514917369473,-21.10526332747311,-20.975878553273756,-22.90021217084445,-30.3949122989562,-21.013449774251097,-22.778189703848994,-44.7993006780281,-58.868887892686224,-21.38181619693924,-21.020541713934232,-21.137428516188272,-21.14418590276404,-21.354075072979345,-31.15497569600351,-21.17631495955806,-21.07763150181939,-20.967633887140465,-21.938507466027865,-24.229844060223122,-29.55701138053349,-58.85586169112059,-228.55594263764183,-93.17511823295507,-22.276703376961315,-29.40772969162107,-23.760542086201585,-21.811525524647216,-21.016099108336274,-20.977262221839062
-21.525949995459797,-21.648369225562526,-21.533441246071042,-23.37087511199903,-30.65077596583769,-21.565930253210635,-23.230769741377927,-44.9355306295183,-57.59708144929219,-21.910385116908827,-21.56405582395778,-21.675989784874815,-21.67617256270525,-21.861469558215063,-31.16558218530233,-21.69237092301476,-21.616987718129682,-21.518860505483634,-22.430002021539334,-24.598675041545633,-29.7515025211312,-57.40059770901861,-223.29893734444533,-90.95529870634132,-22.732974419443448,-29.52288630073142,-24.168047979414382,-22.309042883205407,-21.56609846703202,-21.534086956764042
-21.464210925861334,-21.58730775945178,-21.470979429455898,-23.315675342310346,-30.616990993951614,-21.504080920680256,-23.178693697972516,-44.912518998488096,-57.745050220035246,-21.851421763279536,-21.502956824324887,-21.61564353846078,-21.616324941324258,-21.80461414496627,-31.166037986355043,-21.634114590630052,-21.55623258815746,-21.456949608070747,-22.374737059751663,-24.556452419818445,-29.723760869678785,-57.57955725362569,-223.775650949806,-91.2181490192665,-22.68186005007242,-29.50651753047887,-24.12053663024601,-22.253316090063027,-21.50446285921148,-21.471715309407358
-20.733255416197533,-20.863118693451494,-20.73271701957262,-22.64603408713414,-30.24746324376923,-20.773060909479142,-22.55661095467928,-44.769086555449846,-59.70219943249364,-21.15753796480994,-20.778641070267383,-20.90151105213505,-20.90553616302096,-21.131152897210526,-31.219091164026615,-20.939351320548255,-20.8350513830105,-20.72344449163353,-21.721450638331785,-24.06325511492372,-29.372638112399542,-59.99233507991299,-229.79674943446201,-94.77257610119088,-22.078458230278407,-29.307598163014617,-23.549446351880125,-21.59553733800156,-20.775378035362642,-20.73448170414524
-20.5083246981674,-20.63766713231759,-20.50747898495378,-22.401477032430584,-30.137006781541366,-20.550522581855382,-22.347928534624778,-44.806169815879244,-60.58465673331048,-20.952138032895643,-20.55377144618999,-20.68267644381284,-20.682991047804467,-20.92465633641283,-31.302375333421317,-20.71718921986758,-20.60878982749862,-20.49636440323899,-21.520192567882145,-23.91692023649704,-29.18307762131534,-61.21782430050455,-231.1555458572027,-96.50652099055577,-21.89543826138127,-29.202285958243053,-23.347235431349585,-21.3960959501176,-20.552233204227697,-20.509614041627298
-20.503133288486172,-20.632234592902353,-20.502447025013225,-22.39251596355307,-30.13422686451517,-20.545594853157848,-22.3415336452814,-44.812250770808305,-60.626280469093345,-20.9480801829311,-20.54841083983935,-20.677696239048796,-20.67752231192939,-20.91993455677027,-31.30927183996496,-20.711336901418566,-20.60318234658912,-20.491001311056547,-21.515454948657908,-23.913885136635443,-29.171147501038526,-61.28468757216415,-231.13139915354265,-96.59779667289227,-21.8913465683506,-29.195384439286066,-23.340107056079482,-21.39169909671704,-20.54718678126757,-20.50459675714212
-20.32799283715426,-20.465455556098917,-20.321174883520154,-22.337190559762554,-30.1265786562007,-20.364535674721306,-22.243215694017806,-44.78127176742065,-60.54610626679825,-20.763025551287246,-20.38036906089635,-20.504027766473666,-20.516408704071164,-20.756133904280354,-31.18437855001091,-20.564643894247926,-20.441814309145283,-20.318863251326945,-21.361527980292713,-23.80097823982077,-29.323982087224877,-60.79829105735783,-235.34938516993452,-96.18058219233893,-21.74107239874798,-29.281165509544707,-23.277817907449453,-21.227933672719452,-20.369626105730966,-20.323356203404305
-20.412071651633372,-20.546809277370635,-20.407243825306576,-22.38233530855498,-30.13398812981347,-20.450281964290227,-22.29943760261957,-44.76939543764844,-60.47073333600816,-20.84816238908599,-20.462035520999116,-20.587019458671374,-20.595648435828117,-20.834657657952704,-31.217717128351865,-20.639211076409847,-20.5214688369828,-20.402182982291635,-21.436029488512244,-23.854281715607772,-29.292885437160578,-60.82313865034203,-233.6591774662675,-96.10264582370036,-21.812654176339546,-29.2647241275781,-23.32157039808126,-21.30549704833834,-20.454286497383816,-20.40937800042597
-20.18119240644673,-20.317387293643304,-20.17470159120774,-22.16083129561712,-30.038166963144413,-20.220117481337546,-22.100070204505645,-44.79843516618382,-61.22948827603515,-20.631931762191485,-20.232769978318508,-20.36180098662464,-20.37001251885182,-20.622397496971494,-31.268401677582972,-20.417205995013944,-20.292609858812458,-20.17015885579275,-21.23075777052933,-23.70505702365729,-29.168490380631482,-61.787729091331045,-235.794015970177,-97.51507414087365,-21.62418671411988,-29.199406224079304,-23.13658472742791,-21.099446671298768,-20.224394122639847,-20.177152398984898
-20.332860063447633,-20.47015624037004,-20.3261603262848,-22.339629826765055,-30.12669625810896,-20.369506123455757,-22.24639599299243,-44.78010206707894,-60.54253522696113,-20.76797948365791,-20.385088608990614,-20.508838625805474,-20.520987151004896,-20.760693974316833,-31.18655506919371,-20.568943565326805,-20.44641154460704,-20.32368177456643,-21.3658457290506,-23.804035652415216,-29.321830863893428,-60.80132870145855,-235.24451414465315,-96.17732918221607,-21.74524443103807,-29.28005864524397,-23.280254657410346,-21.232439570615615,-20.374530153172547,-20.3283393421164
-20.406298436216513,-20.542318362501003,-20.400636409740287,-22.39681372690412,-30.148344320827857,-20.443435803595122,-22.303806596311784,-44.77244445063189,-60.37991003256957,-20.839213166904063,-20.457349331792965,-20.580851917007916,-20.59168078943005,-20.828738864795397,-31.190676464993196,-20.637253666719324,-20.517842949891143,-20.39704517468199,-21.43111431828521,-23.85164023644676,-29.333045774258714,-60.639903441489494,-234.24179021647586,-95.89717989679042,-21.806418579902314,-29.28591851761712,-23.33037185250916,-21.298988516310967,-20.44800760824792,-20.40274081971924
-20.3622641081155,-20.49941357541296,-20.35575475386358,-22.368467639582143,-30.141055762955553,-20.398791160719266,-22.272144108156443,-44.77928971512604,-60.44547894327322,-20.795473665263856,-20.414331974555076,-20.53750731345916,-20.549773790482604,-20.78773763335152,-31.179813418526265,-20.597324037620023,-20.475621810906603,-20.35324944284197,-21.392022059988726,-23.82355168593568,-29.339034687122947,-60.676117328729894,-235.00897294196494,-95.99663226575967,-21.7692441214928,-29.28894747893461,-23.304230294955264,-21.258671357618645,-20.403796867818517,-20.357892722358876
-20.792129398903118,-20.918289555711667,-20.794421782435563,-22.65332646831176,-30.24595228836545,-20.834740481780543,-22.583550066738635,-44.80417227382539,-59.79206067450424,-21.22183891529575,-20.834388249922526,-20.96001410374033,-20.958235173171467,-21.18561814916622,-31.27472373229007,-20.985405548159584,-20.887784901722554,-20.78086943189942,-21.772423716480986,-24.099558343049427,-29.295313375524024,-60.27062697547643,-228.18980916171253,-95.08703690871171,-22.128385928287692,-29.26398592940616,-23.5612768998629,-21.650895276587654,-20.835463328087396,-20.796183050570008
-20.777480015859755,-20.904277022756094,-20.779260558972577,-22.647103817234463,-30.242795640509357,-20.819644630747874,-22.574718884279555,-44.796012799805816,-59.793240115253354,-21.206617313436457,-20.820276390519954,-20.945563661215626,-20.944724651488702,-21.172140709530623,-31.266799861057102,-20.973085210100475,-20.87417976252468,-20.766430264965976,-21.759641128655026,-24.09017796872552,-29.304855502932853,-60.246156038865536,-228.47656821421566,-95.0629605567112,-22.116196296010266,-29.269593549517104,-23.555259962058656,-21.637380958255243,-20.820634535007073,-20.781030401133773
-20.534850471530383,-20.668793448869344,-20.530938345156972,-22.49977399436281,-30.190150447499835,-20.57272326399015,-22.40562765267136,-44.76517566563369,-60.0835180988267,-20.96345499326915,-20.583968665764544,-20.706821240858844,-20.715600331633226,-20.94766528781874,-31.194566292232118,-20.757175018509116,-20.643143478217855,-20.52555357750436,-21.545391120778024,-23.935240580640055,-29.35919455936598,-60.33171052124911,-232.5938362599742,-95.38386986572769,-21.91320702802981,-29.299862102367662,-23.419993794590336,-21.415292950991315,-20.576568969501647,-20.532903838908418
-19.720493990380838,-19.871265895074362,-19.704356435003525,-21.91863568111299,-30.040174234163622,-19.75102290061696,-21.791613841795943,-45.01043782951368,-61.66400220792635,-20.1657368086364,-19.784833460117817,-19.90635074143164,-19.934100815182422,-20.188269426645437,-31.07964133398187,-20.004203992022425,-19.855088347492043,-19.71347556459264,-20.820536462858545,-23.41347634726803,-29.347819457290015,-61.646972525950794,-245.9170490357485,-98.14444452040915,-21.22655877998715,-29.291548365696556,-22.894990068863354,-20.672797965333398,-19.760879898927943,-19.706997425111584
-19.65205131633382,-19.796749179500733,-19.638731358955607,-21.737962201646727,-29.888904414599676,-19.68819678995583,-21.683121276427823,-44.90828168310246,-62.54193325533162,-20.121443145394874,-19.711464247437576,-19.8434054783874,-19.859538900552664,-20.132646403633235,-31.275203881348652,-19.92244502451545,-19.77681821911365,-19.641194830655074,-20.761880693664374,-23.36534669783208,-29.075518414157614,-63.15051767837894,-243.10021342678385,-99.8090937369211,-21.18613502924471,-29.159929806482275,-22.771582973979072,-20.621978544787193,-19.695375041403814,-19.64171030462576
-19.843930118830166,-19.982819518773557,-19.834719948043446,-21.84596952499779,-29.92365659780348,-19.883507813890734,-21.81422740065561,-44.88051077027259,-62.345423171255675,-20.315405928486456,-19.898414579414112,-20.032697327872693,-20.04113161475235,-20.312571689800592,-31.343583002935716,-20.09440456390085,-19.959259359224358,-19.83149646466898,-20.931883387441104,-23.49326603980846,-29.010022105470142,-63.17401228095754,-239.42136527262926,-99.57719772364823,-21.349564800115896,-29.11858777666614,-22.873677286220975,-20.798712900926517,-19.888412101997254,-19.837612253237968
-21.217331905069212,-21.346854623061333,-21.218768195260502,-23.152880026741883,-30.57305053430516,-21.253582317622353,-23.000134814326184,-44.892292304461606,-58.10182603076722,-21.606966281254376,-21.26213302547931,-21.372941399495794,-21.382160272319357,-21.576897000969847,-31.103747950631792,-21.41225631874045,-21.31961024654564,-21.211306255709207,-22.15570299658146,-24.40388730531853,-29.74029522031166,-57.80947829120331,-227.70186678497575,-91.72413877438734,-22.475270778993455,-29.50578266947992,-23.97069184813274,-22.02770274743475,-21.25650450020553,-21.219770405672268
-21.343368301802858,-21.467573156978474,-21.348894026042206,-23.204528265018194,-30.548643172187653,-21.383217005942104,-23.075244604653715,-44.87138506837561,-58.052987750976946,-21.736549940673214,-21.383173370507674,-21.49758787846387,-21.49884689366448,-21.693275932649225,-31.17142717875347,-21.51934592786338,-21.43695632552417,-21.33566662862679,-22.26648949456803,-24.473330566259374,-29.663099893434996,-57.96213620685913,-224.64636452881322,-91.77557241945107,-22.58189289120963,-29.47144640034172,-24.02541932014264,-22.144409107099264,-21.38391669600036,-21.349807635536298
-20.087455340313614,-20.223816621745446,-20.080580337718402,-22.064118038443624,-30.00072080918411,-20.127073228374464,-22.01627947735042,-44.822690510541136,-61.59019172822617,-20.545655972406706,-20.139378732199194,-20.27056146505074,-20.277819469728612,-20.53656230453193,-31.301883101959803,-20.325805667031485,-20.19897406338595,-20.07571868492162,-21.147506629675235,-23.646239726997912,-29.10372572383433,-62.269862072937855,-236.57452004245053,-98.20328108551463,-21.54844426037682,-29.16508938179109,-23.05702897627658,-21.01643793435184,-20.131262773486835,-20.08317339501087
-21.034181639570825,-21.168299522396953,-21.032072866028052,-23.03248023344262,-30.554061419917595,-21.0679981401701,-22.86708871633667,-44.92341887392521,-58.37762049686633,-21.425835942613908,-21.08332301751218,-21.19266849623003,-21.20782474039391,-21.40681528682025,-31.056534482224322,-21.24616737705761,-21.143688230802447,-21.029013890020362,-21.992555181937174,-24.2908439435631,-29.752726837376137,-57.98857063111792,-230.85816168115213,-92.16731970854548,-22.320375144277136,-29.504083774209583,-23.85820566614297,-21.859809576409514,-21.07267965295214,-21.033250183568544
-19.994924328327482,-20.126668020705406,-19.99102031248238,-21.897483747593498,-29.98056162308631,-20.03965394872656,-21.901333972526015,-44.97812505216982,-62.45183263881617,-20.47635392407502,-20.04385704405794,-20.18221430673368,-20.180080267789982,-20.4541939758734,-31.454241368164958,-20.221000004610616,-20.098498860644735,-19.979859452513228,-21.064235987363897,-23.605402017562113,-28.87778177698696,-63.64564721257916,-236.3679466440512,-100.06629785445149,-21.478537269202757,-29.032976861223894,-22.9265585238571,-20.939945319166306,-20.041565583076707,-19.99391066451195
-20.923098806994574,-21.04834293056969,-20.92646273937007,-22.77756453490499,-30.303732377995317,-20.965427662439595,-22.696517995177096,-44.805153943455295,-59.39324817957503,-21.344956981386968,-20.964334541827334,-21.087855712608402,-21.086036853212722,-21.306077422109816,-31.25419006778655,-21.11087547859015,-21.017475700184708,-20.912452215882684,-21.88929978793211,-24.185086944444414,-29.36657322445805,-59.7628712303023,-227.0578515378839,-94.34404278692146,-22.235934179961664,-29.304321840501288,-23.666361881057234,-21.7682292393783,-20.965941096505652,-20.928034665432616
-19.859085714547565,-19.99577664274754,-19.851370639795164,-21.8274774371251,-29.927038607125496,-19.900538415536282,-21.81248758082724,-44.91485943483193,-62.51533096638336,-20.33651383257826,-19.911918425370562,-20.04835708804122,-20.053084172232467,-20.32786918900147,-31.39382622469076,-20.10283404301483,-19.970720055678537,-19.845561736077773,-20.945087289390443,-23.508748586031352,-28.944530361061645,-63.50874194006543,-238.68664743143904,-99.98040580808023,-21.364706492395776,-29.079891211419557,-22.86272638568603,-20.814802914917497,-19.90446507257604,-19.854316257518086
-21.439423978804005,-21.559793052142094,-21.448136869124998,-23.2501988097329,-30.553925743510433,-21.481888170807135,-23.13509503859929,-44.902746512991044,-58.00048769019554,-21.834708422600137,-21.475729498205414,-21.592233414833693,-21.58780785777925,-21.781071939664596,-31.21479186736814,-21.600907857000326,-21.52673434412351,-21.430576721607917,-22.350487034619746,-24.529038770211333,-29.615871437016658,-58.0379705290409,-222.73721936785262,-91.81832016440976,-22.66146122647124,-29.44850858448305,-24.069672333419266,-22.232600956802145,-21.4809745154032,-21.44896143109123
-21.298939539626094,-21.4249366170788,-21.30303802547087,-23.18454966521621,-30.551737615730246,-21.33757669905743,-23.04797288543834,-44.8691737493835,-58.07546507034185,-21.691069788491408,-21.340411427465874,-21.45372691342103,-21.457649851608778,-21.652415753181018,-31.149767328710332,-21.481481503570187,-21.395462202438022,-21.291784275181396,-22.227495056795807,-24.448131114683246,-29.686842143495088,-57.9207165229642,-225.62378016690357,-91.76234749081942,-22.54463679400423,-29.482316084956153,-24.005236149639753,-22.103438240489,-21.3390273436833,-21.30398756833325
-20.684022172860292,-20.81769373590072,-20.680798473416523,-22.653531095115888,-30.27598450896854,-20.720907422392447,-22.540268784508164,-44.776930101355646,-59.57083239917611,-21.101908151414314,-20.732750939286937,-20.852104819068497,-20.86226223855021,-21.08480627999414,-31.154810717811532,-20.902470107916166,-20.792145170294436,-20.67580385351403,-21.678625916992324,-24.036614798654035,-29.464508800165902,-59.643924312502385,-231.70210598802976,-94.41450834827648,-22.03489926359515,-29.355542212498392,-23.54726121671465,-21.548174788500557,-20.724867603231388,-20.682538371920735
-20.409955469536992,-20.545458204633146,-20.40463100791724,-22.392339711823915,-30.14286478994471,-20.447512752551194,-22.303241843029475,-44.77034584038258,-60.4113928276693,-20.844040146246357,-20.460563553069402,-20.58463570848372,-20.594594480650784,-20.832354471111316,-31.201160146089475,-20.63935478586865,-20.520637683238284,-20.40045712672215,-21.43428892228833,-23.853513996095025,-29.31781886832126,-60.70689699896103,-233.9929618357711,-95.96950022482662,-21.810031235318466,-29.2779524367243,-23.327982577296357,-21.302798499148672,-20.45185844453326,-20.40674544761116
-21.004788404264513,-21.129139752647724,-21.009068381930877,-22.85049959754796,-30.33911561427476,-21.047235332063142,-22.76479720882872,-44.81422363869528,-59.1742585573851,-21.422661486492853,-21.04513376695447,-21.167685971419893,-21.16526570269459,-21.381209228017966,-31.248367098388165,-21.18806923637134,-21.097830025014407,-20.994358846557635,-21.96207771152255,-24.238614109423043,-29.401037503680016,-59.49885991600285,-226.28055651397358,-93.95222507128149,-22.30316218754027,-29.32394213071227,-23.728599775561413,-21.841689981954527,-21.04746985106917,-21.010527993214513
-20.748068150625187,-20.880594202370414,-20.745802064590343,-22.703118606791204,-30.295970489098796,-20.785423483358255,-22.590285247663957,-44.776369346925364,-59.43682065069386,-21.1641383665718,-20.79573274650014,-20.914916555599927,-20.923835185431578,-21.14409199489143,-31.16030436068751,-20.961850209687622,-20.854392491672677,-20.739773415405264,-21.735621528770768,-24.078243672343035,-29.474595084403752,-59.51222771687192,-230.85619164725964,-94.1868126577682,-22.08831441877607,-29.361575345384907,-23.59097343653987,-21.606297631578126,-20.788969901756523,-20.747473141382404
-21.06028648470304,-21.190818666098973,-21.06045627803874,-23.002316620353398,-30.473622038000073,-21.096885804810352,-22.862589044406022,-44.83887813281294,-58.5337170137324,-21.458552760481748,-21.106010581081776,-21.21964976970291,-21.22880366989651,-21.431990501569725,-31.119513295149748,-21.261601930957386,-21.163906725563074,-21.053499861022246,-22.01491362797066,-24.293316733030313,-29.650222658659303,-58.36122821422976,-228.6602553073611,-92.51868964249061,-22.3455424208479,-29.456591472103568,-23.843307402983292,-21.88651422627217,-21.100019969513156,-21.061685631404764
-21.286333561738793,-21.412192521344824,-21.290480787261224,-23.169121445212237,-30.539338506283627,-21.325188856110582,-23.03521983475963,-44.86260928862703,-58.12462471212453,-21.679679924113945,-21.327679477243944,-21.441497117524108,-21.44502853167301,-21.64078784067596,-31.154807723730983,-21.468713701911057,-21.38258975723413,-21.279003923982227,-22.216069420730868,-24.43845497929707,-29.672193841520347,-57.99430792217958,-225.5948647445369,-91.86076676098568,-22.5343181665317,-29.474480016456816,-23.992643008980924,-22.092257229538593,-21.326556469145356,-21.291453768878842
-19.508294487261313,-19.65451136094294,-19.493653992787998,-21.610144190507828,-29.84560002134788,-19.544427434199296,-21.564432828987023,-44.95411676443527,-62.99550292896329,-19.985442944582207,-19.56920125572432,-19.70297923719381,-19.719777586846277,-20.000232741832146,-31.30175933841621,-19.785687892537386,-19.635357607960295,-19.49704773173303,-20.634798888335943,-23.27489207820216,-29.024526416676913,-63.68636002449357,-244.8687786565762,-100.63605113893253,-21.06878016309103,-29.136952894919844,-22.66450223174448,-20.49355327746666,-19.552026393914073,-19.496799005765347
-20.00604888374157,-20.150716151643646,-19.994000835509745,-22.11610877767041,-30.0729645799686,-20.039171831582134,-22.00460945562971,-44.87335123590623,-61.12020077423448,-20.44605899871505,-20.064932490979217,-20.18734814330862,-20.208247556711335,-20.45577048182223,-31.126239467668544,-20.26870628658773,-20.131247197124292,-19.998120603693064,-21.0751019153776,-23.59508123502267,-29.338064240490496,-61.224911188195634,-240.81402538989497,-97.15507899873765,-21.46907262374134,-29.28760587053039,-23.0761927618486,-20.933830298808566,-20.046904383558953,-19.996434599548707
-20.462327799111634,-20.605040619458645,-20.45316709571049,-22.56863005866474,-30.350174805468516,-20.493515584876164,-22.40750856244137,-44.942878103842105,-59.64537865332202,-20.87343979594148,-20.519341841325193,-20.63200251843395,-20.65523822327807,-20.875690230385363,-31.0221468037023,-20.70966641575553,-20.584822582368854,-20.457004999129346,-21.48132135326756,-23.910608499027454,-29.611477747777002,-59.320930529304526,-237.8350328498473,-94.45218706396174,-21.841087415826873,-29.4200406523415,-23.44968442177275,-21.340663465343916,-20.501053171694405,-20.454973835088822
-20.446663781007288,-20.58853011289358,-20.43785185341474,-22.537504844267396,-30.310061617582413,-20.47862516248671,-22.386354952579733,-44.90236477451497,-59.760552079929354,-20.860973759855067,-20.502891623072628,-20.617229561689207,-20.63881993196536,-20.861974385565848,-31.04552644242827,-20.692308475662944,-20.567822210966415,-20.440789020681155,-21.46739281858169,-23.895498840762617,-29.56971445943742,-59.51802144456234,-237.30644712732862,-94.66375876109976,-21.829959734943316,-29.401052540580686,-23.427387531144326,-21.32784020215937,-20.48579297556772,-20.439709874134966
-20.61679707322209,-20.745803730850504,-20.61650393786549,-22.510546918432862,-30.181813422794466,-20.65835354240316,-22.444122076089222,-44.787708329731494,-60.201926636901476,-21.05268502042518,-20.66171149094723,-20.788402711566754,-20.7894796539155,-21.024285161686784,-31.272883776110618,-20.822518478590077,-20.71690679958706,-20.60556784704674,-21.61693921121116,-23.986189547294927,-29.254578495383637,-60.711033289948155,-230.25510072619977,-95.77296089549617,-21.983969778812394,-29.242134248720916,-23.438369824776586,-21.49270365870768,-20.660090535345617,-20.618475258289795
-20.458607136593063,-20.594822824484854,-20.45300355645607,-22.455528347998644,-30.18186164654219,-20.495140868547384,-22.353133473731603,-44.775675054345406,-60.17019120685714,-20.88688169905915,-20.509765676861484,-20.631653744364314,-20.64349473834467,-20.87662684513319,-31.16890723374035,-20.68903014385499,-20.570573906733166,-20.449886953945043,-21.47778753430179,-23.88719628922172,-29.379782177788844,-60.34494013199232,-234.04339531028302,-95.49503734514576,-21.848574453374372,-29.31019246070749,-23.377996207260036,-21.345182652483143,-20.49988351659067,-20.455020646729658
-20.87297675676832,-21.00068164496385,-20.874397603466903,-22.760809517648944,-30.299995454731963,-20.913532747329484,-22.668552444341145,-44.781541879320656,-59.37712964531313,-21.292218464298795,-20.916331622221723,-21.038298130111595,-21.040210158464227,-21.259938888040683,-31.221534057958337,-21.069587861553526,-20.971410408740596,-20.863192437654334,-21.84565050496822,-24.154381083062827,-29.408556277937908,-59.6396719150722,-228.1883591518697,-94.21770864497917,-22.193980152286837,-29.327734635224125,-23.648705660989453,-21.721746393383025,-20.915090223669594,-20.87599369404833
-20.634846110674907,-20.76193306433001,-20.636000896121544,-22.50171219045896,-30.181409316094264,-20.677974644987547,-22.447018476018968,-44.81793983298438,-60.2996607232726,-21.074696744615622,-20.678229400046796,-20.806552460734924,-20.80448383803916,-21.041056805475055,-31.306010006077255,-20.83412106963106,-20.73175676724768,-20.622756709330474,-21.63216741297364,-23.998499581540543,-29.205137261019875,-60.924475777838154,-229.58507598612212,-96.04314701107597,-21.999552026290907,-29.21311437275508,-23.43352714810229,-21.510303433371764,-20.678865555213214,-20.63799173218138
-21.47809272859798,-21.594322171172774,-21.49020997615171,-23.234796029412326,-30.53798918907835,-21.523918870000987,-23.14098814195443,-44.96605066020301,-58.151600456753556,-21.880257414925275,-21.51088057548932,-21.630731807715755,-21.61950229045337,-21.81501179573322,-31.2700488776687,-21.624649149759563,-21.558534845885035,-21.467498597661614,-22.381994723611538,-24.546046297646548,-29.51785192027291,-58.39518815925561,-221.27668666439598,-92.30954166240338,-22.692001370697536,-29.39333273321455,-24.06033737000923,-22.268985537947223,-21.521169881140576,-21.491030721389336
-21.341165357525874,-21.461540539952185,-21.349543223532898,-23.147243028692383,-30.49226261050231,-21.384408697698632,-23.04462694545923,-44.88369470051132,-58.31994749486849,-21.743614847389974,-21.37761297162476,-21.496465154794425,-21.49094393173895,-21.69040858194013,-31.235212676579522,-21.504645760485463,-21.42824519442495,-21.33150213735957,-22.26192048979915,-24.460518040856766,-29.537887212443437,-58.47864001299165,-223.18130415741692,-92.44547129876867,-22.58025089579477,-29.40361083106776,-23.982833698335938,-22.14460601140357,-21.383346123299468,-21.350529954759335
-21.004472918261254,-21.132773830228803,-21.0059173107667,-22.908485540459235,-30.388049658723993,-21.04343395887873,-22.793763109213614,-44.796027009869135,-58.87767109470987,-21.41227350076592,-21.048183996412,-21.166155932927435,-21.170697006222785,-21.38094080722569,-31.1753273527894,-21.20027680320158,-21.104204690049407,-20.996080695693635,-21.96388277907877,-24.24601619763449,-29.530934795508216,-58.929805278795016,-227.7704760505835,-93.23339917132363,-22.301421209882594,-29.394804365052458,-23.770512519384887,-21.83855678369027,-21.045471716150598,-21.007289720907487
-20.491841917202667,-20.626922986489834,-20.487058957166763,-22.472404433330148,-30.18268836335341,-20.52908149364196,-22.37489962800367,-44.76896252549991,-60.14466595656357,-20.920660630597478,-20.541986109877456,-20.66448957934698,-20.674742238284626,-20.907689069311207,-31.183410269184566,-20.718345744902013,-20.601967987005278,-20.48279380743798,-21.507246179653677,-23.90787581489697,-29.36567075359702,-60.36287511707914,-233.33725367450808,-95.47201455944827,-21.876969690141127,-29.303094260959888,-23.394748689965752,-21.375914788651816,-20.533369782315226,-20.48905832863915
-20.89132872721568,-21.015588477986007,-20.895334313297646,-22.73039307929043,-30.28241488946984,-20.934804579362535,-22.66056495462184,-44.82448008095052,-59.58541854549581,-21.318297714618907,-20.93185663529519,-21.057158695388186,-21.053241077872297,-21.27675940224624,-31.28138880782665,-21.07651191240418,-20.983984928757128,-20.879908847472535,-21.860226104304928,-24.163665126310406,-29.310226704124098,-60.06474545316462,-226.98129840936053,-94.76366508468755,-22.210033138046896,-29.271892962006078,-23.627973372652278,-21.740573231365417,-20.934818748840954,-20.896978556203884
-21.104218482087493,-21.23256731972564,-21.10598763727833,-23.01465718814627,-30.4573796161419,-21.14234586909389,-22.886114176624407,-44.82288815502224,-58.542489467300435,-21.50462334497376,-21.147912414820187,-21.263267744473648,-21.26907745147371,-21.472818535860355,-31.150297490384332,-21.29809147201967,-21.204257652629234,-21.096668532742864,-22.05349062170212,-24.31671852219343,-29.61095824873348,-58.46694200914783,-227.39830796458864,-92.58941466613534,-22.383238727761107,-29.438227651679814,-23.85869988570952,-21.92758078890803,-21.144562009182962,-21.107199412662755
-21.034463884015132,-21.162326855554653,-21.036314488860125,-22.93347772566178,-30.400333298629157,-21.073566892772345,-22.818042099889336,-44.80048714987478,-58.80875993952928,-21.44114996106613,-21.07776140130499,-21.19551520547464,-21.199638107515945,-21.408601109299138,-31.176089736577325,-21.228302511976175,-21.133520882886327,-21.026091669419344,-21.990607180955365,-24.26581863894718,-29.53978485233472,-58.853636494202895,-227.44771383938263,-93.11432970690714,-22.326278310166877,-29.39997147771371,-23.79218728862223,-21.86567124883901,-21.07545250708341,-21.037649218117206
-20.726814408271178,-20.84381300902407,-20.73615864756195,-22.46845648409515,-30.260766313691363,-20.778224497770125,-22.465611136803297,-45.13908747536026,-60.81240776901653,-21.18760476395815,-20.763085766809787,-20.897915115944137,-20.879754044849925,-21.12374594825798,-31.462557998308327,-20.890503031072377,-20.807508430045132,-20.71031995108163,-21.707424888844024,-24.075796428100496,-28.962753385505195,-61.9945727446353,-227.3662400901772,-97.61425856173081,-22.07292353758159,-29.054736700840607,-23.407675217532283,-21.598338620167677,-20.77474483037777,-20.7382135662985
-20.702830460689274,-20.839975615837723,-20.69760897321881,-22.73034655846349,-30.371178984187218,-20.73665565672334,-22.584797133760617,-44.85179447779598,-59.24209867705187,-21.11046500447487,-20.754713213964067,-20.868817092714167,-20.885317871767562,-21.10046018041846,-31.07623919534838,-20.930496451111953,-20.81673087112352,-20.696565195867105,-21.696084046950116,-24.061284558280654,-29.599770890094707,-59.03495328220754,-233.5373418347486,-93.73885707097996,-22.04578895201181,-29.42180094675238,-23.600531553335756,-21.561228103513535,-20.74217391811769,-20.699219439056193
-21.245060980938128,-21.366573922449447,-21.252249335635508,-23.06236058584749,-30.4468791174944,-21.28806875043268,-22.96455132077321,-44.85907781916385,-58.560034182238084,-21.651883532514415,-21.28262145115484,-21.40253632455142,-21.397919795916156,-21.60209903283166,-31.238102103173674,-21.41425795111855,-21.33383902785143,-21.23517437541925,-22.176201936455424,-24.396834526047634,-29.498050139220197,-58.766295688583405,-224.0343197368614,-92.86781526154553,-22.501059663676315,-29.380144843852612,-23.910022212005263,-22.05802812729821,-21.2873792735225,-21.253374099494966
-21.168130422517,-21.297053565141713,-21.169759135908883,-23.091262045691423,-30.517972133290186,-21.20526644729199,-22.94973222051253,-44.85553874440144,-58.2964698414734,-21.562602299649615,-21.21234777510826,-21.32527997148184,-21.332860294745224,-21.53164392224895,-31.125253576552403,-21.362365083469,-21.26928709107212,-21.161397499869594,-22.111195966130754,-24.36505680684324,-29.68088044790555,-58.10361626437271,-227.48904047480704,-92.10585264702894,-22.435324566100224,-29.475108546100376,-23.921035250678408,-21.98422272921319,-21.207842383848956,-21.17085484397588
-21.03091726026387,-21.151351314144318,-21.03829142118716,-22.82425752682299,-30.33358528209336,-21.076648435272357,-22.761355938979396,-44.8900472167832,-59.38415212096767,-21.456954501132493,-21.068143309264823,-21.19402358248352,-21.185091609597123,-21.40446960197815,-31.31008354880796,-21.200648507687127,-21.11745962819058,-21.018700975891115,-21.982888234085816,-24.25366061973547,-29.297172793046755,-59.93573686434026,-225.08118529680928,-94.54839014157824,-22.324399461061013,-29.262707726591564,-23.71001888287051,-21.867296080031373,-21.075141494996313,-21.03978486899234
-21.03956359344838,-21.160413777419336,-21.046634627169308,-22.838738281419836,-30.338074909794223,-21.0848502511715,-22.77204027741659,-44.87794366402389,-59.32101024802303,-21.463831372356243,-21.07707540601483,-21.202375219526072,-21.194260046229587,-21.412550956089827,-31.3006424666699,-21.210538786106284,-21.12681040775538,-21.027630754176556,-21.99096149821539,-24.259256869919522,-29.316794265901432,-59.83414048924725,-225.11078527009815,-94.40203157483725,-22.331619805914436,-29.27449168840509,-23.72201069449145,-21.874791578956597,-21.083544670545752,-21.048106424000924
-21.011222384388404,-21.132627008828692,-21.017775706369125,-22.816596518375217,-30.32678211525633,-21.056249570143805,-22.75002056948393,-44.86877843189319,-59.37936958717746,-21.436277205183785,-21.04923491996963,-21.174640701759234,-21.167159503098656,-21.38660174105059,-31.298807047405923,-21.184611771035403,-21.099337875895994,-20.999335648190375,-21.96591147978124,-24.24097514681111,-29.312214562373413,-59.893189177459675,-225.43642910716792,-94.490445937171,-22.308411289226658,-29.272016046908625,-23.702955457438897,-21.849203472409737,-21.0551520689128,-21.01928333512744
-21.229032243042393,-21.35139841989727,-21.235519182493487,-23.057530996292456,-30.446182743551553,-21.271412257204748,-22.956022255860994,-44.84818377645742,-58.55298022546255,-21.63495323373679,-21.267334310613975,-21.386707689908885,-21.383405058467538,-21.58752211903052,-31.227493706377953,-21.40137604841077,-21.319215470825466,-21.21944632875742,-22.16236466594038,-24.38756206222544,-29.512672931545893,-58.72392185601342,-224.39901850528605,-92.81769431876221,-22.487873313780327,-29.388185686481968,-23.904934564095605,-22.04322044704703,-21.27108870028203,-21.236654591348934
-21.28422113204606,-21.40674389717403,-21.290773792715438,-23.117700658465772,-30.48193996312714,-21.32601862801363,-23.00794485245123,-44.85558220508516,-58.358752005171226,-21.6856843215649,-21.32258003175514,-21.44044659936829,-21.43805214699748,-21.63844839492199,-31.212403266960166,-21.455973841591305,-21.374800327449528,-21.275172960360383,-22.212147985571853,-24.42617534287008,-29.561318355465545,-58.45043094594622,-224.1923659531983,-92.43136280046306,-22.533379564854137,-29.415814919569705,-23.955300937940507,-22.092496973503888,-21.325852827847736,-21.29181621314773
-21.197766650619425,-21.317004715797033,-21.206584589518336,-22.982164427441358,-30.406801562853794,-21.24318492866449,-22.905237660712615,-44.89892480930955,-58.88614239423519,-21.613828694348193,-21.233608023173606,-21.356901949243667,-21.347789962594746,-21.557782595726778,-31.286705207673915,-21.360208911133444,-21.28263445444445,-21.186335906174893,-22.13194733072073,-24.361983025859864,-29.38961065534155,-59.29826981742107,-223.67389216966623,-93.61878916059962,-22.46154302543652,-29.317065393497508,-23.844282223476547,-22.016883413186825,-21.241387014527263,-21.20782569416436
-20.299152310037957,-20.43485855538751,-20.2933402084417,-22.278099088930063,-30.0881010438068,-20.33747741220927,-22.203726579236083,-44.77931562461304,-60.8137860543397,-20.741576387820526,-20.350105288775048,-20.476752313178118,-20.485643213940104,-20.7306751506383,-31.23550054934468,-20.53138744729486,-20.409968966904046,-20.28884361598394,-21.335614972868953,-23.780806380318324,-29.24068702694829,-61.24529398003557,-234.77851080509961,-96.73244494652636,-21.72006970832672,-29.237362113462947,-23.23378815008789,-21.204374919162593,-20.341732433801507,-20.2956215016266
-20.487576151848053,-20.625304353894037,-20.481174034321395,-22.511219677804625,-30.230024711760777,-20.522589746588363,-22.39135889450753,-44.80047386772403,-59.940437433920444,-20.909539323707108,-20.540040595541512,-20.659131231192852,-20.674007166661767,-20.902370190564355,-31.125834465114423,-20.721568452459966,-20.602103646940954,-20.479887300890955,-21.503812369237853,-23.910429831803736,-29.454908579398506,-59.96059271568211,-234.6716191979491,-95.03470498824298,-21.86996975349119,-29.34802863837405,-23.41936231904108,-21.369194831061588,-20.52804560165535,-20.483100017381357
-20.678651156711528,-20.803590707292663,-20.68153866847625,-22.517615308293475,-30.195939743272966,-20.723338040545052,-22.47205384919277,-44.8570531038161,-60.31851864483813,-21.120977520858823,-20.72030714615496,-20.849775005977374,-20.844500426272667,-21.081290883602552,-31.333963255017288,-20.870118237623903,-20.772052400669004,-20.665805501896685,-21.670158806154312,-24.0280187907909,-29.169152725283283,-61.03677609567035,-228.74105838438686,-96.17860899049683,-22.035816990516455,-29.1906486172069,-23.44887932071729,-21.550830127230704,-20.723323138609064,-20.683510220532497
-20.53720587774935,-20.673298481488068,-20.531957330531917,-22.536982262717856,-30.22832369068305,-20.573204291254687,-22.42420283403588,-44.78293718387728,-59.896364834677556,-20.959776259318833,-20.58818675995857,-20.708177731426954,-20.720790294176755,-20.94884040941172,-31.14671608507382,-20.765626060915345,-20.649105667507023,-20.52906171962757,-21.54791176492776,-23.940778921603076,-29.435620035116767,-59.97723606065509,-233.58952484642742,-94.97992630864753,-21.9125365164029,-29.339117078826455,-23.445107718870943,-21.415111125581547,-20.578015039334538,-20.533856020746644
-20.377393275747398,-20.514534292092833,-20.370941405738574,-22.384404275299723,-30.1496679956995,-20.413801798180522,-22.28590896211226,-44.779652400675964,-60.38998800273349,-20.809436921726594,-20.429436583659946,-20.552227723205124,-20.56467297785695,-20.80161605810645,-31.17486354291246,-20.61211342422419,-20.490763252501104,-20.36849826144025,-21.405501412732324,-23.83372024885447,-29.350249539360014,-60.60094120171387,-234.92084345110933,-95.89180107922391,-21.78150451608684,-29.294733477039205,-23.317290295191,-21.272095044665527,-20.418827815945296,-20.373056158575746
-20.34773634163253,-20.487561258989036,-20.339608413878175,-22.39753374219675,-30.18383162427295,-20.38211265326475,-22.27945860684443,-44.81524963900345,-60.27045589575924,-20.774682700092143,-20.402145126787367,-20.522089069278085,-20.538892463217,-20.772705249273525,-31.122832996245457,-20.59039465804903,-20.46549909821719,-20.340017399427932,-21.37924007754422,-23.81873608367536,-29.422346581506737,-60.30993552733871,-236.4454474371271,-95.62292890365626,-21.753413993279867,-29.330423037134366,-23.320224011539608,-21.242613848413637,-20.388272754681772,-20.341683795093378
-19.699271349300606,-19.84541862504974,-19.685308350184748,-21.813736581509385,-29.92867948513136,-19.733736993000804,-21.73678282305146,-44.905958306450216,-62.19279116523471,-20.159939217713767,-19.75976154693191,-19.8884693761291,-19.907849195473485,-20.174155313764782,-31.213400100964563,-19.97240743090499,-19.82650876693629,-19.68961297791214,-20.80325053912806,-23.39395647482366,-29.163419253986937,-62.60263687012872,-243.4127065282206,-99.13361357522949,-21.220602457562826,-29.204219579152525,-22.827917066440616,-20.661296549351434,-19.741631409095284,-19.688158052822796
-20.332409964141917,-20.469633259101347,-20.325753285258504,-22.337957197716637,-30.125311306906195,-20.3691228913459,-22.245431803440635,-44.77962592217294,-60.55065829328525,-20.76777210498471,-20.384577168478952,-20.50843420711261,-20.520447770640864,-20.760323963406897,-31.188403133967967,-20.5682983415439,-20.445838698053684,-20.323189121416707,-21.36543714122976,-23.80365173548883,-29.318930990566923,-60.81584073670015,-235.21373056044717,-96.19427895753506,-21.74498216686446,-29.27856085299609,-23.279079007924125,-21.23212467091313,-20.374113697529374,-20.32793529406729
-20.47565383677936,-20.61201526000058,-20.47002120830807,-22.47601162319974,-30.1947967583617,-20.511922616032894,-22.369858270240236,-44.77857874479429,-60.09583859495025,-20.902210135845767,-20.526922293884738,-20.648171946041366,-20.660486229201528,-20.89219432181372,-31.160136676479354,-20.706128578774653,-20.587894080564254,-20.467149904944065,-21.49301563367154,-23.89907509692604,-29.3978978873852,-60.23675477912613,-234.0253461128079,-95.35138130794809,-21.862210958896277,-29.31952154716371,-23.3943953311415,-21.36015286412797,-20.516756914071436,-20.47200740159025
-20.483901628279625,-20.615857732144452,-20.48114919967493,-22.414858400385647,-30.14129676117072,-20.523963176383077,-22.34440344216979,-44.77491927955096,-60.44538152018734,-20.922165320138287,-20.53145737708464,-20.658012508881743,-20.66262841876009,-20.901613239538154,-31.25473909826051,-20.701325220797415,-20.58873641809908,-20.473127164979545,-21.4993657052617,-23.90024238477055,-29.252236948579252,-60.91447762263208,-232.14131554697158,-96.13860739072805,-21.873732485136742,-29.24208657623072,-23.35412671541748,-21.372030397488125,-20.526824991135225,-20.483251369905602
-20.8036207865881,-20.928524970171352,-20.806884564384877,-22.647646304442997,-30.24570381775117,-20.847261825804637,-22.585216977999092,-44.82605015784151,-59.853264681326415,-21.235842175762667,-20.84487599624232,-20.971540724914053,-20.96770459010052,-21.196139343704935,-31.29522923287633,-20.992597718761996,-20.897188706098373,-20.791803323433722,-21.782007065390957,-24.106993665590124,-29.263478402538823,-60.40468487732402,-227.76881954740765,-95.26207685139038,-22.13806490590497,-29.245231780400392,-23.557926626713055,-21.662017750468728,-20.847430586189088,-20.80865585364788
-20.78135403436054,-20.906413418616584,-20.784437002941186,-22.626525159211752,-30.236634176898946,-20.825045740253657,-22.566047687962012,-44.82722468836337,-59.92267589127992,-21.214943346158144,-20.82278882864537,-20.94980753276637,-20.94597555792433,-21.175675967383494,-31.299068144789416,-20.971263849879357,-20.875139931347462,-20.769431213532318,-21.76215434419095,-24.09268807186139,-29.251398346469536,-60.49312889601468,-227.97086731766137,-95.39176876290955,-22.11980895748813,-29.238354303772063,-23.540070740366527,-21.642089869791505,-20.825249676351905,-20.78624061006975
-20.7209253959482,-20.85760899895808,-20.71603804472065,-22.741913084254175,-30.372314443739576,-20.754990738631403,-22.597819474518367,-44.845839575336015,-59.215111998653036,-21.128403350757726,-20.77238010317912,-20.88664542844968,-20.902557844037066,-21.11734763576992,-31.081107042456196,-20.946952511791363,-20.83410131071837,-20.7145673809533,-21.71221511060575,-24.07249603777996,-29.597625042001265,-59.01946879856583,-233.2021695663525,-93.69386922172487,-22.061185256675646,-29.421308575292905,-23.611444843868572,-21.577847329755375,-20.760335272093457,-20.717634021200286
-20.83675799825783,-20.95823270352174,-20.84276377318872,-22.63609051225263,-30.257244761513444,-20.883200638955742,-22.592150983150532,-44.90830292423874,-60.012975881108666,-21.275687121578613,-20.875388288420964,-21.00456770546808,-20.99519171254655,-21.226098978197808,-31.348263545679103,-21.013703173298776,-20.924695481056034,-20.823449525116065,-21.809459615109695,-24.130341050564247,-29.180487078678123,-60.754106363662046,-226.78369736187778,-95.74638768021376,-22.16510340044958,-29.19412666848328,-23.550573449920364,-21.693690796418522,-20.881867817751754,-20.844553648720172
-21.307665162752155,-21.42755165684948,-21.316314348010884,-23.10548860579533,-30.468295668955857,-21.351612229880274,-23.01034800016248,-44.886717720015255,-58.4653403102716,-21.713785302001153,-21.34376763565029,-21.46391612680741,-21.457163279172622,-21.65934510773198,-31.25045456308046,-21.47016267222584,-21.39384507327085,-21.2974763718103,-22.231375186013214,-24.43655242452711,-29.49601730423674,-58.6969286416776,-223.20084504052485,-92.7541006306865,-22.552475308806226,-29.37950060101781,-23.948074849553613,-22.114861909394705,-21.350274905043126,-21.317364282611212
-20.875482599765483,-21.00801964699343,-20.873676327166226,-22.83833830224724,-30.383244116926026,-20.911816641734966,-22.707650087765852,-44.8074780585973,-59.00027689581462,-21.282111943237016,-20.92308923837951,-21.038928408657952,-21.049415279265286,-21.26129599903347,-31.125638012291866,-21.086598048074876,-20.982077850691716,-20.86822947934933,-21.849751230037988,-24.167942843032833,-29.573949568399392,-58.91381931780304,-230.33873781540066,-93.35840026285605,-22.192358192907385,-29.41397034928744,-23.702569489074424,-21.719796659378996,-20.91556524593251,-20.87514676105332
-21.09219489307594,-21.218543112264527,-21.09530529091006,-22.971537912294238,-30.413492952533066,-21.132161317723725,-22.859717589702242,-44.808786269645125,-58.7251791194746,-21.498402767908516,-21.134101993576735,-21.252248690944672,-21.25437509450645,-21.461838427205915,-31.18993221381846,-21.280131850711957,-21.188814093921287,-21.083516717519007,-22.041709963535673,-24.30212383893621,-29.534730666988647,-58.80183520068057,-226.5488311556104,-93.00228079325146,-22.374418390701965,-29.39830226229048,-23.826784852810146,-21.918357385455693,-21.13344671492713,-21.0965816026643
-20.631575970709715,-20.75847070275811,-20.632863933293063,-22.495564910095254,-30.179658122722127,-20.674906506056125,-22.442720967493358,-44.82293356879656,-60.32872381115628,-21.072241850645824,-20.674823451902704,-20.803420246114037,-20.800975624062843,-21.038063186801846,-31.310944935741247,-20.83029471510963,-20.72815801052266,-20.619358145645784,-21.629145069847063,-23.996585608295266,-29.196381900343454,-60.971923569239436,-229.56213975718944,-96.10866518772247,-21.996946956645477,-29.207975329670557,-23.428607440237123,-21.507547484792465,-20.675704485053007,-20.634864711322574
-20.92605613331098,-21.04839682287341,-20.93163344933578,-22.740390977542848,-30.291758387340884,-20.970960204911986,-22.67892742277353,-44.86088027404426,-59.61298631174644,-21.355398084610396,-20.965021839128966,-21.09143892324619,-21.08459290500477,-21.308420797704702,-31.306228239563794,-21.104215858113225,-21.015572258018857,-20.913937850281272,-21.890131075703064,-24.186058594456135,-29.275949018704654,-60.176743313533095,-226.2608090025302,-94.90772587917988,-22.238538972101736,-29.25116121253358,-23.63805754822481,-21.772723472725108,-20.97015619856868,-20.933261169919707
-20.940173398427167,-21.066518854826107,-20.942783680534415,-22.811436902285894,-30.322627099131928,-20.98138001990378,-22.720110402227164,-44.79276041264305,-59.24691040481818,-21.35782305238792,-20.982281285076834,-21.104172114720033,-21.104492465091248,-21.3218289234278,-31.228948908115605,-21.131152417669984,-21.036448495612067,-20.930238736043282,-21.905222635386906,-24.19777630061281,-29.415819660453014,-59.517796897548884,-227.3200077685023,-94.01470480816253,-22.249621344619243,-29.33205086772454,-23.693125715627925,-21.782676260593202,-20.982423686371092,-20.94430383663753
-20.89176623355237,-21.02345559794339,-20.8905575296022,-22.842071455628833,-30.376187005783848,-20.92869470299481,-22.71604448534332,-44.799245541779555,-59.00785741354504,-21.299331258512062,-20.938592926093747,-21.055131502526844,-21.064316826435196,-21.276537220831045,-31.138341343317528,-21.100078139071325,-20.996974164227836,-20.88420676473837,-21.864088362419665,-24.17668626188654,-29.557592633185997,-58.96182285163185,-229.83887094242863,-93.39133593110232,-22.20650554653454,-29.406213145041267,-23.707805549129873,-21.7351091377667,-20.932088815928292,-20.892024643796688
-20.357844957087188,-20.48922398752464,-20.355128402203945,-22.2732705933433,-30.08443860554538,-20.399533835912713,-22.22578426273249,-44.81230813591981,-60.985384431523485,-20.80824448580324,-20.4052506709189,-20.535520089654767,-20.537507637829894,-20.786197757377863,-31.31238270387003,-20.57594436182031,-20.461457609834856,-20.345703096344785,-21.386773098633473,-23.820629795756055,-29.13707057581842,-61.67458632987584,-232.90349718645186,-97.20748704720816,-21.771883565441534,-29.178323573318757,-23.238005299588096,-21.260828625527157,-20.40192005250465,-20.357446522403798
-20.901337739246124,-21.0307093189753,-20.90169363717883,-22.81595462822513,-30.339462029536996,-20.94019466325045,-22.707036963658375,-44.78161941708919,-59.14914930534253,-21.31408763215572,-20.94608680419917,-21.06534500055203,-21.070544643869816,-21.28585153016611,-31.181465610344297,-21.102533803590028,-21.00265630163682,-20.89265397399151,-21.871818243254047,-24.176930801026085,-29.48634931280852,-59.256608480637524,-228.7079096241992,-93.72272095011412,-22.216224368154155,-29.36981058175661,-23.691434170191183,-21.745682539701757,-20.942556447119355,-20.903204391130803
-20.150716492419058,-20.290071324613248,-20.142155240130922,-22.179903895509035,-30.058551036956462,-20.187121465567632,-22.095839254079028,-44.80003930346419,-61.05075622042652,-20.594515014230048,-20.204924331337654,-20.33073416551584,-20.34416001735165,-20.59252532512301,-31.20361587018376,-20.396308647628715,-20.267395024352442,-20.14113644648285,-21.203946188199275,-23.685193666546525,-29.25657752422862,-61.39394746247186,-237.2807508017984,-97.09657661429951,-21.59512382006995,-29.246848434684324,-23.14438070606763,-21.0687337981729,-20.192767250413453,-20.144550106669904
-21.28880878496848,-21.41415346238618,-21.293325189207934,-23.163967296368558,-30.53080081455346,-21.32809174529141,-23.033528311412798,-44.85906450147222,-58.15106570086901,-21.68319203314354,-21.329679881783793,-21.4440796292885,-21.44672787994802,-21.643050131091943,-31.163240203259072,-21.469529796587207,-21.384197044589477,-21.281237073162533,-22.218013951621423,-24.438291503177666,-29.65712386647516,-58.051792363616016,-225.34500967366066,-91.92749792928916,-22.536564711439706,-29.46682478641757,-23.989358457591898,-22.094828561143398,-21.329227916712497,-21.29430487970011
-21.260181908691692,-21.38224772393076,-21.266998543466137,-23.085967047829772,-30.461556581421775,-21.30257702577243,-22.982461211323944,-44.8549892099596,-58.47029790176808,-21.66452628862491,-21.29818242865956,-21.417138541564015,-21.413664866145584,-21.61617834666436,-31.225426468280965,-21.43091247156088,-21.34992940247581,-21.250701799741826,-22.190196689295494,-24.40838307979144,-29.52762451599819,-58.621707002061754,-224.14220599906344,-92.66819793490238,-22.513559116480153,-29.39687800947594,-23.929229631868033,-22.07124977694713,-21.30216420036102,-21.268088631117877
-21.293277486883813,-21.40597220964851,-21.30777342386179,-23.000529584602255,-30.45179105372801,-21.343717906755796,-22.949383423194938,-45.09058087056753,-59.02895760663158,-21.718177016606557,-21.324099916138792,-21.450785844898853,-21.43158211739336,-21.642475860340898,-31.362694131563224,-21.430949034318697,-21.367691295398796,-21.279407672965952,-22.212079235781797,-24.423181120598116,-29.268514546169044,-59.713460312522415,-221.86878002546354,-94.27097002510905,-22.53613028722777,-29.240214761225978,-23.86048848166755,-22.104649738219393,-21.339134966564078,-21.308946410971586
-20.370872688099325,-20.50600268772625,-20.36565930427796,-22.34492690711454,-30.117436882111562,-20.409089117656436,-22.26478959817922,-44.77236011153658,-60.591614626196304,-20.809149729463073,-20.421228660344074,-20.546770352173077,-20.555566448766303,-20.796695423303166,-31.22312820018243,-20.599987811349312,-20.480853227621523,-20.360851840033124,-21.399388324898066,-23.827416660556967,-29.27512777731753,-60.96965244451655,-234.07907476269327,-96.3231814729642,-21.77881158624686,-29.2553963584321,-23.289944322944496,-21.268549052933977,-20.41320296016692,-20.367846093028266
-20.342002466425324,-20.477320906495365,-20.336575615669766,-22.31733253618495,-30.105017298733372,-20.380300442830478,-22.239878321684262,-44.77497898330361,-60.684626488318024,-20.782069627899038,-20.392562407780385,-20.518603088341646,-20.527361134264048,-20.770138430027256,-31.22902465205557,-20.572248124583776,-20.452246026409927,-20.33184255065526,-21.373703823246068,-23.808604291726446,-29.259727839056406,-61.087549517650615,-234.34148785153985,-96.49595880845182,-21.75521003895969,-29.24729695968434,-23.26686066146721,-21.242758886924847,-20.3844516036542,-20.33880182135998
-20.286854308288156,-20.425749281470146,-20.27903618287312,-22.31714108950754,-30.127053398168826,-20.32250954762575,-22.216562527583285,-44.79388999340306,-60.574148669544215,-20.721085803381165,-20.34050279770526,-20.46334011066111,-20.47772615853573,-20.717524929569706,-31.16518516172537,-20.52832574251466,-20.402992355554012,-20.278149447033766,-21.32500199207025,-23.775291143977668,-29.3432452290947,-60.76800036933477,-236.26500058038772,-96.20609705622857,-21.70568436932138,-29.290907845436152,-23.257485560199076,-21.18978815439048,-20.32816956609644,-20.281235426993803
-21.280295172925445,-21.39954716737148,-21.28935669776695,-23.068356139370515,-30.44879160862368,-21.325028083876735,-22.98078222895011,-44.89641419556425,-58.6024081969468,-21.690023155599004,-21.315942968958492,-21.437359823271773,-21.42919529138327,-21.63387596123108,-31.266836092999004,-21.44117592120507,-21.36535246264064,-21.26955881315017,-22.20623690101743,-24.41700403647584,-29.454653405139474,-58.9085594406404,-223.17368252175427,-93.0551311576798,-22.529688403083828,-29.355422557344234,-23.91721777413639,-22.090671882127538,-21.32336005826804,-21.290461946519667
-21.455694305547176,-21.57642942525873,-21.464184129055788,-23.272455716966004,-30.56987258851077,-21.49770601889986,-23.152839645992806,-44.90524624092237,-57.92431883741324,-21.848952868135516,-21.492303511953693,-21.60800036868487,-21.60440336020854,-21.796201254785903,-31.205758679147202,-21.618066367951744,-21.54366841721554,-21.447167452477036,-22.365431380456865,-24.54167176731297,-29.640557396896973,-57.91886777899494,-222.80899704837745,-91.65414626423794,-22.67495339934168,-29.462314205430815,-24.08795185791508,-22.246994741896383,-21.496986195229,-21.464975686655563
-20.560717734645586,-20.687665570263288,-20.561771692717148,-22.42217061570364,-30.15294418905091,-20.60462161216982,-22.378874357993194,-44.84301486087576,-60.595805231943544,-21.007118388563306,-20.604219519915052,-20.734389625840997,-20.73116642402093,-20.973010675873326,-31.33384146785587,-20.760950717738087,-20.65726001137749,-20.54793192398084,-21.565849597319325,-23.95230970235789,-29.144266744556475,-61.33294860312142,-230.14350533188062,-96.6318140943453,-21.93914125112114,-29.178152249355982,-23.367253581859124,-21.444579990982096,-20.605327588834218,-20.563884723474406
-20.66150646710955,-20.794358073387198,-20.658728510016946,-22.616601538548025,-30.247551534032517,-20.69928341479904,-22.513335709316472,-44.76746056407791,-59.71617672427365,-21.083280393437807,-20.7095368923494,-20.83053214940749,-20.838960282969893,-21.064412030324867,-31.17871522637556,-20.87803694454273,-20.768207514941526,-20.652674364860996,-21.658275585665685,-24.01933310250788,-29.418923811743003,-59.8795974073476,-231.4287146668878,-94.71106232948122,-22.01741314430861,-29.33185437547342,-23.518809671268414,-21.528955225756654,-20.702839826123757,-20.66052650172792
-20.006578281001744,-20.151267988656464,-19.99452070535612,-22.117064420280293,-30.07380125899107,-20.039678573759193,-22.005266469501002,-44.87391154122926,-61.116174911808066,-20.446483221948046,-20.065480796957413,-20.187850192211577,-20.208795798467158,-20.456233512623022,-31.125474626182857,-20.26927976865147,-20.131813195316848,-19.998666146540437,-21.075567606567773,-23.59548315455409,-29.339268336697636,-61.21832261044872,-240.82408970907125,-97.14748015314733,-21.469451413926368,-29.288180874713188,-23.076886509886833,-20.934266314985255,-20.0474214136353,-19.996952864462248
-20.402709333942514,-20.539643643081508,-20.39647130795707,-22.407911048899336,-30.161011806338692,-20.439086036940527,-22.307481358340326,-44.77891409395234,-60.31418972513359,-20.833347678771727,-20.454547157060972,-20.576948822200034,-20.589351412091453,-20.824952640737006,-31.17108251308011,-20.636321182802288,-20.515778227714716,-20.39391210031236,-21.428040237667936,-23.85049866971649,-29.36228088888778,-60.507444494340064,-234.6845536316286,-95.75264897914131,-21.802295174568954,-29.30097375589606,-23.33708084163308,-21.2947820418065,-20.444060230923704,-20.398553194502888
-20.295036341769226,-20.430827844288785,-20.289156436269614,-22.275098152506708,-30.087005601679884,-20.333321670692797,-22.200610876288486,-44.7796391346607,-60.821839312170724,-20.737546606020786,-20.34606639299797,-20.47271200171977,-20.481700753606244,-20.72686006019854,-31.235016955988918,-20.527601630997005,-20.405989085712,-20.284739147743036,-21.331965101716765,-23.77814686999526,-29.240531955788903,-61.25227555702392,-234.8395649826169,-96.74552200389176,-21.71663624701039,-29.237313803245435,-23.23113235555685,-21.20063538090875,-20.337608329196357,-20.291441518652316
-20.042431666609374,-20.184352339492683,-20.032004535154023,-22.107669231122824,-30.040351829208582,-20.077550521887648,-22.016661348135138,-44.8278352135847,-61.232069029427755,-20.48747016782676,-20.098936463429283,-20.224181710081645,-20.240723601367716,-20.49148690454369,-31.18150517630722,-20.297234569916235,-20.163199385016654,-20.033336158640857,-21.10772677983597,-23.615695293481743,-29.266563022870905,-61.514261038828074,-239.15574802848442,-97.39317078447152,-21.503631313654676,-29.252535526934718,-23.078291339056893,-20.969732786554722,-20.0841542385712,-20.034479280846
-20.042431666609374,-20.184352339492683,-20.032004535154023,-22.107669231122824,-30.040351829208582,-20.077550521887648,-22.016661348135138,-44.8278352135847,-61.232069029427755,-20.48747016782676,-20.098936463429283,-20.224181710081645,-20.240723601367716,-20.49148690454369,-31.18150517630722,-20.297234569916235,-20.163199385016654,-20.033336158640857,-21.10772677983597,-23.615695293481743,-29.266563022870905,-61.514261038828074,-239.15574802848442,-97.39317078447152,-21.503631313654676,-29.252535526934718,-23.078291339056893,-20.969732786554722,-20.0841542385712,-20.034479280846
-20.062528045568424,-20.2040078646367,-20.0524220086897,-22.12161839475504,-30.044027957181942,-20.097853230648106,-22.031611352916034,-44.8222474590177,-61.19511068323792,-20.507234172230696,-20.118636407559645,-20.24394287008796,-20.259970743025423,-20.510228795479176,-31.184785719448776,-20.31573206145168,-20.182597445153817,-20.053361454301864,-21.12559118443677,-23.628602058251218,-29.265871541702666,-61.48593323743846,-238.81938310348554,-97.33057028975367,-21.520576519288973,-29.25208865152098,-23.090927851880366,-20.98806915250958,-20.104295661911433,-20.05488106224564
-20.505530255356014,-20.641884625463454,-20.500008770345637,-22.507627699207706,-30.21327333208308,-20.541561838579568,-22.397179114998416,-44.781917083483066,-59.98846333536167,-20.929811849899007,-20.556766511787675,-20.67724108114747,-20.689919026702313,-20.91962195303911,-31.150805653379194,-20.73535393595902,-20.617810820298327,-20.497266062127938,-21.519674490835225,-23.919539061208233,-29.420501787425685,-60.09065875891226,-233.87321840271878,-95.14871164116747,-21.886467443514046,-29.33119033153043,-23.420325714930105,-21.386688214757932,-20.546439577720754,-20.501948792964154
-20.21543611310559,-20.359209912764708,-20.204685113007823,-22.32402871574842,-30.191448421748138,-20.247631717399244,-22.18912237353304,-44.88780600442383,-60.422336082769796,-20.641820334695268,-20.273416890807674,-20.39136665318415,-20.41339345144869,-20.64829804144275,-31.073873347777877,-20.471133405928263,-20.339406520776304,-20.208717250333265,-21.261235750309634,-23.73758472081838,-29.46288546838437,-60.323340578506645,-239.334243612893,-95.8727714799561,-21.63937824893655,-29.347799961160646,-23.24737999177154,-21.12027133932387,-20.25528389592184,-20.206831578598926
-19.83294251591114,-19.981403567858514,-19.818330751876196,-21.997741338425385,-30.053368424155003,-19.864395534949093,-21.876141461336136,-44.95304042133115,-61.439990220487815,-20.275848697141733,-19.89522418067028,-20.016971494395925,-20.042210422262098,-20.293631600358484,-31.095619544739222,-20.10871154761043,-19.964011629562272,-19.82561671168316,-20.920799648428904,-23.485018202926625,-29.346651067238763,-61.464258566987866,-243.92373971539735,-97.73087275991884,-21.32199964310053,-29.291214378118212,-22.967262241157535,-20.775493188678173,-19.87346563590272,-19.820889139184754
-20.276586663638426,-20.42372416445654,-20.264554219599418,-22.44733588013755,-30.350705626154287,-20.30577260905431,-22.2718285858437,-45.05371966624455,-59.95437832705689,-20.69014929049619,-20.337624108876017,-20.44890112795221,-20.47741178307372,-20.70127014615313,-30.976581133451603,-20.538666545393927,-20.405735301833626,-20.272045177820942,-21.315114601072814,-23.795746147795562,-29.62805093936786,-59.52511910414378,-241.46844960395615,-95.03205506986177,-21.681762887660582,-29.4215016241558,-23.334522367451925,-21.169817617816193,-20.314855412633904,-20.2664940196294
-20.26639117158576,-20.413008011958983,-20.2545341375246,-22.427498416661656,-30.322524549526968,-20.296029965928778,-22.258332960243443,-45.022038977556576,-60.02582974168926,-20.68190754545228,-20.326947034023135,-20.439292381271287,-20.466806467587926,-20.692415583978033,-30.991449352121826,-20.52756243560846,-20.394764966895032,-20.261513497185863,-21.306133940818178,-23.785657680160682,-29.60208419606349,-59.64689473649088,-241.10559485168204,-95.15635682960439,-21.674645838059206,-29.41027923861606,-23.32051330431648,-21.16150916246713,-20.304898080093814,-20.256506940403874
-19.94829247472498,-20.08710738179987,-19.939427778962,-21.95567611612602,-29.960651080886855,-19.986967840434016,-21.90800918596917,-44.84188133021243,-61.914670157954305,-20.410787657674323,-20.002450892081583,-20.13417964207688,-20.143922317770254,-20.4078519366845,-31.299059443755674,-20.196489371148346,-20.063696601468166,-19.936715111439167,-21.024302394743838,-23.556694279518265,-29.085343190745533,-62.59341726565171,-238.51633590194635,-98.75313186602159,-21.433255137395392,-29.158045981409117,-22.963171318372186,-20.890705389014226,-19.992026330399383,-19.942157454982432
-20.373387103174228,-20.51168554578244,-20.366229805839836,-22.399268916950092,-30.16826051842209,-20.408839316011886,-22.29112326668378,-44.79260844706144,-60.30547501688209,-20.80253011582103,-20.426436194065143,-20.547786824320358,-20.56222725004814,-20.79724506105081,-31.14960614724204,-20.6113890008234,-20.48867546020944,-20.365072314032165,-21.402034418817653,-23.832990803164645,-29.387901858725712,-60.43086407948488,-235.5113770233488,-95.7108773242974,-21.776581626371954,-29.31372563602941,-23.326214760628414,-21.267198065227532,-20.414371266765556,-20.368314429076694
-21.042083082746917,-21.163118008514125,-21.04901639799552,-22.843815999577902,-30.339653435614608,-21.0871834665243,-22.775593906401966,-44.87307958070734,-59.29777491443306,-21.46567151220475,-21.079727486730246,-21.204795564527018,-21.19702866077887,-21.414921845423574,-31.296802910736766,-21.213633918445897,-21.129641218839872,-21.030265193627365,-21.99335909245922,-24.260925267510636,-29.324510407794538,-59.7955260493964,-225.13556735394667,-94.34679564607744,-22.333733280710867,-29.279107316524723,-23.7261774208398,-21.876940903471336,-21.085965427342128,-21.050480704132816
-20.875737881649258,-21.003372357041886,-20.877217603986235,-22.762668816141343,-30.3007457423732,-20.91633343053334,-22.670562294940744,-44.782036721856784,-59.37292329549162,-21.294952948682973,-20.919029278153932,-21.04100993687768,-21.042830970810463,-21.26248437218694,-31.222123079203335,-21.0720729722322,-20.97405813378906,-20.86593973720775,-21.84809180974001,-24.15614324059532,-29.40836108696588,-59.63686500801971,-228.1469539604113,-94.21206949856159,-22.19627538113352,-29.327640128138896,-23.65037317390391,-21.724261943838744,-20.917863178355812,-20.87881095935907
-20.124250725248633,-20.257224527340277,-20.11978442228859,-22.051086542627594,-30.006597458023712,-20.166616491723758,-22.025735980112053,-44.86955307685801,-61.77679360203271,-20.58993527289507,-20.17354031267745,-20.30764788398725,-20.30939576178869,-20.571841988422364,-31.368217643561778,-20.351715971523326,-20.230112331593492,-20.110979559602114,-21.179444109893726,-23.675550405874517,-29.01516818854767,-62.678042813570755,-235.31936416387953,-98.68755970442866,-21.58170516303272,-29.112551345340698,-23.05211253486171,-21.05267192259933,-20.169324172697582,-20.122427380507236
-20.883483280529468,-21.006242004014993,-20.888614926884443,-22.701642989587246,-30.274573216025377,-20.928372643738573,-22.643081384346097,-44.85924888079138,-59.734883050517674,-21.31511503196097,-20.922888861520857,-21.049858912812475,-21.04323979536445,-21.269329721569527,-31.31109038655695,-21.063850811785212,-20.973617851947242,-20.87122423309375,-21.852232270455072,-24.15871353414638,-29.256407729267366,-60.32703045838017,-226.6691872889321,-95.12885556392447,-22.203623053661786,-29.23994571446203,-23.60512941015779,-21.734535504999208,-20.92769216578097,-20.890303157842432
-21.041283024244017,-21.17274726075628,-21.040789809169237,-22.99700945105376,-30.482288028899063,-21.077240618736813,-22.852380771672255,-44.84990834399271,-58.53113799467358,-21.438661022523327,-21.08788192041231,-21.200764794378827,-21.211339887037223,-21.414257687664627,-31.1061192430257,-21.245713090594286,-21.146422423670707,-21.034820213510944,-21.99817288819318,-24.28337767601313,-29.667069754812395,-58.31702474829379,-229.22893878185508,-92.49454972145615,-22.329112350193046,-29.46418099777909,-23.836505078476595,-21.868710468534303,-21.080762964452894,-21.042025900778736
-20.911105880450894,-21.03175011413609,-20.91797385505539,-22.702529186878095,-30.285749082978548,-20.957659017083227,-22.65401390348931,-44.91186837699987,-59.80395569835666,-21.346209444653667,-20.94888172908224,-21.077186546807905,-21.0672457820776,-21.29426434337027,-31.340513258359557,-21.08383298243655,-20.99779668385595,-20.897996026355404,-21.875512794519125,-24.177533402312616,-29.211592829029364,-60.50032430934352,-226.03460140698814,-95.37349429109238,-22.22593312907803,-29.211941637592123,-23.607015536862384,-21.76036583351592,-20.956065808956446,-20.91965874562633
-20.837609201096313,-20.96509806739841,-20.83907214477766,-22.7203828278106,-30.278502158392776,-20.87865063252505,-22.634603144677072,-44.78317373774057,-59.51983391544943,-21.260155926721005,-20.880843912067526,-21.00392102091472,-21.005025668623876,-21.227412455297987,-31.23570260483664,-21.034240027989245,-20.93560205846978,-20.827419726334774,-21.813849371844398,-24.130362940021605,-29.37400782059696,-59.84394128590472,-228.31728269896382,-94.50276446998194,-22.165124165859464,-29.308526571312107,-23.615374891721423,-21.690399332429582,-20.880052939336597,-20.840729708925142
-21.229281044722207,-21.356289096237315,-21.232423528226697,-23.12631433345574,-30.520967765236293,-21.26758708692727,-22.991337553600072,-44.85273361543824,-58.22978016694569,-21.623961387280573,-21.2717041202072,-21.38553580067932,-21.390439629332047,-21.58817698060947,-31.146654670611913,-21.416418651864085,-21.327345980397276,-21.222069073255884,-22.165314872548745,-24.401678616884794,-29.665051779218174,-58.09215494498568,-226.32902528016677,-92.02873365323399,-22.486805518058517,-29.469136717767714,-23.954544783665828,-22.040392544723662,-21.26938940458395,-21.233464302252678
-21.216566200399505,-21.34630475420508,-21.217862355038775,-23.155490221150025,-30.578391383149423,-21.252640651306624,-23.00115225314135,-44.89718233850789,-58.09033650873751,-21.605756135256698,-21.26157511357611,-21.3721077520388,-21.38169934925717,-21.57615219408414,-31.099963188321155,-21.41213605815242,-21.319204309581668,-21.210644235886033,-22.15510106374857,-24.404366389508745,-29.747016910429387,-57.784384793468995,-227.82819696317668,-91.69810952279656,-22.474462559051034,-29.508969691682,-23.97229881654818,-22.02683430407341,-21.255658543881033,-21.218860614463686
-20.69184134215211,-20.81681344777795,-20.69474008669406,-22.53182175561393,-30.200804231720426,-20.73638394461445,-22.48422083608851,-44.85213001757294,-60.26558016020189,-21.132983935419727,-20.733478386294806,-20.862618284718486,-20.857559155977974,-21.09340869546574,-31.3290226423385,-20.883166059353517,-20.78531954748995,-20.67912343135403,-21.6819782402219,-24.03619710238964,-29.180229733435418,-60.96349243002905,-228.6409854289294,-96.07239591758663,-22.046594402983004,-29.197117122684872,-23.46076616447876,-21.56253125609449,-20.73640499428656,-20.69668964672012
-20.564995656503662,-20.699594636554536,-20.560768064834882,-22.542226278234754,-30.21816530963344,-20.602049341022415,-22.43820318874515,-44.77031554815786,-59.919210357262905,-20.98946659420871,-20.614643668142193,-20.735878709305997,-20.74619800582126,-20.975068946615956,-31.170763214928225,-20.78859878720653,-20.674449059431456,-20.556292500211867,-21.57245644452273,-23.95672220539317,-29.404986024344936,-60.07748787286827,-232.72581193175102,-95.05476987720506,-21.936972651129786,-29.323843502216665,-23.453329500752776,-21.44139620257263,-20.60623786437496,-20.562667474258454
-20.710756107691516,-20.844468453707712,-20.707603068488385,-22.68253284700325,-30.2942655763157,-20.747391702016365,-22.565143858987167,-44.782303456645096,-59.47417593709677,-21.126528676537937,-20.75950223506344,-20.878104981369813,-20.888663578376573,-21.109365142027176,-31.146262766717424,-20.92875812045228,-20.81899836958843,-20.70277667565215,-21.702550229818783,-24.055317255884365,-29.48656225088316,-59.50991489047462,-231.60162874898523,-94.23031185076454,-22.056642102834342,-29.367089503738796,-23.57104693488508,-21.57192304964154,-20.751411701804116,-20.709299996668808
-20.535388586980602,-20.668878628966805,-20.531772250092118,-22.493162271476233,-30.184138375364157,-20.573653363370894,-22.402712286846118,-44.76432346235157,-60.119957772250004,-20.965205615206386,-20.584121802698878,-20.707530417034683,-20.715513778176913,-20.948337962389733,-31.204259965084105,-20.756374084319603,-20.64291886971337,-20.525856336532197,-21.54576036697933,-23.935038093003953,-29.344003349498536,-60.40201636699557,-232.39837866830683,-95.46567544879564,-21.91412554275442,-29.291830749833125,-23.415586902418852,-21.416230227822005,-20.577295599587927,-20.53374992468362
-20.59554208900273,-20.72966574600911,-20.591720886796637,-22.56697922647903,-30.22862984933413,-20.632756385505054,-22.46256462533351,-44.76947920346882,-59.84847698767706,-21.018951537623607,-20.644746048015943,-20.765806678807206,-20.775666418859053,-21.003326190463014,-31.1716112675432,-20.81714141373147,-20.70425520229217,-20.586838587722692,-21.59963895425253,-23.97668287249312,-29.411990992567304,-60.002681859993956,-232.34776331908304,-94.93147903630238,-21.96235877895621,-29.32769956625335,-23.4748724610254,-21.469033441561837,-20.63678016267101,-20.59358630852898
-20.62286449467331,-20.75338304470668,-20.621525782928895,-22.539555073303216,-30.19635897230045,-20.663017572653317,-22.46057899791318,-44.77025032972898,-60.05010680433784,-21.054029553091244,-20.668982212034408,-20.793802906550948,-20.797622094451636,-21.02957376092667,-31.239586229645518,-20.833162381235656,-20.725544018455494,-20.61248417823308,-21.62297185347465,-23.990510737301207,-29.30982569601643,-60.438912352878496,-230.71394746760458,-95.42303458237834,-21.987945413699297,-29.273185389785052,-23.45995073629881,-21.496778628805036,-20.665453883221318,-20.623447907053876
-21.013797759004593,-21.14174692156335,-21.015516900891406,-22.912968831158793,-30.388264515581007,-21.052991190340183,-22.799670850814056,-44.796567253358205,-58.87209132046061,-21.421793535268712,-21.05718932775007,-21.175359740257118,-21.17938942458952,-21.389560146786888,-31.179619831280085,-21.208326973619755,-21.11295428910705,-21.005300305270186,-21.972092231746284,-24.25159315944053,-29.526464281503507,-58.93700060335296,-227.57569460964055,-93.23352103999517,-22.30927449060014,-29.392619425142364,-23.774946863782837,-21.84715657409446,-21.05488349016754,-21.016882659941327
-20.71813331127562,-20.84848946467879,-20.7172074132909,-22.637598003174315,-30.244997835700502,-20.757629282585633,-22.546432379846227,-44.767291189116335,-59.71639527722558,-21.14225917368546,-20.76395640922721,-20.8866122002425,-20.891322938166986,-21.11715288353045,-31.213570525529803,-20.92604047135089,-20.82073258325209,-20.708456185766014,-21.70810892520551,-24.05372310966841,-29.37758948821065,-59.99035120177518,-230.07402268730124,-94.78390495082138,-22.065761655260054,-29.310245910563403,-23.541510112032057,-21.581649650233015,-20.76014627491309,-20.718983277629892
-20.93157667645515,-21.055296354414175,-20.936110531430437,-22.764975270684836,-30.298648642097895,-20.97519791356576,-22.69346704972049,-44.829627565234446,-59.48333850873179,-21.35680696756235,-20.971582460246076,-21.096508779502173,-21.09212358131538,-21.31373209266009,-31.27982788627812,-21.11420878784374,-21.023405852210598,-20.92021326284696,-21.89598761781204,-24.1897377252687,-29.323977469560976,-59.946541037633764,-226.5625587586516,-94.58691111947148,-22.243102731266244,-29.279658906589074,-23.657551132042254,-21.776797092289076,-20.97502932238832,-20.937701290154273
-20.646403962786955,-20.772133375943703,-20.648604777434226,-22.49479281719226,-30.184024860864945,-20.69065828384655,-22.44818718051578,-44.84638603012468,-60.37329637706709,-21.089161557881347,-20.688740702540414,-20.818167974903528,-20.81387394833371,-21.05169958906761,-31.32918231890863,-20.84106457895211,-20.741064111666354,-20.633699754176178,-21.641773470672167,-24.007027142951433,-29.169954444972973,-61.07980627526111,-229.17253093780099,-96.24941207952092,-22.00935067491702,-29.19182393393197,-23.429104052979127,-21.521603442116195,-20.69095008233829,-20.650609800426057
-20.139023179169968,-20.283913550945897,-20.127399391574194,-22.26190775535637,-30.167613498785915,-20.170918846527584,-22.12789794943589,-44.90300957255655,-60.606770328215305,-20.568185634046095,-20.19802348776038,-20.31646574287835,-20.339462391014187,-20.577279205273168,-31.072918403652523,-20.39920381442516,-20.264694181665355,-20.13227631814031,-21.19312980478943,-23.68741695698521,-29.44549974985383,-60.51794929476432,-240.34010217856797,-96.20830603746911,-21.575536266525468,-29.338761713379235,-23.19313246170628,-21.051089024834624,-20.178931639549045,-20.129623370225616
-19.63902036072458,-19.786989803319496,-19.623887571222077,-21.781273641102636,-29.927914849525187,-19.67246914760407,-21.695956881589584,-44.93730150932572,-62.255366400016456,-20.099107019600183,-19.70109106109244,-19.82890959171785,-19.85068237867589,-20.117233659601354,-31.190058679495394,-19.918022667353263,-19.769151084341154,-19.62985058650705,-20.749547529269403,-23.3553010360827,-29.185499418941347,-62.59245143092786,-244.72865176651038,-99.23282298101526,-21.16849369160269,-29.216081311008477,-22.795723519550243,-20.60552960679788,-19.68105134413468,-19.6267598589144
-20.068229821486273,-20.20300647018258,-20.0623651416475,-22.019163667617104,-29.989095110778674,-20.109465064599405,-21.987667784982552,-44.85507354656512,-61.827967539858705,-20.533118387747397,-20.119009551270388,-20.252493192328398,-20.25667914080003,-20.519832804125297,-31.34860066988741,-20.302244717457857,-20.177028882702622,-20.0554617982832,-21.130150278672172,-23.63756757537332,-29.034592574089324,-62.665955414679814,-236.27093767666344,-98.71724452097075,-21.534813892282894,-29.12584073736495,-23.023084999603945,-21.001276813748966,-20.112897332198056,-20.065040362733573
-20.562270964130768,-20.692086845742168,-20.56124197816058,-22.465166884598236,-30.16211553992765,-20.603571773287364,-22.400290837323602,-44.786156161159276,-60.33697190760072,-21.000288605734312,-20.607950189297053,-20.735049159414917,-20.73687253311616,-20.974078819418587,-31.274034777142138,-20.771579644332384,-20.66364026541891,-20.551014067829083,-21.568558963106007,-23.950973877595004,-29.239905698837752,-60.86039841750411,-230.89143578458106,-96.00495218467283,-21.93906451666467,-29.234338388258095,-23.399440104030266,-21.443568792255594,-20.605588083492666,-20.563278713184022
-20.457379161587333,-20.59600072135303,-20.45034917623079,-22.494000929189145,-30.229876471910316,-20.491885940349494,-22.370615720146553,-44.811866283954515,-59.975611953522495,-20.879245464178982,-20.510657105966246,-20.629324312756587,-20.645393519311185,-20.874102697177584,-31.1151991383784,-20.694436660621314,-20.57332919348947,-20.44991386597865,-21.476937887127402,-23.891803937045832,-29.463278516235142,-59.966157920437915,-235.2927867400491,-95.087828988881,-21.84413098832105,-29.351659749290462,-23.402610734476838,-21.341341961595127,-20.49768657030501,-20.452294043707354
-19.998240023054343,-20.13603385878242,-19.99017429189019,-21.992280141169008,-29.97398708071002,-20.03737837184986,-21.945829076300328,-44.83553837565147,-61.81217287692555,-20.4596426729434,-20.051488302384833,-20.18319436706024,-20.191797611964642,-20.454159527780195,-31.303598800938992,-20.2425159415053,-20.11201206194194,-19.986527721216365,-21.068511532551362,-23.58904486153563,-29.086823325740035,-62.50337075799124,-237.76584310845948,-98.58611570491715,-21.47481610614006,-29.15767211138255,-22.995290124317947,-20.936008608037252,-20.04206195762711,-19.99286031081184
-20.220011284750772,-20.356577007957867,-20.213400231714584,-22.207934066385803,-30.059075708868313,-20.258263998840672,-22.138069656932565,-44.7886555952158,-61.04139584931516,-20.66639815063181,-20.271808893336388,-20.399399828959766,-20.408782706807887,-20.657725699727308,-31.244656431250753,-20.456324080423155,-20.33212894913084,-20.20950441545757,-21.265326083490734,-23.729669307996364,-29.21072994154557,-61.51461869834896,-235.65361368973086,-97.14438196541349,-21.655036938767942,-29.221959417309673,-23.174323138744434,-21.133354801509846,-20.262774438264984,-20.21577829788764
-20.09317201831696,-20.222040556908276,-20.09162283989266,-21.960563906837116,-30.022496074345128,-20.13962046249463,-21.970898760819498,-45.01985868931642,-62.3242172027499,-20.574948418556524,-20.13982299554497,-20.278626217994983,-20.27280721023239,-20.544709189450767,-31.477076429755552,-20.308311072422214,-20.192153757932033,-20.077405002497652,-21.150277849333442,-23.672906601213388,-28.85651313629265,-63.594591437626086,-234.9535280256657,-99.95718085138898,-21.55927970178037,-29.014444392159277,-22.98081080493024,-21.029348541833457,-20.140400795277078,-20.094440458151478
-21.201743629135507,-21.32228426058259,-21.209546734937835,-23.003695803267718,-30.415297307157353,-21.245968493139312,-22.917918757093222,-44.871881236824095,-58.777068417898285,-21.61424053686517,-21.23859734458061,-21.36052974054337,-21.35372256127469,-21.56188660520049,-31.264431623398277,-21.36853282886724,-21.288791861046448,-21.191003803346614,-22.136519522107655,-24.36594514312247,-29.433301989981555,-59.100965533056964,-223.98460474467115,-93.3395152984431,-22.46518670566932,-29.342805921587637,-23.86152573622857,-22.01980426603684,-21.24476857001923,-21.21075940120831
-21.14045879764256,-21.26390333660197,-21.14584656605537,-22.979902430659948,-30.405698871332618,-21.182599886538636,-22.882546468551286,-44.82895660050008,-58.77394235056765,-21.55032647399445,-21.17980913799719,-21.300119285232654,-21.29769006761511,-21.50607456035564,-31.229979517289866,-21.318105584511493,-21.23226441334411,-21.13068866008665,-22.083401377621364,-24.328977577609102,-29.477714064109954,-58.98566649682242,-225.2214021502963,-93.20586015013691,-22.414847700176583,-29.367809653711305,-23.838322748706016,-21.96340744069921,-21.1826322004919,-21.147105351102724
-20.222542068165573,-20.358148093486502,-20.21655959726368,-22.195308412237694,-30.051628368562874,-20.261627015112012,-22.133321334205664,-44.793490555022665,-61.12189409461498,-20.671597623037535,-20.27356351258457,-20.402268872546887,-20.409979564654314,-20.66056031370106,-31.26645680744282,-20.45601426400514,-20.333042972250116,-20.211537681479538,-21.267428386471288,-23.73164808438327,-29.179237750599405,-61.66899153185463,-235.27912846624173,-97.32596164183641,-21.658281279427538,-29.204700528136517,-23.166110090826894,-21.13667904792922,-20.26570732400269,-20.218964163489847
-20.98643087724736,-21.115308160808805,-20.987418579276152,-22.89826422492717,-30.38612995028769,-21.02503419155389,-22.781551581841786,-44.79516237946953,-58.89610470690087,-21.394113888620716,-21.030668908071476,-21.148380826146745,-21.15372673138432,-21.364260128838914,-31.168924304148987,-21.184369921551074,-21.087098609065993,-20.97818870981387,-21.947943255165445,-24.234966332891272,-29.53616129548209,-58.93061663593892,-228.10586553861768,-93.25160479012777,-22.28626501766528,-29.397204782074873,-23.760824019084307,-21.821991530839828,-21.027305614343383,-20.988806051173945
-20.67391006656759,-20.80257347009239,-20.67403155406444,-22.565541527729,-30.206055797839095,-20.715284500053485,-22.493674888605252,-44.78354353677142,-60.018472534159116,-21.106163773443836,-20.71842368794174,-20.844127012136536,-20.84530516266283,-21.076798027834297,-31.261609186688574,-20.877445085079408,-20.773553688424485,-20.66297624800702,-21.667851974781232,-24.02317152263017,-29.28689450431606,-60.475498693945354,-229.75291226144375,-95.42879343076353,-22.03074353144492,-29.26005232087646,-23.48462029614947,-21.543758845168874,-20.716958353880965,-20.67592086575034
-20.375714228775255,-20.51197361287387,-20.3697998433181,-22.36823343833135,-30.134878442595173,-20.41290010980252,-22.27768007956318,-44.77386299325718,-60.47316675594507,-20.81037440476826,-20.427008178537264,-20.550992607243366,-20.561854293382112,-20.800564386441224,-31.195642911703715,-20.60798187449248,-20.48760485427284,-20.366336446352467,-21.403892259186776,-23.831485511845372,-29.318114398313533,-60.75573339580622,-234.52666278413184,-96.06883923776368,-21.781332535104013,-29.27812629641239,-23.306344557820037,-21.271601866193887,-20.417529829421216,-20.371944526701085
-20.593954990092747,-20.72583953931368,-20.59159292542843,-22.529987189457195,-30.19577428275566,-20.63314119420953,-22.444250633551647,-44.76472321089912,-60.040864575855466,-21.02361528547273,-20.641251934040028,-20.765161097473474,-20.771035943275628,-21.002662828011474,-31.220013382907027,-20.808980232325,-20.698888254703704,-20.584056935317896,-21.597609054985597,-23.97242262910605,-29.33393262566633,-60.36618692530061,-231.40269550886535,-95.36077817012014,-21.96330365065613,-29.286447714299516,-23.449408449422652,-21.46982731823956,-20.636151482396485,-20.593523701635007
-20.507001526314088,-20.64092383362587,-20.503010584120336,-22.46994571577425,-30.174327921453354,-20.545125408826575,-22.380012043682907,-44.76511523522191,-60.18767422256177,-20.937849847572686,-20.556139872388457,-20.679729132063013,-20.688120267594748,-20.92210876142495,-31.204034013827453,-20.729833066680758,-20.615205929158403,-20.497464171082573,-21.52052642470553,-23.916553227327245,-29.337168358572555,-60.47471537785847,-232.74573206724153,-95.58342499391766,-21.890600769430243,-29.28817451547568,-23.395488687217032,-21.390583751159397,-20.54891680874279,-20.505020252747865
-20.381526168659153,-20.515186428151033,-20.37731118078795,-22.33302563610267,-30.10763721721833,-20.420953999031283,-22.263645073799207,-44.777271453146994,-60.68333551788626,-20.823201392295093,-20.43066169641501,-20.557733120559348,-20.564059435524392,-20.80711008706586,-31.25268490231226,-20.60609745159588,-20.489043510046088,-20.370807172561225,-21.408557067884555,-23.834048644005744,-29.232517331064965,-61.16192789155695,-233.44861416545757,-96.54220653855904,-21.789058373077825,-29.23212784691806,-23.283323366628885,-21.27954195412989,-20.424419898773248,-20.379525353161796
-20.324546070002672,-20.460547051832084,-20.318626273571404,-22.309757959730664,-30.104184439186973,-20.362392502385234,-22.229053711934498,-44.77607177791238,-60.68961005385986,-20.764046720225398,-20.37569882081317,-20.501329101531258,-20.511072787726746,-20.753792698484997,-31.219509439949213,-20.55712012780246,-20.435907568316612,-20.314606832848053,-21.35827290278476,-23.797462742623157,-29.270210022690605,-61.06253892605135,-234.73058759903614,-96.48737281000936,-21.74024434631569,-29.253015703867774,-23.259056703341372,-21.226540708718368,-20.366822584951567,-20.320858722515755
-21.259945573482888,-21.379788797009205,-21.26847701973841,-23.055047650208724,-30.441680836256687,-21.30431751196674,-22.966296229924914,-44.88505325932751,-58.62912306120275,-21.669757937308013,-21.29611171660971,-21.417406960345573,-21.410042486237682,-21.615321494230017,-31.262049929225743,-21.423235901626256,-21.34594874973711,-21.24933762497466,-22.188373563241647,-24.40413411008777,-29.45709938383377,-58.92365034802151,-223.4525006263995,-93.07979637008307,-22.51305482990898,-29.356785965742816,-23.905493481270717,-22.072191496044994,-21.302888075320368,-21.26960609929775
-20.78194565943642,-20.912151199995904,-20.781331461283237,-22.70266595032627,-30.279404695467022,-20.821046112389002,-22.603748552828034,-44.76987782285242,-59.50090119591048,-21.201556010367934,-20.827552484205718,-20.94879467761644,-20.954021308805647,-21.175857273338263,-31.19795108308583,-20.988109584668653,-20.884422457322046,-20.772715558535065,-21.765170314186157,-24.09665728355194,-29.42179085094395,-59.70226254846266,-229.6604630037836,-94.37361369355436,-22.117983470483196,-29.33434314351945,-23.595745419514223,-21.63858569530205,-20.823597015231115,-20.78301036793565
-20.296428073648297,-20.430194322414177,-20.291888363014603,-22.2447098674965,-30.070566951454246,-20.336508214057712,-22.1870698991005,-44.793844566020205,-61.00419566562584,-20.744833646242558,-20.34583144537283,-20.474886855405504,-20.480299870892114,-20.729081199743526,-31.28136415457687,-20.522989443325763,-20.403958734020392,-20.28505206009372,-21.33278448255604,-23.779690707207582,-29.17165271462476,-61.5935836529351,-234.10150392981834,-97.15760207048149,-21.720035607691962,-29.19930523100671,-23.210394081846353,-21.20405119935147,-20.339878362252428,-20.29423341644316
-21.255333015245963,-21.376407734274043,-21.262891257699533,-23.067036231194415,-30.448722346844868,-21.29864701597218,-22.97082425390726,-44.865543330288844,-58.556742047479744,-21.662463715197195,-21.29251172082235,-21.412648916454774,-21.40738181147399,-21.611452512974314,-31.242998087210324,-21.42286353321703,-21.343395218879646,-21.24530949144352,-22.185135596494206,-24.403027761070124,-29.49222894446219,-58.77834833423704,-223.8414221050427,-92.88056898847152,-22.509488279554674,-29.376936268828285,-23.914442877052263,-22.067448120237685,-21.29777284961185,-21.264006957413102
-19.447905794770215,-19.59967154799717,-19.43019282688899,-21.644182420316945,-29.897641184339378,-19.47985511826169,-21.551606081160728,-45.025101387760785,-62.65813464307731,-19.912334013322525,-19.513346928999287,-19.641069726437603,-19.666869464176724,-19.93856252257022,-31.170486491478467,-19.74026865291401,-19.58392789766549,-19.43920314472967,-20.579648042862615,-23.232950712494546,-29.184854431666807,-62.935666715736986,-247.99991994412102,-99.95950926490102,-21.00733904002888,-29.21864085781848,-22.672515923279505,-20.431581312911444,-19.489741844268888,-19.43320743666977
-20.724787862255045,-20.86239490981284,-20.719402267386787,-22.76138086441234,-30.402139293372947,-20.75807338940739,-22.608741030071734,-44.87594421717709,-59.13592982924105,-21.129728556956515,-20.7771071107841,-20.88995115102767,-20.907522683319236,-21.120388106900336,-31.060705662559066,-20.953172506773104,-20.83946792688095,-20.718933470458246,-21.71578496531167,-24.079213052006462,-29.63285640851189,-58.8684854691392,-233.76371814787112,-93.537563437969,-22.062992606147986,-29.437769451850013,-23.624498316959386,-21.580253693921733,-20.763821431206146,-20.72096497380469
-20.700858734901914,-20.837504904873903,-20.695911256835558,-22.719967797917977,-30.35589318962211,-20.735107761535033,-22.579018809201422,-44.836994952504256,-59.28525389252009,-21.10987338321824,-20.75227803601943,-20.867140214868115,-20.882743846488886,-21.098918195464396,-31.087303543163934,-20.927234720832217,-20.81394250569384,-20.694321214962677,-21.6942552536635,-24.057880955065876,-29.580823262391533,-59.11705566654942,-233.24271310337738,-93.82495196658435,-22.044893573501977,-29.412853412274682,-23.59356158471727,-21.56002722415141,-20.74040698848484,-20.697539503125746
-20.478078701548792,-20.617484110305934,-20.470692371596147,-22.52918280901955,-30.263699065568595,-20.511776983933043,-22.39577174644345,-44.835766488651856,-59.84030583668074,-20.89634965702821,-20.53205498858473,-20.649066389192075,-20.6667670040162,-20.89259181231519,-31.09125204950145,-20.716750257455807,-20.595335687400375,-20.471187179882833,-21.49544090645554,-23.908768395717384,-29.50670381806417,-59.74448770115086,-235.6599072111652,-94.82669828397077,-21.85967175116599,-29.37275054833492,-23.428876323767277,-21.358786838603013,-20.517946816040844,-20.472580798543163
-20.45958939846823,-20.600490175233418,-20.451327255589252,-22.534813516044924,-30.29109446102937,-20.492219612749114,-22.390584796676308,-44.873850852388244,-59.78898437881972,-20.87538837084824,-20.514931084712256,-20.630312849727346,-20.650390365334594,-20.87456819399029,-31.063324681080964,-20.70252327211006,-20.579229606263862,-20.453322398836306,-21.478955265001854,-23.90094479312233,-29.545414204463547,-59.60306994113833,-236.64170061583374,-94.72009120785337,-21.842159802280833,-29.390346155074447,-23.428531413757536,-21.340535568574886,-20.49900026680293,-20.453196591226508
-20.33159340391079,-20.4725727701591,-20.322767934927747,-22.399889149165144,-30.200147129060156,-20.36514434770919,-22.27367459756913,-44.8380383860634,-60.23328534425333,-20.75666337332507,-20.387035967490014,-20.505800345105456,-20.524423627033798,-20.75706295345801,-31.101330369765563,-20.577624706713767,-20.451213208872296,-20.324348647307605,-21.36484974962484,-23.810581951101675,-29.451041090113055,-60.2034965843432,-237.17122559351836,-95.54123972543309,-21.738395526320282,-29.343973789403613,-23.318460637905364,-21.226861881684748,-20.371778312050374,-20.324830571718756
-19.90833302866864,-20.058633405567857,-19.893234698311137,-22.11084164694481,-30.161064745880985,-19.937806662927212,-21.95928485510376,-45.039745048671975,-61.00212763294505,-20.340551192043215,-19.972180216265677,-20.08911211843659,-20.11845720456014,-20.360510519626395,-31.02080035021196,-20.186462914877026,-20.04221981494091,-19.902546560981328,-20.987000432331644,-23.54312664328883,-29.468443405694096,-60.77954670638972,-244.82691973844157,-96.94415049029355,-21.37799360546216,-29.345800864499303,-23.05075499397377,-20.8392202411652,-19.94770550394011,-19.895612527457843
-19.804149527193495,-19.95305287170096,-19.789211725082207,-21.974798213976772,-30.04587327215978,-19.8354806673928,-21.853330375278162,-44.962423590410346,-61.510566588306176,-20.2480706948164,-19.866831306834623,-19.988737859563265,-20.014364814752177,-20.26683432097036,-31.095414837961194,-20.081619935674354,-19.935892631727345,-19.79682463995062,-20.89517855878802,-23.466339500836185,-29.341450299834108,-61.53678974892672,-244.33651022757715,-97.86009998966297,-21.297933071952972,-29.28878434438049,-22.94719253411524,-20.749431031464436,-19.844692688663212,-19.791797105042523
-19.664678390117622,-19.812043235222713,-19.64995023974603,-21.798082378789267,-29.930805802821993,-19.698413305225458,-21.714637704493807,-44.92555623338772,-62.21127496577054,-20.124478085389146,-19.72621641310592,-19.85417805097478,-19.875236827308633,-20.141298381847083,-31.195316169213793,-19.941622620439837,-19.793858831791038,-19.655394043149332,-20.77237770600485,-23.37174513865577,-29.1823142089289,-62.56437743139534,-244.25029686239586,-99.15585754624622,-21.190315216737012,-29.21415014972621,-22.811274286342154,-20.629022138509324,-19.70677734441881,-19.65280648328558
-20.3119037837894,-20.451789373932122,-20.30360640379494,-22.360407061694513,-30.161893706369824,-20.346516967822623,-22.247112847052115,-44.810927577325245,-60.395948322626516,-20.741431297287775,-20.36639041267419,-20.48721221760792,-20.503667024370323,-20.739806241104947,-31.133344295011604,-20.555504554164596,-20.42971494877962,-20.303927067142304,-21.347327083968093,-23.794178030637458,-29.39731156142931,-60.47774673160724,-236.6474183205426,-95.85655865742298,-21.72433894863103,-29.317886447258324,-23.289798644144216,-21.210773851147156,-20.352649633017695,-20.305734913382352
-19.789751256742054,-19.938314302597135,-19.774913466742838,-21.953345264229814,-30.0279919113432,-19.821466080295956,-21.837574118000205,-44.95065697575853,-61.59701191898296,-20.235770439254335,-19.85215307890862,-19.974954024776633,-19.999802499111816,-20.254065201839317,-31.110058400485443,-20.066761515281893,-19.92095545263727,-19.782132274258192,-20.882546801363343,-23.455831383778417,-29.318472549234382,-61.671168809904174,-244.19909492312956,-98.01813797769638,-21.287234966841332,-29.278222706710416,-22.93129429510605,-20.73726306649188,-19.830519002550822,-19.777533319498016
-20.319457301505977,-20.45621667108066,-20.313043683114085,-22.316626637206028,-30.111420562757747,-20.356682859900722,-22.23010190357993,-44.777741680941325,-60.64077778840501,-20.757178862024627,-20.371250422764177,-20.496044963284085,-20.507068655221143,-20.748716822171172,-31.20372434272795,-20.554303388555965,-20.432085048915933,-20.309881860801397,-21.35384837750652,-23.794599287948664,-29.292834553726877,-60.96045036213444,-235.08393045100752,-96.37574899262621,-21.735139277744466,-29.264993233560872,-23.262822314870796,-21.221178448852992,-20.361445273870267,-20.315260407299633
-21.233683172080607,-21.35493825802022,-21.24103294725109,-23.046867640409893,-30.43802769541597,-21.277012244600066,-22.952254578516147,-44.86150091211316,-58.616774752645384,-21.641992580186397,-21.271050703397247,-21.391506780712145,-21.38630918682069,-21.591539399780917,-31.24502576660309,-21.40224477916927,-21.322000791837805,-21.22357112443238,-22.165778861308446,-24.388595369320733,-29.480905664193177,-58.854070554249304,-224.01327681447822,-92.9907380121325,-22.491648495763926,-29.370336151823608,-23.897252095254927,-22.04799059764698,-21.276187287915228,-21.24218089133033
-20.61382144698275,-20.746259475057073,-20.611154335631188,-22.559615661631675,-30.213609771457357,-20.65235373885313,-22.466542787702526,-44.76374433828181,-59.92181340374824,-21.040399539858186,-20.661554800923376,-20.78428498841875,-20.791387961105734,-21.02073812740099,-31.20201196357033,-20.830103218594466,-20.719730166653605,-20.604379761860375,-21.615530827945705,-23.986333812360794,-29.368067357850606,-60.17901660823296,-231.50829656644055,-95.11567647835646,-21.978975732194606,-29.304803006451774,-23.47271646984472,-21.486955628526218,-20.655647071139967,-20.61303860717938
-20.53967864206088,-20.675256389160147,-20.534753060618463,-22.531205601572957,-30.220020174790925,-20.576096856378218,-22.422502275188418,-44.776942601514506,-59.92965369589947,-20.963444803976934,-20.590204679441307,-20.71081573207113,-20.72254944803509,-20.951368244293292,-31.157260794631625,-20.766599738059295,-20.650724235695836,-20.531284015574762,-21.55003581092657,-23.941341802731184,-29.41956702048585,-60.04658453436591,-233.32142582903435,-95.05308970888674,-21.915208825723127,-29.331058975682545,-23.44175397085844,-21.417866504149572,-20.58068269297258,-20.53666321578759
-20.962582631402775,-21.084882830978678,-20.968296954531258,-22.77792460535623,-30.307528430509567,-21.007215330587623,-22.711876992668703,-44.85534114669118,-59.48395462340534,-21.38912589563949,-21.001412547856404,-21.12704744542852,-21.120555832134443,-21.34202887405649,-31.296588614052624,-21.139908150199496,-21.052098312678037,-20.95074820816005,-21.92287560480784,-24.209584975859592,-29.30281464787818,-60.002182712849354,-225.9891215402653,-94.65419720470919,-22.26854173825042,-29.266868966647706,-23.66970186600299,-21.805310636739684,-21.006449413511884,-20.96986629297616
-21.115607306671208,-21.23663721460784,-21.122763966890403,-22.92039819446906,-30.374257013045657,-21.160102626263,-22.84260421895557,-44.865487655313046,-59.03880851114499,-21.533476222172478,-21.15305196251334,-21.276465955686948,-21.26953051713846,-21.482645721190245,-31.277622362114695,-21.285722333731098,-21.20329816281756,-21.10439901543505,-22.059418233590645,-24.309100952255164,-29.38141624432226,-59.44147563592459,-224.6450634157871,-93.83402276848929,-22.39427504010698,-29.312496993640814,-23.790814197263973,-21.942583989860374,-21.158994282119224,-21.124108617765508
-20.800595830648035,-20.934003578346996,-20.797964566651697,-22.772911443825944,-30.349360516953233,-20.83677837755991,-22.64543868386355,-44.79961492338701,-59.18852725988839,-21.21050029574779,-20.84902189583185,-20.965669954234606,-20.976787895636924,-21.192095261123164,-31.127715725627432,-21.015812930219443,-20.908499957290083,-20.793186880910888,-21.782892601664997,-24.117611301054787,-29.545648147648542,-59.13276641702885,-231.076257129062,-93.69630068652214,-22.130262703484664,-29.39826456292706,-23.646313298659646,-21.65221851697441,-20.840800759170953,-20.799529177017295
-20.648152269617228,-20.775063360583026,-20.64947451936275,-22.513153664406733,-30.186348895285995,-20.691323875664107,-22.457877088959776,-44.818288809085324,-60.264472323023,-21.087409589492758,-20.691364972291595,-20.819561402291004,-20.817348391837868,-21.053286174730303,-31.305163553566437,-20.846608043294705,-20.744792680093187,-20.636082060943135,-21.643974338097014,-24.007035713577757,-29.209546765003815,-60.8838016460921,-229.43836629776072,-95.98170843020569,-22.01047111268576,-29.21550678492519,-23.443277745749917,-21.522264357240058,-20.692156357390395,-20.65144836508737
-20.855001306679423,-20.978947931847003,-20.859138900797962,-22.688089132038566,-30.265025309073682,-20.899065476189573,-22.625322713922607,-44.836915021577795,-59.74291449595208,-21.285706419613934,-20.89538448772312,-21.021836806018932,-21.016944029138195,-21.243304254223006,-31.297763605694435,-21.039851361527674,-20.947063655303122,-20.843116756933334,-21.82746588534393,-24.140162664787674,-29.272240954370762,-60.291994622246584,-227.15684095447799,-95.0883298164978,-22.180265912735806,-29.249815994917178,-23.592768848434552,-21.708413322330504,-20.898879870202705,-20.86084834327667
-21.311667637359175,-21.43319887190522,-21.319060813742738,-23.132447569503764,-30.48690923991432,-21.35412269115942,-23.025910658866657,-44.86753601498328,-58.33719290660919,-21.713508029947633,-21.34913857203977,-21.467445279552738,-21.463619167439635,-21.663532080468233,-31.22283801914389,-21.479597584257707,-21.400632116844417,-21.30234391979977,-22.23618516909658,-24.442789299015555,-29.55125294656942,-58.45882748635994,-223.71125005909786,-92.42966346744231,-22.55602329634887,-29.410689044104657,-23.9690159057479,-22.117607876445753,-21.35354460988139,-21.320076203554528
-21.277287909178757,-21.39912356106817,-21.284335587542145,-23.100666408612994,-30.469336833018353,-21.3197493576241,-22.996508935145393,-44.85949654593006,-58.42964338909001,-21.68092692844922,-21.31506770485549,-21.433865923555803,-21.430183178627864,-21.63189915014367,-31.22541492386429,-21.446915187149333,-21.36668605285524,-21.26783294112583,-22.205438245063014,-24.41968366874664,-29.53377465766718,-58.57455948646471,-223.97998666123,-92.59813423187799,-22.527664899589805,-29.40051486720312,-23.941886131373256,-22.08667994938971,-21.319257564511467,-21.28540187208014
-19.759406800951684,-19.90285379511372,-19.747150974945303,-21.83139631977052,-29.921706814052847,-19.79567721488428,-21.7710188523173,-44.87812678426537,-62.22184266453958,-20.22347644415673,-19.8176146083625,-19.948351681379787,-19.96375718719004,-20.231690138145765,-31.260165622196283,-20.024238434861257,-19.8822638101244,-19.748773722666563,-20.856908632274756,-23.433542825285016,-29.109933870004724,-62.780496205671746,-241.75915875407884,-99.22871537058509,-21.27416349286542,-29.17558839948458,-22.85046201946268,-20.71815618588482,-19.802486021534083,-19.750009550303382
-19.602238838794676,-19.748133168907167,-19.588082906276995,-21.70530119268846,-29.880496921427735,-19.637788854994742,-21.646957302627996,-44.92451060282362,-62.62561352485153,-20.072095347926176,-19.6626962730337,-19.79437591257026,-19.81194337202075,-20.086041678394352,-31.265168764636158,-19.87680941662261,-19.728917490380564,-19.59162024703996,-20.7176742762279,-23.332970741975725,-29.082242496338523,-63.202100653359594,-243.99209272199698,-99.94644658589394,-21.143993139679996,-29.16467860277548,-22.741743500773126,-20.576438702582667,-19.645410073066284,-19.59109324590696
-20.78781809142415,-20.921627162901384,-20.784891027277492,-22.76583703491451,-30.34935252190705,-20.823761074672877,-22.636806508410366,-44.80285165616766,-59.20187965222586,-21.197642529989285,-20.836614350952008,-20.953059761437157,-20.96473068550581,-21.180189969143953,-31.12292060456437,-21.004450631740433,-20.896367157554973,-20.78051375165974,-21.771549944745786,-24.109862467294047,-29.549580566126572,-59.13293749182102,-231.3377070575916,-93.71360326001272,-22.11938546948056,-29.39992166225963,-23.63941215678335,-21.640437645727303,-20.827942491746825,-20.786464619627523
-20.238535208209086,-20.365639387741094,-20.23865872387845,-22.088350732572675,-30.064163665714588,-20.285230213362038,-22.089852266296678,-44.99381460113183,-61.88168321499148,-20.712610049968873,-20.283396788811835,-20.42057655710286,-20.41359337292561,-20.677831674723556,-31.45346481633071,-20.44528934975695,-20.334831588404374,-20.223084747720268,-21.27865550144336,-23.761532204912537,-28.907614714895928,-63.06869443878725,-233.20325346935445,-99.17027055625772,-21.677341941721078,-29.040707119394,-23.08818304337591,-21.159179594626053,-20.285465932820586,-20.241288670171954
-20.778744545123764,-20.910297794778668,-20.77721857383297,-22.720234756382293,-30.298321137775876,-20.816693999461492,-22.61101372598629,-44.773750215414324,-59.40583547331944,-21.195048573792963,-20.8255249601007,-20.94516703476899,-20.952739660279672,-21.17259272317602,-31.17157581225949,-20.989023406897363,-20.883492273534806,-20.770192551119823,-21.762782303454205,-24.097180355745095,-29.465071820501272,-59.513088123095365,-230.26011737608516,-94.15261924957619,-22.114268553622576,-29.357081277823124,-23.607393142615706,-21.63452602325668,-20.819850312867562,-20.778867449995204
-20.949737389780797,-21.077898727932507,-20.951090194493055,-22.848578672238464,-30.351018952814556,-20.989262056521014,-22.742365461590026,-44.78636371579188,-59.07455491033268,-21.361966367786902,-20.993379094572504,-21.112901963331797,-21.116542200821485,-21.330554099622415,-31.19202508114453,-21.1462297980437,-21.049111235219392,-20.940823134912755,-21.914699821756138,-24.20762643661898,-29.483471469196203,-59.2059041692652,-227.96331888153696,-93.61688366862472,-22.256627427823535,-29.3689222649327,-23.72095257328051,-21.789830159197315,-20.991149783176628,-20.952553185586112
-20.87019544930948,-20.995561651309366,-20.873308521126155,-22.723840389220392,-30.27832130170418,-20.912858193067613,-22.649092308488893,-44.80754475818949,-59.57299780299019,-21.29586935966511,-20.911644382207463,-21.036282059105282,-21.03404787557806,-21.257401164525586,-31.266869764190115,-21.059395676925515,-20.96466985976409,-20.859172509042608,-21.841932255147462,-24.15026580232285,-29.329634626290208,-60.003668651124386,-227.434043632034,-94.69111959908719,-22.192526693094475,-29.283311651523263,-23.621236379509526,-21.720991830611013,-20.913343425254066,-20.87496265853315
-20.551317618560606,-20.68475437260896,-20.547788487874673,-22.50918520613261,-30.19225544247584,-20.5894957785397,-22.41687498694178,-44.76421766294899,-60.06601097497695,-20.980032265790772,-20.599983667148,-20.723053985107157,-20.731143365293438,-20.962983187177084,-31.200300455068565,-20.77182276016363,-20.658789072080214,-20.54188850175298,-21.559969935480016,-23.945643381965645,-29.354370919593045,-60.330837713868455,-232.2836854240551,-95.36392034777538,-21.927130854127437,-29.297358907254488,-23.42890822555596,-21.430432298464144,-20.593139707903585,-20.54974272990559
-20.35477470563489,-20.493183524675835,-20.347485269220343,-22.38130738134829,-30.158908120056886,-20.39028516156877,-22.274939266595755,-44.792330922478364,-60.36440235455338,-20.7850554581601,-20.40793640407054,-20.529631053575176,-20.544029149034483,-20.780106328771886,-31.15328059185975,-20.593475099609474,-20.470216005814656,-20.346366681943707,-21.38545850611968,-23.82050570864389,-29.377639417071183,-60.50582999275224,-235.6622832728221,-95.8198194826262,-21.761351119817828,-29.3084766785157,-23.3112321051546,-21.250563808087392,-20.395836892758137,-20.349595151759253
-20.892234132096686,-21.02217163091073,-20.892176105148582,-22.81506971116142,-30.343009982992683,-20.930671047141804,-22.70297298775405,-44.78255350680071,-59.13741898026001,-21.304211294044425,-20.937489598201427,-21.0562728772298,-21.062364221915598,-21.277375946906755,-31.172819387853455,-21.095333684108976,-20.994490535995475,-20.883769757054985,-21.863883221391287,-24.17198644031287,-29.498360416402942,-59.21611820938717,-228.99977177040483,-93.68364374402555,-22.208367397707185,-29.37596510960214,-23.68950670457369,-21.73708642876593,-20.9332752907097,-20.89368725316347
-20.599172046834582,-20.729697296855885,-20.5977558811128,-22.51467418161059,-30.1846329968523,-20.63952082396161,-22.439017198493996,-44.77253403669905,-60.137297822779146,-21.032207274355027,-20.645340366502552,-20.770734676121528,-20.774270568743756,-21.00781146564615,-31.247035717129897,-20.80995710216111,-20.701815082194333,-20.588598388135118,-21.601800888857188,-23.974965215938933,-29.291900534185846,-60.55754420119497,-230.87030140098685,-95.59156619401742,-21.968637447521896,-29.26334412139905,-23.439319905601195,-21.475717301778058,-20.64192138645895,-20.59971527992409
-20.37873268466239,-20.51161637413449,-20.37503315078632,-22.318053707700855,-30.10033497651613,-20.418879485631834,-22.255459076528393,-44.78484365316957,-60.764797211292006,-20.822914117604164,-20.427253356939207,-20.555312138569743,-20.560226760192645,-20.804847468483267,-31.271141969578622,-20.60102786251639,-20.484930289116253,-20.367574040646595,-21.405860112241847,-23.832465172926486,-29.203831801363087,-61.30786417152079,-233.20036480910838,-96.72470174156008,-21.787550444349147,-29.216182334117086,-23.27248488914844,-21.27785625332315,-20.42198747352806,-20.377274596012786
-21.258078344700984,-21.375874220359552,-21.268235858503527,-23.0261407985757,-30.431213128184506,-21.30428796776136,-22.950448151575323,-44.929568944075,-58.78291811872181,-21.673093754037275,-21.29265020833231,-21.41594595578108,-21.405016353185225,-21.61280144723289,-31.295064519348255,-21.414391689652707,-21.340673206784256,-21.24642661253034,-22.18505594342415,-24.400681179706424,-29.392386788536918,-59.208233320721256,-222.9539084890757,-93.48690475744729,-22.51074824706462,-29.31846620584249,-23.882315947707465,-22.071437869764914,-21.30192674471486,-21.26940033627845
-20.702760092715522,-20.827140257140215,-20.706140535357722,-22.535159020321345,-30.2050074273033,-20.74774238804838,-22.490124715385956,-44.86471824152921,-60.274753641618204,-21.144669062063073,-20.74393080926545,-20.873393591850324,-20.867440126034502,-21.103399740266838,-31.33685727960389,-20.891931167982065,-20.79527350614729,-20.689825837836356,-21.69139191486786,-24.043672357114808,-29.169662262093276,-60.999278592282835,-228.42889953177016,-96.11906764808367,-22.05557593888449,-29.190434513335624,-23.464014556767623,-21.57265023178215,-20.747512374673747,-20.708085939789644
-21.60845146840424,-21.720541189606486,-21.62443236262331,-23.31843946015997,-30.590851137279657,-21.656902859442155,-23.232316950701566,-45.07604379268799,-57.99796310872075,-22.010504268892166,-21.637694917403724,-21.75835052232828,-21.74139020757667,-21.93279351859555,-31.30190858447034,-21.737744651554124,-21.682353349604465,-21.596923161357203,-22.49575472788094,-24.627545779119657,-29.49791542348487,-58.31940344677499,-219.6201473526314,-92.22541876417398,-22.797040406963937,-29.38178522755797,-24.13285769146143,-22.387008544654314,-21.652472363997287,-21.625078744306666
-21.532065984899162,-21.645527191669387,-21.54664486517299,-23.25599986647617,-30.554998372355698,-21.579912739486854,-23.17157141020372,-45.03573640031289,-58.15892505239498,-21.93667448164744,-21.562566694350764,-21.68371241124073,-21.66829697372829,-21.863208877925857,-31.29845156128121,-21.667787704404653,-21.608057666261768,-21.520563010515094,-22.428134943805933,-24.578214998328693,-29.477633325307323,-58.49745060043655,-220.338562129412,-92.47184594457639,-22.734814952647426,-29.369417417693022,-24.079332741738668,-22.31819754644358,-21.57599126486604,-21.547407347860595
-20.96796396779759,-21.088311843151985,-20.97522651278458,-22.757721956746952,-30.30775422165843,-21.014301085714635,-22.703602004308824,-44.90581931990882,-59.61876119705062,-21.399257776003058,-21.005330290581266,-21.132666503387657,-21.122868459782243,-21.34649450053118,-31.32912830562961,-21.138604095901186,-21.05425844734282,-20.95517863274621,-21.926305250403967,-24.213528729148276,-29.246035017521205,-60.25891275247224,-225.5338890917857,-95.01988415436246,-22.272581662935618,-29.23226228394318,-23.65380136133255,-21.811196217076862,-21.01266034706782,-20.97682420321202
-20.70079566105063,-20.836323774711374,-20.696498237842913,-22.7014662371629,-30.32732961656405,-20.735972990892954,-22.570139232062694,-44.810264106065276,-59.3689755809624,-21.112630916367106,-20.751186598699096,-20.867604703273898,-20.881244180856847,-21.09942396545401,-31.11091534785622,-20.924124729310467,-20.812041107577606,-20.69368003220302,-21.694022501915796,-24.053792249054727,-29.54180806721488,-59.283115143955214,-232.59990858993655,-93.9975069899261,-22.046347163733497,-29.394189888130562,-23.581682882829938,-21.56118248376238,-20.740783158119243,-20.69815915398187
-21.322621571777248,-21.44273761118289,-21.331139943269232,-23.12426445591619,-30.47883602742567,-21.366244082661506,-23.025718686668494,-44.884734374611725,-58.399380407420075,-21.72707015496929,-21.358884996726445,-21.4784468534731,-21.47226318259218,-21.673218126459677,-31.243439546406506,-21.48559844079391,-21.409221452382617,-21.312673123078035,-22.24502075449863,-24.44721369049357,-29.515040344676873,-58.597673062407964,-223.19212727441297,-92.61349300357546,-22.564882026628148,-29.390486747769646,-23.963709999017656,-22.128135573647608,-21.365034479407555,-21.33216149297718
-20.387315673141764,-20.520930508168195,-20.383148660811226,-22.33844003631872,-30.10995317093372,-20.426733695773457,-22.26858160513342,-44.776655196324626,-60.66523008444962,-20.82864976323404,-20.436403038270747,-20.56338461932055,-20.56970486853945,-20.8124363053915,-31.25165030246443,-20.611636926550876,-20.49476747352509,-20.376620722236815,-21.41370532650961,-23.83778749792521,-29.23535684066194,-61.13934636313175,-233.39216801581378,-96.50876923156069,-21.793797365447666,-29.23363696129708,-23.28787400661823,-21.284720348681876,-20.430188659110996,-20.385355072755843
-20.398434762791176,-20.535367446924415,-20.39218281814425,-22.403343099600214,-30.158464770881928,-20.434848222091606,-22.303559319207878,-44.77868708701048,-60.3301043609301,-20.829411741596495,-20.450275794547075,-20.57279141002743,-20.585136622830188,-20.821032728330348,-31.17254849157255,-20.632131610890127,-20.511493487622992,-20.38960165657487,-21.424229892819504,-23.84760636135928,-29.358967365856664,-60.529202726921284,-234.70694134525752,-95.78278537886915,-21.798834491532038,-29.299264372103274,-23.333346450114558,-21.29099249305598,-20.4398149274207,-20.394271388738872
-20.777785632195872,-20.910925295278926,-20.775236762365562,-22.74440922583248,-30.327717139567532,-20.814376519427228,-22.622349042637914,-44.78950657760686,-59.28666214609072,-21.190052705271,-20.825978874849987,-20.943584741222665,-20.953951638471196,-21.17121205386256,-31.139397993689336,-20.9927219704018,-20.885197856885952,-20.770052533366524,-21.76239607853407,-24.10067110156682,-29.518709375652506,-59.2791980665288,-231.02802974780673,-93.88752254339563,-22.111934651983113,-29.384397974682095,-23.623513006493944,-21.632165114914216,-20.818244253918166,-20.776844491248024
-20.848163571226735,-20.981512457671595,-20.845749559900945,-22.822425626370798,-30.38227424986667,-20.88402387373966,-22.68882383503822,-44.813360184932506,-59.032429683144855,-21.254750135073092,-20.896522738985098,-21.01199021222877,-21.02358023215468,-21.235877964864077,-31.116364230256174,-21.062186789310907,-20.95606018291755,-20.84110889947836,-21.82549094719652,-24.15128942301645,-29.580604247164715,-58.92157061002828,-230.87140060622215,-93.40295652393449,-22.16917016541734,-29.416562337066907,-23.68728883634917,-21.69465972834685,-20.888092465696825,-20.847241105809776
-20.727173656626146,-20.853752306629627,-20.728967086474864,-22.591213973027532,-30.218636845219375,-20.769963016346374,-22.52736596626078,-44.80754710634222,-59.996678933211314,-21.160937499692984,-20.76991985412905,-20.896624127452334,-20.89479270773401,-21.125900229993633,-31.28648459905276,-20.92304795867405,-20.82340618150108,-20.715590381550914,-21.714491858951153,-24.057573186645236,-29.25910394035706,-60.53262426125933,-228.76402603838804,-95.47046695652902,-22.07512950106641,-29.243556252580767,-23.50886175191887,-21.592779070096793,-20.7707721886942,-20.73082249894012
-20.8341606775976,-20.962022706914613,-20.835346292315712,-22.72228025269342,-30.280381411554295,-20.874899235463648,-22.634177485979453,-44.78017573267181,-59.50232349901151,-21.255980286508034,-20.877710513503292,-21.00044405685383,-21.00216489800186,-21.22421428345655,-31.229437289339888,-21.032034977490575,-20.932778130908634,-20.82413722635094,-21.81093862691854,-24.128480623640346,-29.38370426755842,-59.8043695050814,-228.46883795431563,-94.45500925775497,-22.16212583491346,-29.31390319206502,-23.616351877777912,-21.68703628571107,-20.876466345806612,-20.837000461851
-20.01706406143616,-20.156123396489722,-20.008252670082413,-22.032793034072586,-29.99082159168757,-20.05489816775903,-21.97211846978284,-44.82088866367965,-61.60855700321943,-20.472873507059326,-20.071263082082787,-20.200926295926568,-20.21204097010272,-20.47049926638509,-31.263798177203363,-20.26457391621689,-20.1330097363889,-20.0062050626869,-21.08528520391572,-23.59925011211482,-29.14553108711056,-62.16608522271119,-238.07320674270716,-98.16202759911933,-21.488075299683246,-29.189610256352942,-23.025384295718528,-20.951044476775298,-20.060187364793713,-20.010865830545075
-19.887085779731798,-20.02601599603952,-19.877970657726483,-21.89248310517692,-29.938533753068906,-19.926222103039066,-21.853487896562314,-44.86237981601516,-62.158282079363715,-20.35458186184745,-19.9414848463953,-20.074628057046787,-20.083734240169893,-20.35190516190362,-31.322977746272713,-20.13682682088489,-20.002567812082013,-19.87504729991532,-20.9700881121292,-23.519115026853072,-29.043655023862993,-62.918305789875006,-239.06082788789573,-99.21660887829849,-21.38403815920748,-29.136344684128645,-22.911457347906172,-20.83664218057409,-19.931223457336994,-19.88079301465889
-20.98493269052713,-21.115231828252053,-20.98496777823567,-22.918797709993445,-30.412640357667822,-21.0223186424826,-22.791142439854433,-44.80812989229419,-58.79745573429536,-21.389177769065547,-21.030455155994957,-21.146384786503994,-21.15422946895381,-21.362641381187647,-31.14201719287103,-21.187177295501247,-21.087998498618724,-20.977412988514793,-21.947171928389654,-24.23830201700774,-29.583065657196073,-58.733919267349016,-228.7889871108204,-93.02470870397653,-22.283985798510802,-29.421156630962823,-23.774679511253083,-21.8194553232929,-21.025231513989276,-20.986322837001374
-20.47729641285023,-20.602397145284055,-20.479534602529586,-22.310110715413295,-30.13241491292925,-20.523624529315295,-22.2913870445821,-44.93388283066614,-61.091190861658866,-20.9362700986093,-20.519810343063398,-20.653570571351032,-20.64612634338384,-20.89653234395973,-31.401158481472574,-20.673066756931664,-20.57064678485906,-20.46283324552453,-21.4903337827366,-23.905836127493558,-29.02218414310316,-62.07892645925926,-230.553146645669,-97.70306259628268,-21.871541844066503,-29.10472127966971,-23.274722552736158,-21.37201283424103,-20.523356078312176,-20.48182781317617
-20.80568536512736,-20.93279023818769,-20.807326595182094,-22.68118711422214,-30.258708794460006,-20.84733642810444,-22.602652923278967,-44.788921765657996,-59.66552549073178,-21.231757840058346,-20.848667698526725,-20.97294562276283,-20.972988630436724,-21.198067501093412,-31.252420635518433,-21.001724792109904,-20.902962320743665,-20.795030830242958,-21.785058900433988,-24.10883877739034,-29.336685831106944,-60.059041507786276,-228.38712502578844,-94.80121252978944,-22.13915855968798,-29.287602057781182,-23.583274687825966,-21.66225980298951,-20.84851221327479,-20.809044147997184
-20.419206182846022,-20.54743098655851,-20.418935217286563,-22.29204861276949,-30.103972688666623,-20.46321199306029,-22.25958768207937,-44.86220082668752,-61.03541656227722,-20.8738452444079,-20.46409904138123,-20.59622880445978,-20.593467301876696,-20.84310366299815,-31.358081823282824,-20.626210681259778,-20.51763280390651,-20.405899016218275,-21.440176178431486,-23.863562847229108,-29.078880377908114,-61.877241600808944,-231.6272655146825,-97.43927850076932,-21.82352270345413,-29.142046110406806,-23.25746758880419,-21.31804064667171,-20.464263494980052,-20.4212424905379
-21.357395465958874,-21.475873961217196,-21.36731478048707,-23.138487564029443,-30.48555969863007,-21.40219291624027,-23.04600225855699,-44.91379739289175,-58.3976220904479,-21.763205625461623,-21.39225264834231,-21.51267108294683,-21.504020365776245,-21.7046877690312,-31.2616748161595,-21.514116184389916,-21.441324846879066,-21.34691340003552,-22.275070015650613,-24.467922252280406,-29.491369886244613,-58.654975738524186,-222.52884101963332,-92.68664263679267,-22.59314463534892,-29.37714064307405,-23.977167088339332,-22.160010677819404,-21.400288287211485,-21.36830484508233
-21.52452908488348,-21.640049360664843,-21.53737606256475,-23.27400573750104,-30.55967512112008,-21.570613733866665,-23.178677014595596,-44.98492746723538,-58.04682805787874,-21.92490883846473,-21.55664586466401,-21.67611927633288,-21.664163975654258,-21.857492831189763,-31.270967628108956,-21.66768274224824,-21.6038943851382,-21.513973290300925,-22.42326564283681,-24.576384108642298,-29.53322370610583,-58.27493528301186,-220.84929031717743,-92.13710881190053,-22.730074338830143,-29.40267838981937,-24.094055026995377,-22.310842004026657,-21.567610536204516,-21.538127801876538
-20.928016723258768,-21.053510317583093,-20.931211380715027,-22.78630126865211,-30.308214471759886,-20.970082059130675,-22.702803850481178,-44.80166202761905,-59.35618458783827,-21.348835376969877,-20.969444790514,-21.09257764528539,-21.09125504034451,-21.310617177328254,-31.248190179626718,-21.11650356644517,-21.022825068762817,-20.91754008050689,-21.89385254204194,-24.188589702088272,-29.378501367344548,-59.702101417083895,-227.1060380992048,-94.26131182679414,-22.23990897081411,-29.311097709746527,-23.67334463163158,-21.772441356079273,-20.970717225000428,-20.932769951329835
-21.082945847231993,-21.20253741207077,-21.09114052367291,-22.867356606672924,-30.354978888917756,-21.12899647621462,-22.803008707660652,-44.90362906463679,-59.262983614760316,-21.507059003952694,-21.119385932790752,-21.244894133013087,-21.235101344504347,-21.452113871019417,-31.31024023662799,-21.24881111864906,-21.168188255737252,-21.070736766752194,-22.028985616480796,-24.28719009259664,-29.31133089538801,-59.800985452394016,-224.5309899322828,-94.35042636452602,-22.366984274379284,-29.270718369683014,-23.746900141797852,-21.91415376912173,-21.12718713525413,-21.092563830634035
-20.772227579220544,-20.89782879791215,-20.774877546393064,-22.62455931921886,-30.23447509454514,-20.81551005811483,-22.561511331504782,-44.81778625191508,-59.91144185851363,-21.20506172629024,-20.814101766858123,-20.940777115911224,-20.93778091642024,-21.16730947643555,-31.291509926508756,-20.964077280816344,-20.866904528647204,-20.760510431766388,-21.75429224415271,-24.08669994059577,-29.26188618907768,-60.45610372831649,-228.1765034295221,-95.34546009733339,-22.112237824563632,-29.244666399179664,-23.537861785257007,-21.63358467723496,-20.81594616612018,-20.77668353610446
-21.240719290483067,-21.35864018856923,-21.250723206994657,-23.00971127138779,-30.423297405422762,-21.28695936051544,-22.93545846613527,-44.927769137064445,-58.83377537682719,-21.656761734129958,-21.27543568344711,-21.39899952190521,-21.388093487726508,-21.596852012438234,-31.297270539054338,-21.397801694112516,-21.323488341442165,-21.22898537466817,-22.169534264976217,-24.389346084541494,-29.38265064482662,-59.27351599505972,-223.09451464741127,-93.58179726914526,-22.496465732053792,-29.312676719507156,-23.86831681767171,-22.055864029045505,-21.284629168112104,-21.251914440671932
-20.770794515640308,-20.893733260930325,-20.775473058701948,-22.586714782265915,-30.231077575886637,-20.816487391551696,-22.54210392865429,-44.88448180457063,-60.13922275050091,-21.211114423847967,-20.81069760203551,-20.939998239740532,-20.93236565433059,-21.165743493841,-31.342177960536066,-20.95389891825529,-20.861035829546147,-20.75768505038536,-21.751374527803346,-24.08765584492441,-29.175902160515854,-60.87069563582124,-227.58992236470212,-95.92196325307364,-22.11124556251396,-29.192770159337062,-23.50826357909424,-21.634103866761983,-20.81571258028092,-20.777339963461987
-20.315298769487736,-20.452387395059965,-20.308667135828703,-22.317575722624177,-30.113852176858654,-20.352272721265333,-22.22879108965839,-44.7792454629873,-60.62709173543459,-20.752408345774516,-20.367374613755462,-20.491851635421266,-20.50340560094356,-20.744717756367553,-31.197531047269273,-20.55116237680557,-20.428471500724008,-20.305864965847064,-21.350184775820185,-23.792126084702975,-29.30121257764877,-60.92626747661696,-235.2540945946857,-96.34219952509146,-21.73132805581621,-29.269382265435638,-23.26275934603097,-21.217117511365906,-20.357175756892996,-20.31087997832025
-20.274479781333635,-20.41333406314668,-20.266641850806018,-22.303295799636594,-30.11908590159051,-20.31027241591067,-22.204944032713847,-44.79297984899239,-60.624069691959164,-20.70980170395298,-20.328106647943834,-20.45132543304474,-20.46547982081912,-20.70621184034288,-31.170479096711475,-20.51610215286706,-20.390530205153908,-20.265651938319937,-21.313986505350417,-23.766900615510067,-29.33242737097781,-60.83788205050466,-236.31312760247772,-96.30082039461162,-21.69575011492555,-29.2854171405765,-23.246312525070476,-21.178876062852673,-20.315894996511012,-20.268861539407506
-20.313109615255318,-20.451216917400572,-20.30585106672502,-22.331992879210002,-30.128647441694234,-20.34922136470135,-22.23452939632064,-44.78646524516552,-60.54512622174584,-20.747494618404563,-20.366053620038496,-20.489251078493275,-20.50258187627739,-20.74209774962648,-31.174526743841724,-20.551863929489464,-20.427981312253408,-20.30420099279968,-21.348330099141478,-23.79182852638561,-29.335360454905132,-60.766263122644915,-235.7371653826324,-96.16581074519672,-21.72810185895505,-29.286974266779104,-23.27182086409703,-21.21399089637297,-20.35457449782292,-20.308034998845873
-20.22723556253165,-20.366967980289647,-20.218716593388443,-22.267678402857783,-30.107093566252367,-20.262670917197983,-22.168512318722843,-44.801610303539746,-60.7239331642503,-20.663800803986163,-20.281666228261294,-20.40495483409442,-20.420050611446936,-20.662323350722513,-31.166349560364203,-20.47224711768456,-20.344666967267322,-20.218488185116616,-21.271976967711154,-23.736377752449183,-29.32776692576568,-60.93128017436909,-237.00747741590772,-96.47363612977283,-21.65621064799875,-29.28299549535723,-23.214763655230783,-21.13596580888227,-20.26860618480225,-20.220980545948247
-20.720617843423963,-20.860945359133552,-20.71380055164476,-22.80264121294381,-30.490082669342588,-20.75179325135161,-22.62675154870569,-44.98303289892147,-58.963959584749816,-21.119426389972578,-20.77552099154978,-20.884492075483266,-20.906714339914384,-21.11483014092149,-31.00490213738844,-20.955974403949718,-20.839606050784315,-20.716104926335927,-21.712233187501834,-24.08970386288883,-29.72475047693444,-58.507341635309984,-235.62117867695198,-93.21081207906778,-22.055228114281842,-29.47851589679142,-23.649034185723913,-21.573346049733928,-20.758678684565705,-20.715287316016077
-20.729026473126023,-20.85419996312321,-20.731875436232624,-22.573418159664545,-30.215329508794035,-20.773065133407307,-22.519308482231054,-44.83677662117741,-60.108148180610904,-21.166548961088335,-20.770697675662312,-20.898797946092177,-20.89453644359901,-21.127584254159935,-31.313196942904085,-20.92030604986388,-20.822906597477925,-20.716725282766813,-21.715371793929663,-24.05936841326725,-29.215037779287872,-60.74124657280338,-228.39303175386272,-95.75211872386797,-22.0769723555753,-29.217444195182388,-23.49545956679392,-21.59545305879911,-20.773237319795463,-20.73376056209987
-20.72608110247486,-20.85518816489133,-20.726047153833626,-22.62705199376141,-30.235629638397963,-20.766617507819152,-22.544489148294957,-44.77397530620331,-59.790155426171225,-21.152976983115334,-20.770850758162993,-20.89478502109911,-20.89738636370481,-21.124684048729456,-31.236534709026195,-20.929981673131252,-20.82658162687578,-20.715813932274685,-21.714719288539534,-24.057695457356704,-29.34175428632401,-60.14500326085698,-229.56303585707124,-94.96876302126923,-22.073085906842216,-29.29061628982243,-23.53504058356428,-21.589796547084877,-20.768578508863744,-20.72784244157497
-20.85410209069518,-20.981251695815185,-20.855860345642146,-22.732732202245593,-30.284010001741066,-20.895307812581596,-22.647212588781798,-44.7858599510731,-59.48805383989085,-21.27627186562734,-20.89702720242209,-21.020090045666354,-21.020795850828748,-21.242602749378324,-31.237550121486066,-21.049334820596176,-20.951555357103473,-20.843872496989455,-21.828461508978798,-24.141011175702005,-29.375557458154127,-59.814606920148734,-228.10151577724213,-94.45367372090529,-22.178774511860997,-29.309406314230554,-23.62620174553227,-21.705353508949283,-20.896581625182147,-20.857499596646043
-20.97193114843361,-21.10275645557403,-20.971576158310796,-22.91331852450792,-30.41463273624359,-21.008968314456613,-22.783245596596778,-44.81126487703796,-58.80276530809883,-21.37581760627427,-21.017939789278362,-21.13351859222903,-21.142138633547024,-21.3505539142251,-31.135045328355382,-21.176005605912184,-21.075854513248114,-20.964577078022433,-21.93569704275749,-24.23083554001287,-29.590775985523273,-58.71830069001434,-229.10232146777759,-93.02209376341891,-22.272892015157954,-29.424703847653873,-23.768875947547144,-21.807391145178055,-21.01209806328403,-20.97293863332253
-21.098373009505803,-21.226303648823254,-21.100404313913273,-23.00203502008779,-30.444939363367986,-21.136908574352983,-22.87748215577476,-44.81711021084502,-58.59115782935497,-21.500220917516682,-21.141688450171685,-21.257727285983343,-21.262727236647436,-21.46747122751159,-31.15940734408053,-21.29109427645035,-21.19769073701298,-21.090560102413974,-22.04804638230861,-24.311134373752168,-29.592307194845603,-58.55158261207923,-227.22036391091723,-92.69441523543074,-22.378698087652246,-29.428551078733847,-23.849102079954744,-21.92268896141264,-21.138925476820376,-21.101635148318547
-20.669549868150572,-20.804234868782807,-20.665643083737802,-22.654535267274305,-30.28661536098639,-20.70568479952521,-22.534809870054076,-44.787095185585414,-59.54171779351551,-21.085867199866716,-20.719191008105966,-20.837581597145824,-20.84935143179739,-21.07108824053993,-31.137590933360855,-20.891196783301265,-20.77934033888898,-20.66174334843042,-21.665913300776406,-24.02917290822598,-29.488401887855247,-59.55795089506703,-232.2736659374507,-94.33784908661188,-22.021947636342293,-29.367343322149033,-23.545452714400913,-21.53426609808125,-20.710074675632395,-20.667376917415915
-20.518799914418125,-20.645388875379556,-20.520011065968845,-22.37339427657196,-30.138912608812035,-20.56340139318128,-22.338553085214816,-44.86787566196665,-60.79129589849005,-20.969787782989158,-20.562182322801696,-20.693654060924878,-20.689289535598927,-20.93456889751415,-31.355864422117662,-20.718660418932142,-20.61467154445245,-20.50547107880627,-21.528224114646182,-23.927191175060486,-29.10094259015344,-61.613053432747776,-230.4246458163106,-97.03422067095487,-21.90508879296432,-29.152777984245105,-23.326809770252275,-21.407667957718814,-20.5638751015186,-20.52220041490046
-20.964195563379945,-21.090317821621785,-20.967044206058677,-22.833427154988907,-30.333648826527995,-21.005402309451657,-22.740481696117904,-44.79524180525634,-59.18012349041174,-21.380588307471925,-21.006077185690717,-21.12763913335518,-21.127852184747205,-21.343942078520204,-31.226665178726766,-21.15398729356764,-21.06014462953298,-20.95434407021396,-21.926656015522834,-24.21367788553284,-29.427169630874317,-59.43546272514784,-227.1062541377872,-93.89314323597833,-22.269404070200302,-29.338462964788853,-23.71183681030442,-21.804263219138225,-21.00638209326108,-20.9685308823264
-21.02554155401184,-21.14841929505952,-21.030998411872,-22.851563924882058,-30.339528190388275,-21.069131695821625,-22.77328836310881,-44.83620700756022,-59.214515210101474,-21.44563279956495,-21.064658022600387,-21.188277056007536,-21.18352143131181,-21.40010663317551,-31.269180134786218,-21.203575231915067,-21.116145664217104,-21.014527178404773,-21.979779958749315,-24.250998339680017,-29.36985453843048,-59.6117258821701,-225.71570316413616,-94.09529969633024,-22.320323129346463,-29.305998408374528,-23.73116058055377,-21.8611309046129,-21.06872607832088,-21.032454424013416
-20.955872306815134,-21.080331842728235,-20.95992085913223,-22.800763950720075,-30.314697576879936,-20.99862860626295,-22.72085549759169,-44.814591599898144,-59.33835935234869,-21.37724706691746,-20.996406702385432,-21.119996607735565,-21.117190319614053,-21.33618238364943,-31.259596005847513,-21.14046051920886,-21.048994076783345,-20.94509243778405,-21.918240416262588,-24.206151270305142,-29.366553817070496,-59.71917059531616,-226.6135800117773,-94.26940859947722,-22.262974033497052,-29.304256679665123,-23.686770158831436,-21.79798198338689,-20.99883558130597,-20.96145696597393
-21.43943110640036,-21.556132756768655,-21.451040301844255,-23.20065266909511,-30.519456024676778,-21.485147555429453,-23.108810326271897,-44.953522761122066,-58.24719152263043,-21.84335957746875,-21.472683682833953,-21.59295889799655,-21.582126935042844,-21.77957169775546,-31.27109444521965,-21.588397579258586,-21.520574970756098,-21.428747759752152,-22.347533643999277,-24.520600262388406,-29.501597279642574,-58.51057476661381,-221.6073873436252,-92.47586382613622,-22.66023043276181,-29.38355809388153,-24.031060521408023,-22.234178809111725,-21.482556354513896,-21.45191943994889
-20.754735777281752,-20.879158510987615,-20.758226591869406,-22.589942288120593,-30.224596231981913,-20.799229455955228,-22.537513934556877,-44.848442456400655,-60.07499897445147,-21.192248090294246,-20.795770677760576,-20.924026944154495,-20.918769335547683,-21.151162217100765,-31.31942634714298,-20.943063881549293,-20.847409866751207,-20.7422595714285,-21.73793962990124,-24.076144018009032,-29.21063402155834,-60.72582921522306,-228.02232495914163,-95.72184010645583,-22.098095668615922,-29.21434663226379,-23.509966795368157,-21.618843043006233,-20.79910153950076,-20.760087243098255
-21.190664729706906,-21.319793474240235,-21.192247541632728,-23.118375158685907,-30.54085842259878,-21.227452214473626,-22.972246770006134,-44.86986046329956,-58.211236627494486,-21.58307028025224,-21.23507988071218,-21.347138434060263,-21.35534751686766,-21.552382476983396,-31.1165935482408,-21.385019173875733,-21.2922197941207,-21.184220787560363,-22.131549862954014,-24.38241771333938,-29.705725012121825,-57.97729776157102,-227.54121606152395,-91.93943795307706,-22.453678695618578,-29.488063459833683,-23.943048241910848,-22.00419422134129,-21.230155895894086,-21.1933021239029
-20.17815155494535,-20.323401272735204,-20.166520220349494,-22.309862109874214,-30.206582181794346,-20.20946829948214,-22.16656165878823,-44.926763709749096,-60.436774964189965,-20.603451511168323,-20.237461923397387,-20.354297687787035,-20.378405037054186,-20.612795456936304,-31.051136952584308,-20.438282138586857,-20.30441014252178,-20.171898444375014,-21.227854266650475,-23.716229217266434,-29.487616540083355,-60.269858662599965,-240.42179646695533,-95.89685514703362,-21.60632049134112,-29.358404689388117,-23.230578718153637,-21.085228449304758,-20.21768069908692,-20.168672622573443
-20.225899010795413,-20.369042493473792,-20.215510628244076,-22.324310087350085,-30.181861573223543,-20.2585181061091,-22.193762273279177,-44.871456552145006,-60.43625719513676,-20.65316802436621,-20.28331413389234,-20.401883257278477,-20.42294782507574,-20.65843076325912,-31.085355986242327,-20.479798391077047,-20.348878145464024,-20.21893655768851,-21.27061677889319,-23.74297721983984,-29.44825967560003,-60.373322691000865,-238.9027433506239,-95.90112584695304,-21.64904794352931,-29.341201477297048,-23.249815802317706,-21.130384902899156,-20.2659206692278,-20.217662569701577
-21.384076499168007,-21.50248254774802,-21.394139025662202,-23.16536853905796,-30.499944922615946,-21.42872365608519,-23.069967006119303,-44.91700228322925,-58.31388145991934,-21.788069425737085,-21.418818990415144,-21.538697155388366,-21.53021598111531,-21.729273743622585,-31.25700237861266,-21.54002190940343,-21.46794340151655,-21.373780756171914,-22.29905752364483,-24.48595047462576,-29.510211435363953,-58.5423170440336,-222.36479029162322,-92.52419293856289,-22.61518588977475,-29.388238473347023,-23.999989034760244,-22.1839291134909,-21.426825979588198,-21.395085999679882
-20.546993764059433,-20.6770061403302,-20.545780995423623,-22.452011323943715,-30.156472905087806,-20.588250465302945,-22.387799589212726,-44.786334688569056,-60.377576868741855,-20.985694740561634,-20.592863343294567,-20.720110071485003,-20.72208855994743,-20.960015411006047,-31.275017578909363,-20.757210275225173,-20.648665041834157,-20.535713263970674,-21.55499302244364,-23.941119784796587,-29.234822891132318,-60.90723534774634,-231.06171650608775,-96.07653139003607,-21.92650132048299,-29.231613381043637,-23.388215718100227,-21.429829471765274,-20.59033111830022,-20.547836730707644
-20.761175675044623,-20.891216575383822,-20.760605403892413,-22.678208046155305,-30.26520267672435,-20.80059234824749,-22.583486237933368,-44.76895745417688,-59.58781234909782,-21.182819214559792,-20.806669717696185,-20.92863223498247,-20.933313653107046,-21.15678984721208,-31.207272080005154,-20.967256695522302,-20.863330429151382,-20.751688321869803,-21.746511140786723,-24.082296467300065,-29.400172728549933,-59.82828049812118,-229.706797760055,-94.54611674121064,-22.101135748845614,-29.32261966128671,-23.575793598249348,-21.62023585332772,-20.80303518153166,-20.762321369844294
-20.761175675044623,-20.891216575383822,-20.760605403892413,-22.678208046155305,-30.26520267672435,-20.80059234824749,-22.583486237933368,-44.76895745417688,-59.58781234909782,-21.182819214559792,-20.806669717696185,-20.92863223498247,-20.933313653107046,-21.15678984721208,-31.207272080005154,-20.967256695522302,-20.863330429151382,-20.751688321869803,-21.746511140786723,-24.082296467300065,-29.400172728549933,-59.82828049812118,-229.706797760055,-94.54611674121064,-22.101135748845614,-29.32261966128671,-23.575793598249348,-21.62023585332772,-20.80303518153166,-20.762321369844294
-21.136779894720483,-21.254677131932702,-21.14649468871673,-22.901558185048945,-30.377179487313455,-21.183895803113824,-22.840680488370023,-44.94274663392035,-59.19997817301311,-21.560999061004036,-21.171804853011952,-21.297645818224723,-21.285549753382007,-21.501057878271073,-31.323730067144606,-21.295786477177572,-21.219331671787476,-21.12416776487169,-22.076011789067408,-24.321892578663704,-29.301185040158543,-59.77518031804165,-223.81176872242978,-94.31435239611999,-22.41064479638708,-29.263794612882336,-23.776502444908584,-21.962999718917196,-21.181403344729024,-21.14785755081049
-20.475085784397876,-20.606600175385218,-20.47261086600799,-22.398825510251367,-30.133894063831494,-20.515618987330736,-22.333180542805138,-44.78094265253132,-60.518121504656904,-20.915339838550796,-20.52230682266864,-20.64959121704889,-20.653314323120146,-20.89365660625514,-31.267366542582536,-20.69133524840264,-20.579155548005463,-20.46400232009593,-21.49135489448864,-23.89459815818961,-29.23055681730129,-61.03308498307128,-232.05440108694933,-96.29460648948297,-21.86693439526281,-29.23002489854968,-23.341665736296953,-21.364629456464783,-20.51826492061396,-20.474739355475318
-20.433146365890163,-20.56872128369019,-20.427853749827392,-22.41810483284974,-30.15675186249146,-20.470445923611827,-22.32497262730834,-44.77033381886423,-60.31875742192485,-20.865193037786568,-20.48378453843613,-20.60716710065228,-20.617549857084292,-20.853591942303694,-31.19170901456098,-20.662276903659873,-20.54399301132052,-20.423877590585935,-21.45497805401216,-23.869076992840824,-29.33800919586994,-60.577316708265805,-233.88888015961885,-95.79139026912566,-21.828743345475733,-29.288537894835187,-23.348946841203905,-21.32329158908179,-20.474861512116078,-20.429929848155545
-21.173139839405707,-21.294213127031053,-21.18043925542534,-22.981056295678258,-30.403705642608728,-21.21712388698953,-22.895494760313216,-44.86252152028379,-58.83622600586915,-21.586482170110205,-21.21048338430364,-21.332536090393347,-21.326331882599288,-21.53567605034866,-31.26251791330953,-21.34228119160886,-21.261020836740354,-21.16243215607988,-22.11117883719226,-24.347434447199973,-29.427672715555833,-59.16222088552054,-224.3025475897315,-93.43159296238478,-22.441696214596497,-29.33949076381025,-23.84194776112113,-21.99396199223937,-21.21612311810464,-21.18168930779069
-20.644361252932267,-20.775940389683893,-20.642366873182382,-22.578521752544127,-30.21938211030669,-20.683394000495337,-22.488052937963246,-44.76436888669533,-59.882335735872914,-21.070906837556585,-20.691324649032413,-20.81434253507772,-20.820305008740878,-21.049054279779114,-31.210667398515763,-20.857455910444347,-20.74887942692934,-20.634718528967834,-21.642559914102705,-24.005744622434655,-29.36224037402321,-60.163340123092226,-230.98299145634547,-95.06521109304288,-22.004623483162703,-29.301768115258916,-23.49015493838816,-21.514920076039207,-20.68634744068828,-20.644226633313036
-20.570190936879506,-20.701034171133696,-20.568465963829357,-22.488934700811534,-30.173236293833273,-20.61050382520416,-22.41491288830097,-44.77307740097916,-60.217950535823526,-21.004654616789004,-20.616674277978156,-20.742409020619156,-20.746144522398257,-20.981123497901287,-31.24976185763078,-20.78252216898052,-20.67331400332703,-20.55954445794599,-21.576025723748312,-23.956138623807348,-29.280444230537505,-60.6536261861493,-231.1724505493151,-95.73668837086848,-21.944803336271686,-29.25713730946767,-23.417431398831322,-21.449682069270132,-20.61300161506925,-20.570462622287078
-20.79742330165349,-20.9277670432363,-20.796767162424615,-22.721147127487658,-30.29056987069795,-20.836275528474086,-22.618980831629823,-44.771238863213995,-59.43537743515948,-21.21548753662244,-20.843130278908365,-20.963812905766954,-20.96947297868603,-21.190063973353613,-31.19076559866769,-21.003692582811794,-20.90016631195856,-20.788392723249295,-21.779082878495878,-24.10747520995839,-29.438447976173393,-59.60659430936448,-229.63708483958865,-94.24345673002904,-22.130526443385886,-29.34333122280325,-23.610781010590394,-21.652248703988256,-20.838913859352903,-20.798418061147345
-20.19300339888895,-20.33153623655164,-20.185079091564543,-22.21128677978775,-30.069118984204366,-20.229760924793805,-22.128166328419432,-44.79271537239153,-60.963284354901006,-20.635780258082985,-20.246463899574334,-20.372244278273676,-20.384767400665904,-20.631795151622708,-31.207676385540395,-20.43544209177125,-20.30837998034167,-20.18333178294697,-21.241497919466852,-23.712487210959008,-29.259415640545242,-61.314740865667886,-236.6474362113378,-96.9480601771615,-21.63047933611749,-29.248070261835615,-23.172170063022534,-21.10714265507455,-20.23510973097204,-20.187435533543002
-20.46776997417613,-20.598853203269073,-20.46557339276147,-22.384603956704815,-30.127925549447273,-20.50875407799122,-22.32343173590884,-44.78783532452972,-60.584659543883376,-20.909873786385504,-20.514667117309948,-20.642621315017763,-20.645490143573976,-20.8870647395403,-31.279256962710264,-20.682837635974792,-20.571095927731598,-20.456395412147863,-21.484678634341886,-23.890067884762246,-29.210443576960305,-61.14261234636842,-231.9697175837175,-96.43919862860511,-21.861324102502493,-29.218714592271734,-23.330627285520798,-21.35854479643796,-20.51119119580924,-20.46772548288742
-19.789232618628706,-19.933843737256762,-19.77641874125875,-21.88331809470474,-29.95031329357502,-19.82422631340474,-21.806807212113387,-44.87795261268528,-61.97969990619953,-20.247078394018153,-19.84832773514593,-19.976705539304902,-19.994598664896333,-20.25776517335228,-31.21553286926467,-20.056493555067558,-19.914069267674982,-19.779489686892692,-20.883085588379235,-23.45180341228015,-29.17433735850924,-62.39290894414248,-242.06794231063134,-98.75498288503178,-21.295615075765152,-29.20836186270711,-22.888779631575648,-20.742719536518763,-19.83159857625639,-19.779187380877126
-20.340264712874838,-20.475096637641624,-20.335148400934372,-22.30776069475368,-30.09899702603949,-20.379008376304608,-22.234694001386156,-44.776760398770314,-60.73541304316553,-20.78189080217145,-20.39042930007648,-20.517114973382366,-20.52498709865571,-20.76877791398365,-31.240810885842684,-20.569123370853923,-20.44968332245269,-20.329829419265668,-21.37206172736628,-23.80737283490864,-29.241553626093168,-61.179179491859585,-234.164118931816,-96.60693918434634,-21.754370416496336,-29.237473972384944,-23.260085081450903,-21.241745266820974,-20.382936632954987,-20.337392180239064
-20.265414036168035,-20.394953156270095,-20.2637792916805,-22.149602504731906,-30.055010077408376,-20.30962185499664,-22.12972810877396,-44.894341957987415,-61.532532600469786,-20.729428379298128,-20.31178126771593,-20.446121140521992,-20.4436932395503,-20.70201946021614,-31.389017321116416,-20.479492228256134,-20.365769529583325,-20.25149703188017,-21.303743731653945,-23.768537675510675,-29.006421625523743,-62.496124648029095,-233.29044389874934,-98.35792253584985,-21.698169386328384,-29.102400096907967,-23.137669159284677,-21.18076464515437,-20.311009156375896,-20.266297792455063
-21.59786274605277,-21.72184687135622,-21.604525303860278,-23.470526566109065,-30.748313768240088,-21.6359310288205,-23.310140522198488,-44.99969946454583,-57.28679478525763,-21.97390131385772,-21.637500057798572,-21.745522006097175,-21.749313748421468,-21.928081394413727,-31.127859151762745,-21.767673716807774,-21.69178288715733,-21.592165377915563,-22.49593818178728,-24.65977493446547,-29.86145678910127,-56.907084278867345,-223.96340136486504,-90.31190704832267,-22.791978454018373,-29.58080895356234,-24.24840913249044,-22.37254607535089,-21.63693705010141,-21.60502152393068
-21.464594627176748,-21.58983133798607,-21.46985735613873,-23.348330823255573,-30.66628078706158,-21.502606977366604,-23.195861024832023,-44.94038120318022,-57.61054749242647,-21.84693963955099,-21.50537145317182,-21.61531289887373,-21.619802342717765,-21.80519709023895,-31.13048053902685,-21.64121622228041,-21.560263145200455,-21.45842141546809,-22.37637797868376,-24.56645511897969,-29.79466872365304,-57.30750038070212,-224.84177851389506,-90.89492596714119,-22.681492004818235,-29.54221450687548,-24.143571090250603,-22.252276829059394,-21.503972712816392,-21.470550865658332
-21.428586077149067,-21.55403702025924,-21.433559387784904,-23.313451205179934,-30.641687926742947,-21.466690872537452,-23.16404873031034,-44.92384689499501,-57.70699236242925,-21.812925973436236,-21.469554760536052,-21.580172767669836,-21.584627589678114,-21.77198481383721,-31.133544834244915,-21.606653570289417,-21.52452020451091,-21.42222330461635,-22.344022514156453,-24.54076944894302,-29.772709444960395,-57.43271126421135,-225.02473405203136,-91.07306015135464,-22.65170524081172,-29.52992135847464,-24.113983075182826,-22.21987676050187,-21.46809719625382,-21.434307968271398
-21.636789199723168,-21.757383597916313,-21.646042346025823,-23.461231774535953,-30.70038268068103,-21.677502799396247,-23.31967523837644,-44.976771516718905,-57.37124891426264,-22.017603048755603,-21.673178200052465,-21.78449266930527,-21.782688818643624,-21.963342329653532,-31.174820988004196,-21.794927222262253,-21.725030979287396,-21.629708918858658,-22.528824652886705,-24.671984551024472,-29.78236139611397,-57.15627855383837,-222.19406737376966,-90.58234745189084,-22.824764601263976,-29.542768848722503,-24.247079851056323,-22.409428202927195,-21.677005413063853,-21.64653341408206
-21.02078922981786,-21.14457556525805,-21.025542379088304,-22.85927298213201,-30.343099963788127,-21.063607599793492,-22.775385820742265,-44.821684618193615,-59.161503329575666,-21.438893343627925,-21.0606433836739,-21.183423690206855,-21.180200804658764,-21.395875232236634,-31.254293165482807,-21.201910267102942,-21.112911734826465,-21.01020175717693,-21.97609622323203,-24.248676649268514,-29.395257758687986,-59.50372680357613,-226.00968380290834,-93.95110542202715,-22.31637858691456,-29.32066196601717,-23.73664676785367,-21.856330935459948,-21.063609132915506,-21.0269878391778
-20.960174904883697,-21.08065797923579,-20.967308066883728,-22.75138327011314,-30.30461540082303,-21.006456643929923,-22.697431784657095,-44.90372965884441,-59.636490398428265,-21.391736297709528,-20.997665169863822,-21.125049957169338,-21.115394958343146,-21.339365720258854,-31.329028177628956,-21.131422757226783,-21.046678906762008,-20.947393189684796,-21.919416277526494,-24.208522891784582,-29.244228253523403,-60.278130405428584,-225.61937651169342,-95.04814573014302,-22.266216499505106,-29.23128018590743,-23.648385519144423,-21.804180903593608,-21.004865058175184,-20.968915971342916
-21.06411903109958,-21.183588216881397,-21.07235675703974,-22.846217418938075,-30.34686592842663,-21.110435780630983,-22.785071555064086,-44.91038460508281,-59.3396107728489,-21.490038445574204,-21.100528364750406,-21.226558621415954,-21.216343174845342,-21.434733556164677,-31.31731461152722,-21.229926909794788,-21.149127759198663,-21.051691183172057,-22.011974595552452,-24.27509010310753,-29.293015611326183,-59.91004191881207,-224.64224934414037,-94.50945757667536,-22.351430501811585,-29.259742952315825,-23.72905499725783,-21.897409822876806,-21.108543193651304,-21.073812975286383
-20.221779337303705,-20.35650337810032,-20.216378403849525,-22.180648796878277,-30.045245730413907,-20.26166246704651,-22.126234245044856,-44.80216797993799,-61.208824775870454,-20.673570940692642,-20.272107166819158,-20.4018845218586,-20.408019109674413,-20.66029790930175,-31.28755194653632,-20.452661989679036,-20.330786204094423,-20.210291060178136,-21.26657958247265,-23.73186931491892,-29.148171345086165,-61.82793666339715,-234.98383971147493,-97.5209255493304,-21.65867933443927,-29.187378102478235,-23.155870130962175,-21.136976224741073,-20.26534060131061,-20.218811835205244
-20.852143993940285,-20.98143501942151,-20.85238846279515,-22.762770198671472,-30.308088364694996,-20.89147180810207,-22.66125791834567,-44.77548639425072,-59.326063148373095,-21.268812507379796,-20.896877333816626,-21.01747354344298,-21.02193632407861,-21.240594013805143,-31.196397756548294,-21.05409513794679,-20.953220629149786,-20.843014065702192,-21.827688188398795,-24.142892452328645,-29.44538124843543,-59.50245795281374,-228.9171980704619,-94.06555183092556,-22.17601798529763,-29.34753232618749,-23.64743778123362,-21.701900481549895,-20.89371892308187,-20.853979255853794
-20.881197267814017,-21.00686295700674,-20.8841215495113,-22.73964994709694,-30.28569897737289,-20.923499851424058,-22.66126496836844,-44.80203317248838,-59.509480390722146,-21.305207227184507,-20.922861134966432,-21.046918107717424,-21.045340122917057,-21.267536672385347,-31.258090813116926,-21.07115278084969,-20.97619896919348,-20.87042113505481,-21.851963735505784,-24.157686267874,-29.34786594420171,-59.90477470555257,-227.45244381372493,-94.55417274185756,-22.201473284464953,-29.293733661190657,-23.634089296511064,-21.730585425706753,-20.92413927053993,-20.885751384717974
-20.858490570533494,-20.98816137642097,-20.858496797947712,-22.775292532243093,-30.317514282361003,-20.89743356533439,-22.66994369812943,-44.77654865561155,-59.27443377310865,-21.273688357863602,-20.903545346391574,-21.02351678749609,-21.028728261332493,-21.2463717795841,-31.187169826704796,-21.06147323216116,-20.960223776514788,-20.849610671686772,-21.83353103615469,-24.14801902305314,-29.463098502914896,-59.415402814732985,-229.04381339393345,-93.95444801433442,-22.180950857614675,-29.35701255259171,-23.657070313415222,-21.70723622281311,-20.899863409726066,-20.86006808446236
-20.672613713609618,-20.800289675579364,-20.673444026767424,-22.549751881337407,-30.199587532813787,-20.714885072989947,-22.485459757456905,-44.79839886523544,-60.10702360706889,-21.107725998231196,-20.716350262603964,-20.843167692850525,-20.842594034775836,-21.075709528578514,-31.281941702666032,-20.8730498269818,-20.770587736060683,-20.66114991417466,-21.666232919486188,-24.022306369677594,-29.253269295328327,-60.63771735288386,-229.46377807176935,-95.64071944726594,-22.030155375635022,-29.240779270553553,-23.472878400089026,-21.543407771992577,-20.716106230684836,-20.675360046047736
-20.835220568227662,-20.963435851596696,-20.836159178208405,-22.728662564572115,-30.284757075688358,-20.875637001975658,-22.637744103968657,-44.77781862824098,-59.4704147464666,-21.256019025783484,-20.8790634830032,-21.00136144979758,-21.003718400051486,-21.225158298231374,-31.222242561959824,-21.034180653566175,-20.93443863624965,-20.825390138711917,-21.812052881855,-24.129643098942193,-29.396267087682233,-59.7458448556277,-228.5906865535416,-94.38047053896469,-22.16281234984095,-29.320828864788766,-23.621068861157173,-21.6877006203832,-20.87736698646987,-20.837803164443763
-20.493592873908874,-20.633900229600933,-20.48578440099721,-22.560926273476106,-30.29991408774106,-20.526441632932226,-22.41715943697316,-44.867215028785665,-59.716997499005004,-20.908420933136327,-20.548389894523762,-20.66369286826963,-20.683156961600506,-20.90621569671924,-31.066521582466635,-20.734241951475134,-20.612322350119463,-20.48729012995503,-21.50930286741077,-23.92305854320088,-29.550352097055494,-59.53353500054968,-236.15542353511967,-94.59092409345227,-21.87075542377701,-29.393419557830573,-23.4518101582372,-21.3714697909054,-20.533018265994297,-20.48762055380053
-20.38628599508239,-20.5291170367104,-20.376731198908452,-22.489759169229018,-30.292453053552748,-20.417938352805624,-22.338487319346882,-44.9134129664792,-59.89527035135844,-20.8025384132476,-20.443394169250713,-20.557994861505854,-20.58051091206006,-20.805786924032322,-31.041720097109348,-20.635709519008888,-20.50891007280189,-20.380429412851576,-21.41348409217367,-23.855893168612027,-29.558115776144774,-59.654400116540394,-238.12810365794044,-94.90846184673526,-21.779264029519428,-29.394325414471513,-23.385153805976774,-21.27299794409557,-20.42542683552151,-20.378649709927267
-20.669636693477266,-20.80013431617507,-20.66845871878159,-22.588576958653324,-30.22034056993074,-20.709413263691832,-22.50313471855237,-44.7674793634491,-59.88032089938454,-21.09716453496835,-20.715654849427725,-20.839346029661154,-20.843708532393876,-21.07254978624613,-31.22538109442408,-20.878943912725422,-20.77237591173531,-20.659633077126767,-21.664780305871464,-24.021450086280463,-29.345028365792253,-60.208100069221004,-230.4145520267228,-95.0955873128475,-22.02609029158418,-29.292459904633183,-23.50061273684204,-21.538381813318605,-20.711916206149986,-20.670307494399683
-20.34729550623423,-20.48510577628497,-20.340334532211138,-22.363433030516493,-30.14348621359566,-20.383378418352063,-22.263504735653765,-44.78474289974447,-60.443649231314936,-20.7798264952245,-20.39994692605607,-20.52264089635004,-20.535885265061232,-20.77362104060776,-31.1696650178322,-20.584509126987484,-20.4617300715332,-20.33850919785024,-21.378751850586205,-23.814420527470748,-29.35086879496517,-60.642277197539414,-235.40573833944322,-95.97994685479027,-21.756189026216912,-29.29495111614104,-23.298321973812524,-21.244637521863734,-20.38865397075856,-20.342474946247442
-21.384679788720213,-21.506031332698974,-21.392456285042957,-23.20656680061077,-30.531133339787868,-21.426710612155404,-23.09186201003398,-44.88364693856528,-58.111192853788864,-21.7816168184238,-21.421903379559108,-21.53864197595079,-21.535328777019473,-21.730842155062376,-31.210225263015587,-21.550541658293575,-21.473518960390237,-21.375872442770905,-22.301842970891787,-24.493355932655824,-29.603526913134417,-58.15387091956133,-223.3241758881409,-91.9945974469545,-22.616304613583985,-29.440679128368558,-24.031640826079812,-22.183064505466298,-21.42616353112839,-21.393354783750798
-20.280107756835672,-20.415863858858614,-20.274203888289954,-22.258704065438057,-30.079418243305646,-20.318553999210298,-22.186759864847076,-44.78188411821784,-60.882794646849135,-20.723945220174187,-20.331135943775088,-20.45820456337742,-20.46693597447594,-20.713201518773356,-31.241314115689462,-20.51287022794518,-20.39097241457361,-20.26966692783973,-21.318671100922995,-23.768477753026712,-29.227989430433865,-61.33685674916141,-234.9268748286212,-96.86313513825422,-21.704609510250762,-29.23066851533985,-23.217770350974327,-21.18745612668344,-20.322799689238565,-20.276513441911355
-21.370344920436615,-21.490377974221257,-21.379084190224734,-23.17308302764609,-30.506346654167075,-21.41365776397538,-23.068986889698312,-44.891909858254294,-58.24742827997356,-21.771462811398433,-21.406457866487827,-21.52498236024494,-21.51918988593497,-21.71721714498608,-31.234411160329078,-21.53209203133178,-21.45691622916994,-21.3607521893747,-22.287957393113878,-24.479907075008803,-29.550218182906743,-58.3914101427157,-222.92881906057355,-92.31786686368663,-22.60429889613318,-29.41091273414581,-24.005007716215644,-22.170896062560416,-21.412483199587154,-21.380028454720552
-21.5649050864549,-21.67843901268623,-21.57952828470728,-23.29093956339011,-30.572267349395954,-21.61242685096419,-23.202113526973953,-45.0347058223643,-58.04600367667405,-21.96688872173359,-21.595368113871306,-21.71574002467257,-21.700794014372452,-21.893570154427692,-31.290892463268403,-21.700234333626256,-21.641078745874403,-21.553712973740026,-22.457854570142814,-24.600373238186318,-29.505820827546344,-58.3396036244269,-220.16410841082768,-92.2412245321615,-22.76214010719908,-29.3865363367068,-24.10917736028279,-22.34761769815026,-21.608583784523393,-21.580234425730428
-19.62276777797685,-19.777105462687953,-19.604715430553654,-21.878150759627083,-30.078643736344453,-19.651364952351337,-21.73025998504813,-45.13066675101078,-61.72485716616045,-20.065853241184602,-19.690209781987132,-19.80921316831157,-19.84174682723967,-20.094607826464717,-31.024786924158384,-19.916566950991037,-19.762693992932967,-19.61680770357072,-20.73266833897255,-23.35612954213566,-29.4058334248861,-61.54325091571367,-248.76015543719288,-98.28431651606599,-21.139353187769984,-29.316489063246685,-22.848041793661174,-20.58096163667945,-19.662493357899017,-19.607366450867502
-19.751311031193232,-19.90372228449639,-19.734619450632152,-21.98086914053575,-30.11132918037302,-19.780373761450413,-21.832422487873217,-45.08209007473309,-61.405735075534544,-20.189761263155447,-19.817044355650086,-19.935270513776867,-19.966200594940876,-20.214445572271106,-31.025096167227638,-20.037862588523105,-19.888361220025118,-19.7453746068839,-20.847151061169235,-23.43975764920254,-29.429564403670256,-61.21447642643356,-246.89359950827617,-97.69001494837715,-21.247014945830713,-29.32742563147361,-22.93805415618129,-20.697348964195218,-19.790910189077294,-19.737152772161693
-20.27626078533016,-20.424577646324508,-20.26373980691096,-22.467342905433327,-30.396958242661803,-20.304602660332765,-22.280875024836877,-45.11806866267172,-59.87446953015301,-20.687109862837215,-20.338384383448876,-20.44789149340926,-20.478362660067972,-20.699814886381382,-30.950136183833294,-20.540913507606675,-20.407134855328472,-20.272295490535175,-21.31457889971397,-23.801818508240057,-29.669248217258286,-59.36036745575531,-242.3746478787555,-94.90187074458748,-21.678912672721257,-29.438476826106537,-23.346003104809412,-21.167852322474683,-20.31413715039525,-20.26563992930563
-20.12838941238499,-20.26208047869323,-20.123432928661767,-22.06617426146029,-30.007703255784747,-20.17005974055923,-22.034416555302094,-44.85157879127277,-61.68800959570082,-20.591433441863508,-20.17818743549509,-20.311420022925322,-20.314488963429103,-20.575326523982884,-31.34946855941068,-20.357968394635886,-20.235468752448064,-20.115544682894875,-21.183318735173252,-23.67623483126895,-29.042578681878492,-62.52550374213904,-235.4565658799863,-98.48615562764084,-21.584382048748438,-29.128730196056058,-23.063499650609188,-21.05556357680933,-20.173102855071818,-20.126046837289092
-21.043157050140856,-21.170340775513836,-21.045510258147377,-22.93236247199975,-30.394940366256147,-21.082784616722883,-22.820890919832078,-44.8003629675972,-58.829238063996385,-21.45090274058157,-21.085846563938844,-21.204212891473745,-21.207237218749594,-21.416647576342058,-31.18659484771299,-21.234710794580558,-21.14108180547891,-21.034505705148774,-21.998086252748347,-24.270084396977847,-29.52395022279343,-58.910219802838014,-227.1175823354469,-93.17543249190884,-22.333769498118716,-29.39177413646591,-23.7925741950196,-21.873951789104904,-21.08437423286423,-21.04684663733415
-21.225344290200823,-21.34860429916183,-21.231148930256655,-23.066404330108597,-30.454456100986505,-21.266962407934486,-22.959198184896973,-44.84084387150258,-58.50180836930841,-21.629346724955496,-21.26441358349858,-21.382879770805616,-21.381107392409188,-21.584293655522178,-31.213142400008927,-21.400693250511615,-21.317033321050857,-21.2161833975987,-22.159633668313287,-24.38704526030984,-29.538556787785296,-58.618725100390996,-224.73382707293186,-92.68149179643262,-22.4847818722145,-29.402442558910842,-23.911180677304234,-22.039398583400377,-21.267042826322733,-21.23227346717756
-19.869405839077405,-20.01086521020757,-19.858670158193522,-21.915264475420717,-29.949191134606394,-19.906436980157796,-21.855942674833155,-44.85071482839818,-61.97047417597779,-20.33031371924016,-19.925814342665507,-20.056247493611128,-20.069627995628952,-20.33379767929641,-31.264562899611008,-20.12658930841859,-19.98912297829044,-19.858612156752457,-20.954411706029017,-23.504340496760133,-29.120413267291518,-62.53943026608483,-240.1178307191908,-98.79363546935306,-21.365741778856247,-29.178880795824114,-22.923774018843105,-20.817740506848818,-19.912549071374062,-19.861429919747028
-21.22559628147149,-21.353014191792763,-21.228446608275735,-23.128720396727182,-30.52719178251505,-21.263577520255225,-22.99112933871936,-44.856513868877045,-58.214057004932094,-21.61956820189688,-21.268401566430658,-21.38179994511514,-21.387387297275577,-21.5847607641849,-31.14011171544523,-21.41406448177109,-21.324346630415366,-21.218563655794497,-22.162201042740094,-24.400636567850732,-29.675842696756582,-58.05337958771853,-226.54472322836227,-91.98734973860844,-22.483543894908934,-29.474456588606834,-23.955654305409254,-22.0367878879589,-21.26556064221087,-21.229484236221225
-21.548275394905065,-21.665970576157886,-21.559446272198954,-23.32746939366274,-30.59225666645265,-21.592243424739653,-23.215942843326104,-44.952941135565105,-57.82764417127255,-21.941890690641134,-21.582138433848996,-21.698910822676247,-21.691000150207255,-21.88051895715151,-31.234562678266414,-21.698501569730627,-21.631337870397466,-21.53899809166028,-22.446598368891504,-24.59789864667688,-29.618925618231515,-57.89652517838047,-221.36343873363018,-91.59582646930437,-22.750869841652744,-29.452245763075883,-24.13789717982899,-22.3313508487905,-21.590268502993734,-21.560129792915674
-21.49433977333721,-21.611752174788506,-21.505555070972363,-23.267268733798662,-30.556073483335872,-21.538986972178225,-23.164231254545463,-44.94643997097216,-58.019542544273776,-21.892536161350932,-21.528054297942184,-21.646380302629225,-21.637383021568034,-21.830594894945204,-31.249266277139547,-21.644676896023597,-21.57679428030208,-21.484469398922933,-22.397677583817106,-24.55961561961261,-29.567034867466305,-58.17183273919374,-221.5202538644244,-91.98871749241485,-22.706063373099923,-29.42201622240481,-24.087122587827473,-22.283110547241492,-21.536801003147534,-21.50633282737081
-21.35948794997457,-21.478328774415836,-21.3691264220549,-23.145512269554022,-30.48933542063873,-21.403946571491996,-23.050476510588425,-44.907583873413614,-58.365488074740156,-21.76426906357574,-21.394633989806955,-21.514643558743828,-21.50664658003827,-21.70676436759226,-31.25556530695046,-21.517406901425634,-21.44402849082629,-21.349205019735567,-22.277246920450988,-24.46998036031519,-29.504269793140363,-58.59770677554141,-222.6192397865602,-92.60563184888777,-22.595003968251472,-29.384625850251357,-23.982830295817205,-22.161726179400905,-21.402210271055917,-21.370107497613915
-20.100428524224103,-20.238111461781934,-20.092737390708606,-22.099000830114996,-30.015139082279376,-20.138743665183622,-22.037647185123337,-44.80765951229098,-61.4079829692036,-20.55342583401722,-20.153359647740967,-20.2826088486252,-20.292393026773713,-20.547631790026777,-31.26417577259204,-20.342351494434883,-20.214207260238457,-20.089522661141565,-21.159183141824563,-23.652920286545278,-29.159667749114387,-61.95987678259991,-236.93504043222538,-97.81503776195774,-21.55712934267315,-29.195873068141356,-23.082665511391873,-21.026332702486698,-20.143555279984053,-20.095266375651583
-20.464019299584102,-20.60039143104188,-20.458338971631367,-22.463830473435173,-30.187883777148272,-20.500374147053545,-22.35928599234138,-44.77762449204442,-60.13724699027479,-20.891444695612407,-20.515308110515882,-20.636848308547645,-20.64903455929565,-20.881511015733636,-31.163644198850655,-20.694768869180525,-20.576256983985893,-20.455426033608582,-21.482637855805226,-23.891157483952252,-29.389381784183918,-60.29270916314568,-234.09024285960854,-95.42945609487478,-21.852757934796617,-29.315116154302792,-23.38438438370483,-21.349813205367468,-20.505194958648005,-20.460342907734997
-20.561317912566835,-20.69285762294264,-20.559086922395416,-22.490198021118406,-30.17521590144413,-20.601086300378153,-22.411912704202454,-44.76859083498216,-60.190982559876815,-20.99453107853294,-20.608385603473163,-20.733520650312048,-20.738376367123156,-20.972792645794954,-31.237866393599237,-20.77595003744678,-20.6656021470935,-20.550966732067014,-21.568342008410646,-23.95060914291328,-29.297216673078317,-60.5862311403268,-231.47746994368003,-95.66106554833796,-21.93703244547939,-29.26647913356451,-23.417192881055044,-21.441156137838004,-20.603886538841667,-20.561078590078562
-20.85024750698512,-20.977410319619977,-20.851984218710857,-22.728873057503407,-30.282097549641563,-20.891473613410728,-22.643784192556836,-44.78584232057767,-59.50075315613556,-21.27268150298124,-20.89319054519546,-21.01633163025142,-21.017014280462412,-21.239055897086658,-31.23839333056253,-21.04559793607345,-20.947715026845806,-20.839992852439234,-21.8250136644624,-24.138452535299784,-29.373011170979314,-59.83142556310915,-228.1292444326578,-94.47789338684639,-22.175612636656087,-29.307980818701097,-23.622962873009246,-21.70190905485932,-20.892747290356976,-20.85362931049731
-20.052914630151168,-20.193427224812467,-20.043337316212472,-22.095061466605785,-30.0243093348813,-20.089155746945554,-22.01552786234754,-44.815464582828696,-61.32402682643894,-20.50128230771433,-20.108229995644855,-20.23508330633426,-20.249267166072602,-20.502199543041407,-31.21276170642102,-20.303715505605933,-20.171361584823863,-20.043146756674783,-21.1170999870064,-23.621795209876623,-29.224096643420758,-61.70872232698097,-238.42796330121809,-97.59014049636251,-21.51453099659092,-29.230765311594276,-23.072183828035765,-20.980839739458258,-20.095155544974563,-20.045844634018312
-20.358762924579846,-20.497707527373933,-20.351176507726862,-22.39448740727405,-30.17203739304094,-20.393787728082565,-22.282726155307618,-44.800798287917075,-60.30422816328618,-20.78726069728844,-20.41238905136092,-20.53324995674656,-20.54864408670088,-20.783416418460952,-31.13956147094441,-20.598830979302974,-20.47509603355537,-20.35067021334445,-21.389039782220262,-23.824306668838254,-29.39958284287294,-60.39825178158609,-235.91896994084078,-95.69824463400434,-21.763751698860972,-29.31940171437958,-23.32041863978661,-21.253460664124198,-20.399580848618953,-20.353263172847868
-21.126724072265283,-21.248778530186282,-21.133121863752756,-22.94600053292542,-30.38597258539938,-21.170213976932054,-22.859962338216935,-44.846350358933734,-58.92362011391964,-21.54113439090381,-21.164956838613794,-21.287078160615238,-21.282054756112768,-21.4931479729732,-31.257381847751155,-21.300053521470563,-21.216154745357397,-21.116129759397516,-22.070134360393485,-24.317534807579957,-29.422445979548236,-59.2449124722382,-224.85898074357206,-93.55927973929798,-22.403559284415625,-29.336392063152935,-23.811455272949132,-21.95195317433268,-21.169589481112403,-21.134429602179768
-21.24209980250354,-21.363380979253243,-21.249456499351254,-23.05603971797388,-30.443029248332692,-21.285337464326958,-22.960163833881747,-44.8617570450039,-58.58653055553599,-21.64971376125176,-21.279473309990284,-21.39970407989962,-21.394647912226155,-21.599307100352384,-31.242636521063922,-21.41058230733478,-21.33048022775738,-21.232070957880307,-22.17337241466966,-24.394376873648852,-29.488355345682226,-58.81151178270619,-223.97630134418202,-92.93006376156097,-22.498594591372242,-29.37463239448323,-23.904953520068837,-22.055503727989517,-21.28453738316324,-21.250590220839452
-21.224878436489945,-21.34588452415371,-21.23239237028528,-23.034223303710867,-30.431050692694235,-21.268500447998466,-22.942401199101344,-44.864608420331656,-58.6644681946413,-21.634465673073162,-21.262058897967236,-21.382980778296496,-21.37724777381516,-21.583352111870706,-31.251219520798493,-21.392779826494078,-21.312757476402624,-21.214566888543924,-22.15767632885967,-24.3822001949859,-29.466104468873716,-58.928983881422596,-223.9857762669242,-93.0958328237906,-22.484352692995422,-29.361828449934592,-23.886849114834614,-22.04024828371893,-21.26754818954272,-21.233559095883354
-21.130578406509553,-21.2555516447321,-21.134806142241235,-22.991616745246933,-30.417981011986406,-21.171446307587043,-22.884731697153565,-44.81761478415325,-58.69596677131619,-21.53736721135866,-21.17124468235835,-21.290064070741685,-21.290212152871195,-21.497150424927227,-31.2054409712076,-21.313371896253116,-21.224952407675094,-21.121510117555726,-22.075446946715182,-24.32540313481505,-29.519647264480398,-58.81769800941774,-225.82401851615322,-92.9943457565492,-22.406439639379652,-29.39077988563499,-23.84590497419901,-21.953601299594673,-21.172163113622016,-21.13604998522284
-20.595535257117398,-20.725072636604196,-20.59480154521586,-22.49603321556878,-30.17543024196876,-20.636798718563515,-22.428566214030038,-44.78401581062938,-60.23589028773806,-21.031644532397998,-20.640918194580944,-20.76752845765731,-20.769275974391686,-21.004672418455208,-31.268849213925037,-20.803330250620863,-20.69649969181766,-20.584408871377715,-21.598162915179163,-23.97243347405643,-29.256003308653547,-60.73464858606957,-230.56908853051564,-95.81879827833848,-21.966332002042687,-29.24316141830363,-23.425500553142836,-21.473358123873336,-20.63874288108457,-20.596792841959886
-21.003245152909006,-21.132273770852237,-21.004190180749816,-22.91837330877447,-30.40016138487329,-21.04158284834802,-22.798201900519132,-44.80014121414717,-58.82845530976555,-21.409312912503946,-21.047606972928236,-21.164697822440083,-21.170512355841435,-21.37972374177669,-31.1618292833671,-21.201295073411004,-21.10420620469788,-20.99521894325787,-21.963099769248313,-24.24723123855492,-29.554430888135144,-58.831245668909595,-228.10520231536992,-93.11760868223037,-22.29994729826303,-29.406979562983807,-23.777205558194183,-21.836872707318243,-21.043949395928077,-21.005547227753265
-21.735237578525126,-21.846421454534617,-21.752405409261083,-23.438842621982328,-30.656164635316603,-21.78349015656025,-23.342455884098747,-45.11051602089711,-57.64636225917002,-22.129951193344127,-21.763433946597047,-21.882115811124184,-21.86491372225772,-22.04921483481795,-31.290383367785694,-21.858719801786446,-21.807914447929267,-21.724340213583098,-22.609431883451045,-24.711841243338892,-29.572699779416887,-57.862204491496406,-218.74411606389356,-91.56911768429427,-22.901617031538485,-29.427620646973544,-24.23606761229415,-22.500954276557792,-21.77882713297122,-21.752842251044868
-20.810579718844643,-20.940276943868785,-20.810407335624173,-22.72510257046229,-30.28915683407447,-20.849891408715422,-22.62618566951877,-44.7719855895951,-59.44009935535971,-21.22934595223426,-20.8557141890107,-20.976857856486305,-20.981534438466877,-21.202289653975377,-31.199978351808475,-21.01461498406358,-20.912256096789633,-20.801319624528468,-21.790615355354376,-24.115263853682173,-29.4268141948883,-59.64108316381133,-229.30049209869026,-94.27240028857588,-22.14175010995663,-29.337247594417622,-23.61537025377428,-21.6645263035067,-20.85225701703851,-20.812053852652316
-20.328044624957215,-20.460854585431676,-20.324248028383945,-22.263417855758384,-30.07835552217192,-20.368705302543905,-22.208901827843604,-44.79790106981585,-60.96931039386716,-20.776665577150574,-20.376626035877763,-20.506011674131944,-20.51014181061559,-20.758420568089065,-31.29136940798709,-20.55110386061935,-20.43401845216855,-20.316420058332483,-21.36068049644328,-23.80042233992082,-29.1629220377636,-61.589304463914516,-233.55662349531406,-97.12307959323735,-21.746546749499707,-29.193813186927542,-23.227545738935753,-21.233027548023983,-20.371693639194124,-20.32657172589234
-20.53240280929191,-20.66078521343459,-20.532320316092083,-22.412846995455265,-30.14391665891337,-20.575256968374877,-22.36307368634664,-44.81857019175416,-60.577559260715674,-20.97700447572827,-20.57705490800109,-20.70641303684158,-20.70534466000787,-20.946895660527346,-31.31414068977149,-20.73777035716977,-20.631297648451284,-20.52013608484816,-21.54126419746828,-23.932947905465493,-29.16964997093791,-61.24874982430985,-230.7140868107121,-96.53258260208129,-21.91552603759085,-29.193941880685458,-23.357923729082874,-21.41828321892184,-20.576569707884783,-20.534442195522246
-20.417598795349203,-20.55323215296256,-20.41221724450542,-22.402553123517233,-30.148930855180964,-20.454977800986352,-22.311208088318235,-44.77064391790155,-60.371474528365695,-20.850708869587415,-20.468306890873805,-20.592015292141554,-20.602303321920388,-20.839300537396884,-31.19561563239246,-20.647216528976486,-20.528514855892027,-20.408233017360224,-21.441125491933402,-23.858747106154805,-29.328188220000705,-60.6464351271578,-234.00477779062962,-95.89029380294025,-21.816065504511553,-29.28339177243172,-23.33604281616884,-21.3094356916566,-20.459394528009902,-20.41431580839164
-20.678564114513513,-20.808147432576924,-20.67804863714318,-22.584141852112168,-30.215779006826107,-20.719077594117472,-22.504578818381663,-44.77321023310566,-59.923986558964586,-21.107901385429635,-20.72381233089051,-20.84835657392603,-20.85121403251217,-21.080934969822096,-31.241417717343765,-20.884879482464378,-20.779773532205702,-20.668153109154854,-21.6724074687774,-24.026627499875097,-29.32114746944258,-60.307306150271174,-230.02861975762855,-95.21133761035792,-22.034002789459784,-29.279275518463955,-23.498583954037993,-21.547121601227285,-20.72117861285401,-20.67990710390075
-20.81901241367742,-20.949298145810623,-20.818468361224184,-22.743064336292328,-30.302763596513554,-20.857739032097914,-22.638352012046496,-44.77334892227767,-59.36424607485281,-21.235590389341215,-20.86464478843084,-20.984853482159338,-20.99067387962553,-21.209934591840785,-31.18586518690593,-21.024666265129053,-20.921702554963083,-20.81012887575165,-21.798398123105063,-24.1221628834664,-29.453221414504156,-59.51175314242177,-229.50291890338167,-94.10858447429638,-22.148215605213963,-29.351357688284427,-23.629067352924352,-21.671530059720055,-20.860385365150908,-20.82008661460097
-20.950761859049212,-21.080005417380374,-20.95137600533111,-22.86620922410291,-30.369042432290886,-20.989332165604132,-22.75151546586194,-44.78977802010304,-58.98973580350126,-21.360156671752637,-20.995353636546305,-21.113515817694513,-21.119083079392524,-21.331366893752055,-31.17099554204309,-21.15055228377255,-21.051971028798857,-20.94241698537913,-21.916092566306563,-24.210994988146574,-29.520595857249834,-59.04346746371927,-228.42567675135626,-93.42051495639257,-22.25678822781706,-29.388482474253394,-23.733425928211002,-21.78986644594586,-20.991713795781337,-20.95281138438547
-21.788207115513917,-21.895048596837338,-21.80932576157247,-23.44334557758797,-30.678447756087714,-21.839846254341026,-23.362711818922556,-45.25175175028571,-57.74645487826201,-22.188565854044768,-21.813049244000105,-21.93394871552722,-21.90993271782506,-22.094475777884192,-31.333868208260608,-21.89470318467045,-21.854028415753604,-21.775695385862036,-22.652578643437998,-24.740820446351286,-29.49151697741488,-58.12718116155047,-217.70721439979818,-92.03077826202296,-22.94058702314397,-29.377276466018664,-24.238875585232915,-22.549016049958166,-21.833329843964208,-21.80969758609074
-20.953029375885137,-21.079609255808222,-20.95551163743833,-22.828403984073184,-30.33237421512699,-20.99392220215592,-22.733609896195144,-44.79149255440545,-59.18387087929483,-21.369087004308494,-20.995312982423513,-21.116623240455247,-21.11750991139178,-21.33366354447207,-31.221092642009392,-21.144498655739387,-21.049729423116315,-20.943322499489454,-21.916879182227408,-24.20683319649602,-29.433536402689143,-59.42179465305738,-227.33206839168196,-93.88332197810934,-22.260078627144267,-29.34191220517306,-23.70692276703091,-21.793971397842675,-20.995093388671165,-20.95700593705394
-19.972810895787028,-20.111831587353272,-19.963889052485854,-21.985091419935923,-29.97180231351764,-20.011078076897626,-21.931711457510943,-44.83274003551131,-61.7927360777057,-20.432529168767516,-20.027073500537803,-20.157921650135204,-20.168366502080445,-20.430096574559794,-31.28330383927686,-20.22110265322419,-20.088609113027317,-19.961555601975693,-21.046042828273002,-23.57157927745456,-29.110974902560315,-62.41798721613314,-238.3951809029015,-98.5143921083573,-21.452609986106424,-29.171635497821036,-22.98664290668212,-20.912059234640942,-20.01627292865497,-19.966572985040088
-20.856873722821405,-20.987663702076688,-20.856123985585047,-22.790944693544255,-30.335010242343305,-20.89485472429818,-22.67697459606027,-44.78153492387901,-59.19406624459926,-21.269299506038735,-20.902913300765135,-21.02152264902418,-21.028695144843542,-21.244657651528946,-31.165433257941714,-21.063263402977302,-20.960495294370475,-20.848563068819892,-21.832506595046592,-24.1495390964457,-29.499738070041875,-59.25665075058137,-229.5480448780047,-93.7684231501275,-22.178768631427403,-29.376130556402988,-23.66763406408736,-21.7048214343779,-20.897789226333305,-20.8576694879981
-20.497917992921952,-20.626142049586498,-20.497857053550597,-22.374439944306747,-30.13078717870082,-20.541220423796556,-22.33074197666817,-44.83290897823292,-60.72545848874704,-20.945868032407578,-20.542554581094606,-20.672877554960813,-20.671101758215677,-20.915276919937902,-31.329519697961622,-20.703435581139647,-20.596483355240135,-20.48527676123262,-21.510402988318177,-23.91169745455136,-29.138304671018144,-61.45641750606188,-230.95462515990764,-96.82965184607203,-21.88752649612698,-29.175991731376463,-23.32611764779646,-21.387819229150814,-20.542403569047288,-20.50003817296911
-20.924932765832455,-21.053352416750236,-20.92602261316168,-22.826323884093362,-30.339565423558163,-20.96443213106831,-22.721523918465888,-44.783245234009655,-59.14036561864783,-21.338361520500168,-20.968826781505804,-21.088657695142967,-21.092457275220035,-21.307694102147078,-31.19362121225735,-21.122727301554246,-21.024690105797852,-20.915948461884522,-21.892567228546085,-24.19108838665655,-29.472769379000056,-59.285206856983585,-228.19149096256587,-93.73545869732183,-22.23615321800806,-29.362916612085307,-23.70194513088029,-21.76750164253916,-20.966398229489194,-20.927518966402147
-20.001549045785733,-20.142040885158465,-19.991814751219028,-22.039974138953877,-29.998755044998028,-20.03825603359748,-21.9686666552677,-44.82261891369498,-61.53010451552936,-20.45424936774029,-20.05693153430368,-20.18516068746572,-20.198617983043313,-20.45525860464315,-31.233893911255535,-20.253359492489313,-20.119874269272977,-19.991340692519188,-21.071533698709505,-23.588647568734665,-29.184778116103384,-61.98960181617821,-238.76424966951174,-97.98012934841242,-21.473309004544443,-29.210806332787705,-23.027511740428956,-20.935521554379413,-20.044161133706364,-19.9944026160855
-20.937064813347888,-21.065311054978828,-20.938315869657117,-22.836494714491355,-30.34446822215829,-20.976617835279384,-22.73136262495927,-44.7847300514772,-59.111724851061766,-21.350027374903263,-20.980794546841366,-21.10053183456374,-21.104170355514768,-21.318879638145155,-31.193735446432733,-21.13407713425955,-21.036554763199632,-20.928090330252413,-21.90337051483691,-24.199072216195553,-29.476425541385044,-59.253285194609546,-228.06029396392543,-93.6858284661837,-22.246193799792348,-29.36501026652273,-23.710736855601382,-21.778459706046736,-20.978524168635698,-20.9397970387456
-21.02801864960664,-21.154737273963118,-21.030648504380746,-22.909425340013385,-30.37853305132618,-21.06817707777353,-22.803469210740662,-44.797969442061145,-58.91495409238739,-21.438062892774074,-21.070318526217676,-21.18962110667592,-21.191643815833636,-21.402716088763206,-31.199009477912316,-21.218423087177758,-21.125120068285906,-21.019002521303396,-21.984257728797424,-24.258456882183072,-29.496653129588942,-59.047247382896614,-226.99806417331686,-93.35675530830403,-22.321555428227295,-29.37697745983143,-23.774296532733718,-21.860783212372993,-21.069530417831288,-21.032019615332864
-20.831658898530264,-20.96203044897375,-20.831100244243874,-22.757760279700342,-30.311899230012145,-20.87020763296617,-22.65061262838963,-44.7751846240653,-59.31345898063026,-21.247057387372447,-20.877352775494664,-20.997133955562468,-21.00325998100117,-21.22155085119698,-31.180643732013237,-21.03731326883413,-20.934520741296375,-20.822923890572834,-21.809759854493603,-24.131053293234014,-29.46594168878105,-59.43847597625211,-229.47775406279024,-94.00863924306404,-22.158488154505324,-29.35819302743893,-23.641065027979092,-21.682721961440404,-20.872912936110442,-20.832696311971105
-20.463512811718488,-20.59622110168052,-20.46018736212166,-22.404905962387122,-30.138109941109022,-20.50307945790408,-22.331325803171513,-44.77183326939026,-60.45603795580147,-20.90127040485699,-20.51171738379546,-20.637887150880104,-20.643575563159548,-20.882659410644152,-31.245256528992357,-20.683611523245307,-20.569580325390767,-20.452969169633835,-21.481402698316035,-23.887099635127036,-29.262308171843966,-60.89541339056153,-232.5457249803266,-96.13447152482954,-21.85650020691689,-29.24783644147315,-23.344471717027282,-21.353206667466644,-20.50624954306894,-20.462300290749273
-20.502427428263854,-20.639694329647217,-20.496350480636547,-22.519358923150364,-30.229862521076807,-20.537710400409928,-22.401397602978157,-44.79508731775281,-59.92494147560407,-20.92449684939188,-20.554472463134967,-20.67379794901063,-20.688047180725356,-20.916272516157566,-31.131506947085725,-20.73484076355101,-20.616217044655407,-20.49461711062501,-21.517019729351723,-23.91955636859958,-29.450073999778944,-59.96122296953465,-234.35850135235566,-95.0129076659328,-21.882688562782583,-29.345859590335984,-23.427367198713753,-21.382910726332916,-20.54298629790963,-20.498267636271457
-20.156954800165643,-20.297525375607197,-20.147702282743314,-22.20690901593839,-30.081371518271915,-20.192261542107516,-22.110770348731464,-44.81038373063555,-60.91517564688399,-20.5967084576926,-20.2121792655696,-20.33620207665473,-20.351864333212024,-20.59734884449679,-31.171616899283293,-20.40571855554536,-20.275664366370126,-20.148078245048897,-21.209488955094802,-23.690386920430726,-29.304493961303564,-61.15039876098113,-237.81876314855452,-96.81935254566429,-21.59814875541846,-29.271283971268083,-23.162869727757872,-21.072719878993244,-20.198454559285654,-20.150046711941176
-20.435894152236546,-20.569581616968907,-20.4318289413069,-22.390962658518724,-30.134203637201765,-20.474828413473162,-22.313362925947498,-44.76976132368085,-60.47377803699649,-20.873074556047648,-20.484949703851775,-20.61062801560073,-20.617699417643703,-20.856956784127163,-31.233060180657993,-20.659465684510792,-20.5435637172846,-20.42564290074732,-21.457031545888718,-23.86937167977694,-29.27480850512771,-60.875348026666245,-233.09258375977933,-96.13837066508405,-21.833119751824643,-29.25486494538544,-23.33097829884671,-21.327720803244176,-20.478397163222148,-20.433956898115007
-21.14883284875255,-21.265297250821888,-21.159754259089677,-22.896267507653718,-30.384059768532932,-21.197124208050877,-22.84229727328762,-44.98651273772519,-59.26487981444996,-21.575758865162882,-21.18279806978014,-21.309576988147256,-21.295175208598014,-21.511516860664198,-31.343234882715514,-21.30262531055669,-21.22907716830181,-21.135607197948747,-22.085623415496713,-24.330036547026367,-29.267413478139495,-59.91298748153619,-223.4830693384197,-94.524025274844,-22.419763968304018,-29.242415388177044,-23.7721749803499,-21.97435310779864,-21.194008731683212,-21.161119037169023
-20.5694995006323,-20.703898465953916,-20.565413734462812,-22.54378629253558,-30.217506526265314,-20.60668916643332,-22.44080286075302,-44.76919286706648,-59.91949600150427,-20.99416620663707,-20.618969241321814,-20.74034704883315,-20.75036868071997,-20.97929152449795,-31.17370544412205,-20.792433588175243,-20.67862565093479,-20.560727824493174,-21.57643620458264,-23.959423281934452,-29.40151578481537,-60.0870482558157,-232.6095804210321,-95.05999504221953,-21.940865553619734,-29.322091281847538,-23.455110720085,-21.445605788244272,-20.610795184702056,-20.567311908176755
-20.222463502156216,-20.360308783808307,-20.21505721298327,-22.23130697828047,-30.07512627912412,-20.25956836168516,-22.14983679853634,-44.78783815606711,-60.91297929433322,-20.664863099799526,-20.27530741960045,-20.401213317014236,-20.41290199983232,-20.659211912145153,-31.213231950505406,-20.46237072536708,-20.33673951796712,-20.212666647533002,-21.26764609349517,-23.73145166384404,-29.257447465097002,-61.27928624490593,-236.1604285917917,-96.86783863623921,-21.655259935879187,-29.24685997005685,-23.19030407474252,-21.134032654177297,-20.264658268521625,-20.21739027743878
-19.95782610720293,-20.101609003196494,-19.94606431438423,-22.04926395067389,-30.026074876796848,-19.992080354897812,-21.9538237149611,-44.854642916239584,-61.38732329111096,-20.404240114646484,-20.016002944139334,-20.140968310842386,-20.15967662311317,-20.41250370420576,-31.167360820629117,-20.21930955565611,-20.08153458775779,-19.949033651319983,-21.032485279755463,-23.561433672369652,-29.27013436637676,-61.63172801532425,-240.59705046491658,-97.65906456166286,-21.43217578808113,-29.25471109257348,-23.025203486290287,-20.892495230669276,-19.99936146359507,-19.948603414586426
-20.260802967582936,-20.40594413672256,-20.24958608994071,-22.39600553119564,-30.26697279523495,-20.291591577297584,-22.241514377099183,-44.95306319023142,-60.15429674963542,-20.68033710007576,-20.32001071108565,-20.434706022171383,-20.4596484552623,-20.68866798667851,-31.027143006867245,-20.51871941125469,-20.386936039539908,-20.255140636895998,-21.301414260921792,-23.774952076531573,-29.545619801293363,-59.89281857191448,-240.07336541016684,-95.38193965626525,-21.67323504834067,-29.385789181496307,-23.300668271785735,-21.158605478093122,-20.299864672362393,-20.251617461315913
-20.019635320451155,-20.158652268115567,-20.010858212097972,-22.034833865764394,-29.991561124962864,-20.05748411251299,-21.97413903476157,-44.820441443312035,-61.60234743670334,-20.47535785495383,-20.0737953226482,-20.203445766152928,-20.214519659608367,-20.472878970441162,-31.263805623103302,-20.266973768831644,-20.135514284047616,-20.00877489062701,-21.087564400617193,-23.600904766737422,-29.145961540861848,-62.15970779308237,-238.0378570590229,-98.15125784615785,-21.49020564324269,-29.18979799406499,-23.02715016012527,-20.953366577794245,-20.062758644704683,-20.01346879823622
-20.618787083275706,-20.7380866579184,-20.625974434001773,-22.384138093447568,-30.213985800895294,-20.669094526196147,-22.382501946533456,-45.094207095329935,-61.04422772340756,-21.082470912060632,-20.656985178557992,-20.792378385392357,-20.77680614368722,-21.025405726053602,-31.46028073453536,-20.79243117551452,-20.70299188501935,-20.602534947308904,-21.612689054181736,-24.006317713139655,-28.949942068085484,-62.229609523988884,-228.5905527911113,-97.93933502587852,-21.985818135370533,-29.051093332029996,-23.33715991873763,-21.501265135103306,-20.66646285753799,-20.628164897832207
-20.163242699710555,-20.3011309639551,-20.155618209294268,-22.16906955451216,-30.046097810719804,-20.200822177734366,-22.096244126207054,-44.79503735967113,-61.1393087183213,-20.610369833419004,-20.21621964090162,-20.343600753889046,-20.354586101780146,-20.60496913033195,-31.23452558815817,-20.404481796097446,-20.277483963439856,-20.152975655929104,-21.21500081837837,-23.692968847118678,-29.21422014186508,-61.58497166806881,-236.56928129379315,-97.2971877231861,-21.60743369925568,-29.22446532819356,-23.139379752694033,-21.08159759075928,-20.20583297159941,-20.158042156677784
-20.361969032514978,-20.494868739359593,-20.358209289253185,-22.300598474164946,-30.093129440703244,-20.402248803927655,-22.24034305634598,-44.78834334060376,-60.82837417345175,-20.807491846352367,-20.41054015332916,-20.53899227702723,-20.543719411600385,-20.78947558838665,-31.276854065493218,-20.584640179457,-20.46816092872339,-20.350678240330456,-21.39092672681068,-23.821787707021095,-29.191665709899766,-61.39363215109057,-233.328817939402,-96.84709143734584,-21.77394797983935,-29.209568908487086,-23.25805747848705,-21.262985972632542,-20.40533574110793,-20.360476724155262
-20.921346778887337,-21.05195021024062,-20.920950031829957,-22.85625449361757,-30.3744972441079,-20.958973747075795,-22.734879725508225,-44.79397628686691,-58.98833631388316,-21.329475476330728,-20.967175531406173,-21.084361913181883,-21.091982626624926,-21.304035686020743,-31.152136770550833,-21.125835610082937,-21.024789486551732,-20.91346589705723,-21.890239164198455,-24.194213086291246,-29.543651336376932,-58.9827173415795,-229.18438315069582,-93.38063995716674,-22.231668396785032,-29.39979952174148,-23.722148797971766,-21.76246572406845,-20.96192493891558,-20.922398296805707
-21.239041053797003,-21.36213463584518,-21.245015417678953,-23.078406366293265,-30.460871641796416,-21.280696250833305,-22.97057212203458,-44.844114344418294,-58.46807865287132,-21.642439903947984,-21.277949421571083,-21.396270634008776,-21.394362889817717,-21.596893962820534,-31.212864860458254,-21.413571591354103,-21.330480284433953,-21.229908805704046,-22.171852375643777,-24.39615445703498,-29.54399341624242,-58.578805763154605,-224.60883873358364,-92.6222118981064,-22.496086773149116,-29.40562294321634,-23.92149319934206,-22.051747468137677,-21.28072176339051,-21.246120841849677
-21.414195387118287,-21.530014013147788,-21.42644521973484,-23.1630909002374,-30.50206659197615,-21.460897734191672,-23.07964652676845,-44.97317547911162,-58.391759820775775,-21.822120789252665,-21.446822708058743,-21.56847390418104,-21.55584523785458,-21.755828032466123,-31.289542537526277,-21.560575527025623,-21.493826852498284,-21.402863621590885,-22.323996693990633,-24.502346445610925,-29.454890991181536,-58.73969183633097,-221.54140990089815,-92.81003949624852,-22.638807570516192,-29.355709487023006,-23.99951657935476,-22.21188866150765,-21.457870275403174,-21.427378103772096
-20.2604494537082,-20.394097223270986,-20.255886412615123,-22.204875975740993,-30.055178955063887,-20.300957070962433,-22.153581932645213,-44.805073502995924,-61.15758851436897,-20.7122412542555,-20.309847378764726,-20.439924246838444,-20.44465802562902,-20.696179591874927,-31.297743956807956,-20.48735524365084,-20.367709611005772,-20.248705804615263,-21.300730899143044,-23.757217278324134,-29.140416683664455,-61.80743907417141,-234.34114185378652,-97.45827227494863,-21.691052659288047,-29.1822411695233,-23.177809319183876,-21.172333259288372,-20.30421149382808,-20.25829190686243
-20.81618980880578,-20.946605186508297,-20.81554888566156,-22.74208793367133,-30.303042738792893,-20.85482611409381,-22.636742431991063,-44.77338995863599,-59.36398212193397,-21.232642192973156,-20.86193798474429,-20.98205708339454,-20.98807256314096,-21.20731094350065,-31.184058768238803,-21.02229301473243,-20.919093281078506,-20.8073507461062,-21.79591831992231,-24.12049371652599,-29.455421343836214,-59.50574676027891,-229.57284603299473,-94.10427472976173,-22.145808707033094,-29.35248571317934,-23.627984477260018,-21.66890196029471,-20.857526766592116,-20.817168287635404
-20.452608796367393,-20.580897289449165,-20.452378801410365,-22.327903061207543,-30.11489786850167,-20.49625653644049,-22.2901944399052,-44.84739732973258,-60.89722188887724,-20.90420212659589,-20.4974359504808,-20.628737591702606,-20.626506967561138,-20.873715965124052,-31.344442933252974,-20.659188275420014,-20.551200519550576,-20.43961869949886,-21.470000422659428,-23.88374530152645,-29.106154384307356,-61.68702711951509,-231.3503034132292,-97.16438935285528,-21.8506447357409,-29.15772566745205,-23.287278864784682,-21.347588093477807,-20.49739323300591,-20.45463079391193
-20.77351324271517,-20.899710764007196,-20.775723298535222,-22.634346740066267,-30.237602464776483,-20.816249083911494,-22.566859073510887,-44.80635253244953,-59.857261542154546,-21.204606489981405,-20.815846562583793,-20.94186919734519,-20.939931269318937,-21.168501215297162,-31.27962907178396,-20.967268672110865,-20.869194913122623,-20.762117597697046,-21.755772399283117,-24.087487938184424,-29.282226457708816,-60.35806542529883,-228.32946192273195,-95.21327577725518,-22.113141267712678,-29.256552130518564,-23.54536534009717,-21.63429648437497,-20.81695909312375,-20.77751350013271
-21.072631137011566,-21.193156989317657,-21.080054714653322,-22.86887131644693,-30.35213472268252,-21.117932532344902,-22.79994175381585,-44.88114983534449,-59.22826470649443,-21.495140704737956,-21.10980252504554,-21.234671812262807,-21.226373226678696,-21.44291112431998,-31.29731347026965,-21.241873181696878,-21.15940047442798,-21.06080909038544,-22.02042713900473,-24.280653292755062,-29.332284135007672,-59.719399743664034,-224.80723078046475,-94.23404365607104,-22.35876694409792,-29.28350935353617,-23.747668882759527,-21.904475075475784,-21.116530145847427,-21.081478481513532
-20.865116083112362,-20.98659903814351,-20.871193130570436,-22.665643123341905,-30.26745716027696,-20.91130831961211,-22.617877977905966,-44.89937719307146,-59.90643524210019,-21.3016972782687,-20.903651024612437,-21.03220838029579,-21.023175528518014,-21.2521763593389,-31.339469537777596,-21.04155286546415,-20.953111141201166,-20.852049306004414,-21.834884086530987,-24.14798384923282,-29.20239064541944,-60.608853391682416,-226.5539265595497,-95.5337306339538,-22.188374528650005,-29.207163491440653,-23.575520018078933,-21.718933481851156,-20.910022690112356,-20.872936723491456
-20.35131634439025,-20.490604004606617,-20.343505633997996,-22.39230966978819,-30.174450983492793,-20.386112899368403,-22.27856448169726,-44.805648940088034,-60.30246328731164,-20.779448912560245,-20.405249175134614,-20.52583883993807,-20.541742657087923,-20.776358144118806,-31.134095217844063,-20.59246688851854,-20.468203058335533,-20.34334396303271,-21.38241823713394,-23.819942696131786,-29.406050762914134,-60.37937329604139,-236.1369643207593,-95.68992082096804,-21.75718312541381,-29.322515581008474,-23.317613707794116,-21.2464438637955,-20.392044632027577,-20.34559279485014
-20.6248382112263,-20.75806017419523,-20.621695155360072,-22.583639209879756,-30.231486591926476,-20.662594216351128,-22.48254511048461,-44.76635562856931,-59.817225665233394,-21.04843075477549,-20.6732293288916,-20.794693172498924,-20.80332166643644,-21.0305885854694,-31.181951881669587,-20.843209495023036,-20.732091150543578,-20.615900191485164,-21.625596023585587,-23.995003113446298,-29.40342286600987,-60.000950246854245,-231.7854058180096,-94.89431281586344,-21.987172144052757,-29.323487994236693,-23.49076264220545,-21.495983956622542,-20.666259169442508,-20.623540302340977
-20.13691204907475,-20.272827181845177,-20.130473696720045,-22.109477717242882,-30.01775371563131,-20.176484576432273,-22.05787203047953,-44.812660525289516,-61.43369717317798,-20.59225921467837,-20.18836964668683,-20.318848077584924,-20.325974227365016,-20.582036286597585,-31.292639831460807,-20.372981332346367,-20.247770976042517,-20.12535218472486,-21.191362424702774,-23.677517857523455,-29.125409819291868,-62.07824097687173,-236.03553308620826,-97.91606230000485,-21.588829673939706,-29.17622807830041,-23.09509526876523,-21.060630383435555,-20.18055764388244,-20.133003216602013
-20.906734104826118,-21.033224441806,-20.909133660801405,-22.77840223026977,-30.305826080715757,-20.94808864485166,-22.690556258113887,-44.791221306666614,-59.35332347528136,-21.32657520424997,-20.94902016963379,-21.07155595694298,-21.07173231335536,-21.291049572870662,-31.235368631993964,-21.098835050952164,-21.003182885724758,-20.896597758446838,-21.875307036930934,-24.175473878609637,-29.39461848548466,-59.65752882527408,-227.56326034588665,-94.21641608806786,-22.222151882227333,-29.320135789595255,-23.66531940303857,-21.7527541457247,-20.94914533980288,-20.91070404275094
-20.64843693160685,-20.78302379743446,-20.644513368627326,-22.630541554940038,-30.270597131611524,-20.68482430885022,-22.514652093967033,-44.78154654234807,-59.6233274001792,-21.066593536359555,-20.698003763408035,-20.817079846346005,-20.828415775906784,-21.05172784784796,-31.145818665395655,-20.870254367090784,-20.758024964386795,-20.640407751154033,-21.647014975512484,-24.014188166038085,-29.468723613617207,-59.673970566089,-232.3168477487641,-94.49409605588772,-22.00487303103369,-29.35717098899084,-23.525981952270513,-21.515587356471897,-20.689137949901557,-20.646282947733326
-20.978176017919658,-21.105042712847784,-20.98053483449009,-22.859121759011973,-30.35040542013201,-21.018609169078566,-22.758795790666515,-44.79179032624191,-59.074739497142296,-21.391586042798014,-21.020666425299687,-21.14102688553765,-21.142719079985586,-21.356811988114504,-31.209066147218685,-21.170050121096285,-21.075417403761044,-20.96882535072098,-21.939591042349424,-24.224483114677714,-29.46260449697686,-59.26034645743601,-227.30524874359557,-93.66111769508916,-22.280589224464688,-29.358010137532652,-23.73207809312055,-21.816192712237537,-21.019951265319676,-20.98198241203053
-20.490099308482552,-20.626255479896912,-20.484643094366078,-22.487997201209218,-30.19992571975746,-20.526425914354107,-22.38151395704166,-44.77777632575215,-60.06059754711574,-20.91610245002613,-20.541175450766538,-20.662318680980345,-20.674452197558075,-20.905560569568372,-31.160094005497555,-20.719693787684164,-20.60202246329653,-20.481604989167298,-21.505874692299695,-23.908547645500892,-29.40177298766927,-60.19829365392082,-233.8518028818673,-95.28890072023185,-21.87420447331146,-29.321600040084853,-23.404770504112467,-21.373204352211445,-20.531191586268104,-20.48661305098747
-20.16076613375335,-20.295719040452063,-20.15503679008103,-22.119675149825902,-30.02222587255894,-20.200991902617876,-22.072578458265554,-44.81739563232247,-61.43137329805381,-20.617050102650133,-20.211421261440154,-20.342439309022502,-20.34817369636078,-20.604353545215282,-31.30617752977022,-20.393520880790994,-20.270042163201584,-20.148885056788743,-21.212381467482366,-23.69360021213298,-29.110090926105112,-62.11969871654159,-235.53820917509046,-97.9429676478409,-21.609181862216822,-29.16704789306872,-23.105342914377253,-21.08278722713787,-20.204668381619317,-20.157559422760148
-20.207748608569137,-20.346484543893986,-20.199750932426152,-22.23032922592276,-30.079840747242805,-20.24420394939725,-22.14313994018949,-44.79277762120651,-60.887886627936105,-20.64873792966572,-20.26135787564833,-20.386487464592033,-20.39956436128004,-20.64516187971044,-31.197322679834322,-20.4504451956027,-20.323490366409796,-20.19830818956091,-21.25461850627742,-23.722320812038188,-29.277735584320233,-61.20243541182292,-236.64684239201097,-96.80108260039171,-21.642063905165987,-29.257513097184024,-23.187151217056133,-21.11994239676158,-20.249667278807582,-20.202077817463593
-20.56925454318641,-20.698336037515887,-20.568769639165144,-22.46167337078378,-30.16126820889092,-20.61115516241866,-22.40141805311754,-44.795925167766704,-60.37477363977993,-21.008799238327967,-20.614342104350737,-20.742085283065745,-20.74270307540492,-20.980619495021223,-31.28704404121015,-20.776128716408067,-20.669397230397852,-20.557667246500976,-21.57449024625862,-23.955689983348023,-29.220778307964657,-60.94329451702755,-230.6210769131687,-96.10711733952292,-21.945185359397033,-29.223259550404173,-23.397630632312136,-21.450407333077628,-20.612847933160097,-20.5708146059438
-20.482530968416402,-20.6119282161365,-20.481573654615985,-22.375186624906675,-30.126960666359132,-20.524906565851595,-22.324917311020805,-44.81231626595877,-60.679408023246424,-20.928330821287194,-20.528090053698,-20.657545080059077,-20.657631829239257,-20.90098323212363,-31.310246438069907,-20.6920610500873,-20.58303933268252,-20.470382742830786,-21.497193988803918,-23.900681752018752,-29.165317613418246,-61.34435093396097,-231.37221689140455,-96.68950556383115,-21.87442688242083,-29.192348225904002,-23.32531521569378,-21.373164788498265,-20.526599073919996,-20.48374833381174
-20.972554523875502,-21.099002241673713,-20.975194989021936,-22.84700055973706,-30.342018219833513,-21.01340413147826,-22.750536531019307,-44.7934028840897,-59.12609289432234,-21.387468813879636,-21.014696799414054,-21.135682571383224,-21.136568619246194,-21.35164080813804,-31.218377883618363,-21.163215806824873,-21.06907324853928,-20.96294058187584,-21.934329800062006,-24.21987989071409,-29.444386235934985,-59.348058727296674,-227.1777427949065,-93.77590824937826,-22.27614596338735,-29.348011553932515,-23.722659418436415,-21.811485246833815,-21.014545899992267,-20.976661010694336
-21.13418994091965,-21.262309660136975,-21.136224131972636,-23.042824940036958,-30.47430824674852,-21.172279823903,-22.912029093361586,-44.830458550378395,-58.46062936896814,-21.532995576646393,-21.177663406830412,-21.29253622050999,-21.298293830518507,-21.500458373511446,-31.147617459770405,-21.326734693381724,-21.233910864538,-21.126767704757636,-22.080324267909127,-24.33736875743082,-29.626925411341503,-58.3639054674523,-227.18283225147474,-92.43923448185454,-22.407996195778722,-29.447120892349144,-23.882627313848573,-21.954538994102197,-21.174438806191738,-21.137393127662776
-20.605877382809663,-20.737516841374006,-20.603718664851044,-22.53879232225471,-30.199283782233636,-20.645179783546347,-22.453324722093456,-44.7650623688794,-60.01779158987464,-21.03527644269936,-20.652950758427668,-20.776858638883965,-20.782448609986346,-21.01368441998958,-31.221425687617312,-20.81992534003177,-20.710419947867493,-20.595948434686342,-21.608182964934606,-23.98012065898426,-29.334738781890234,-60.3455731960384,-231.23544156564944,-95.32397964288192,-21.973222557029494,-29.286877929049147,-23.457181626398132,-21.480653356089398,-20.648098196425718,-20.605637385240556
-20.467830728026165,-20.602597627387702,-20.463166431351162,-22.441898514739165,-30.164373707320685,-20.505544191748307,-22.35056873926811,-44.76725633895469,-60.25996394516354,-20.899406769784353,-20.517737438416695,-20.64126092485512,-20.650652708241427,-20.885797371007985,-31.19825282950444,-20.693921719274844,-20.577383390842684,-20.458418515093268,-21.4857608036995,-23.891329511974337,-29.336424346810507,-60.534571822005745,-233.33447908883153,-95.69932814902774,-21.857850135993967,-29.287748693785886,-23.370449876839135,-21.3549342272577,-20.509652759825396,-20.465212582390382
-20.99821896623615,-21.125885115971464,-21.00008112070316,-22.892235291376476,-30.3738280560532,-21.037785702581242,-22.783195807054383,-44.793192489577116,-58.94590966073329,-21.408085966878964,-21.041376708765128,-21.160285087144462,-21.163628635294376,-21.375233497190102,-31.188882261281417,-21.19219011388403,-21.096860731822705,-20.989447118284446,-21.957973956063285,-24.240033322488323,-29.50481801695325,-59.050252054907304,-227.5263890778324,-93.38480065107666,-22.29664954999148,-29.380934123853695,-23.758234590582962,-21.833472402811008,-21.03952441384663,-21.001478339207868
-20.49308147701342,-20.620428924228637,-20.49365656829821,-22.35703204135738,-30.12929692984377,-20.537223039019093,-22.320408051720733,-44.85677932659033,-60.82369913780681,-20.944020857874275,-20.537094613091803,-20.668409081303217,-20.665043966984584,-20.910931263778682,-31.349475272070897,-20.69587850813537,-20.590172221603147,-20.479935362842028,-21.505658363828562,-23.91013166915122,-29.10605271937534,-61.62612629885669,-230.8010400639448,-97.06253148850321,-21.88392582406662,-29.156603418734164,-23.312486854177905,-21.384252699187215,-20.537998933495576,-20.4958680829734
-21.14614728121647,-21.270433958184718,-21.15092891247696,-22.997984324125643,-30.418669682325827,-21.18749601926695,-22.893952464698646,-44.82307044870804,-58.69332787908554,-21.553486985520017,-21.18620275382162,-21.305431166630004,-21.30455011568592,-21.511432504388118,-31.213860326107124,-21.326418684206583,-21.239392489878217,-21.136855571970557,-22.089037644992345,-24.334599234262825,-29.50947603577766,-58.841587778105655,-225.49071131222695,-93.01506340139574,-22.419407473119055,-29.385439318979852,-23.852300216420478,-21.96796264039116,-21.18792287338848,-21.15216168372027
-21.117434840546267,-21.240651785892666,-21.122919590106747,-22.9525216527164,-30.390403030472093,-21.159965827568865,-22.859778301283484,-44.829957064613765,-58.869317873704965,-21.529611766093385,-21.15663532273355,-21.27774329940463,-21.27464758997328,-21.48481949086484,-31.239602255191482,-21.294791077712116,-21.20880447668598,-21.10735730323418,-22.062558502043213,-24.31291877888475,-29.452342601080314,-59.12551443407083,-225.27035509620987,-93.4020902833306,-22.39591332931292,-29.35340280582482,-23.815624336395715,-21.94297563022388,-21.159858079968114,-21.12422014916095
-21.886904366471065,-21.992828939605793,-21.909168531356105,-23.534741448576522,-30.728149116081298,-21.93857963605342,-23.447103671417384,-45.28825465824574,-57.48618278651359,-22.28190652339008,-21.910736912282534,-22.030283036294584,-22.005683651176305,-22.184763363837916,-31.327610869378653,-21.98796662129557,-21.951433550948227,-21.87480044920932,-22.74085592478449,-24.80535442012021,-29.545123271767558,-57.79288292892105,-217.00612910039453,-91.55836048187348,-23.021658457057377,-29.410971763986396,-24.317388700002265,-22.637698682643226,-21.931782990886163,-21.909370286548846
-21.274538123592727,-21.386793976502634,-21.289352714841478,-22.97629769262633,-30.447470102492957,-21.325516658677675,-22.929735716794426,-45.11321401700965,-59.12720759624008,-21.70202208737917,-21.305156163154628,-21.4325172960052,-21.412388090816933,-21.624925111956056,-31.373587335141544,-21.411005308290303,-21.348245221780928,-21.26029998713314,-22.194765758886962,-24.411823811722687,-29.241453128673257,-59.860942151598124,-221.9741065565688,-94.4970883579545,-22.520179607106005,-29.222901032591373,-23.839488141852094,-22.088019788974382,-21.32071746192782,-21.290562126801976
-21.18056283710567,-21.29631771960921,-21.192161992318244,-22.92042511386191,-30.398098920833522,-21.229222166918525,-22.86651777665459,-45.00366407025428,-59.20467402185706,-21.606767036622568,-21.21391477011746,-21.34059942983362,-21.325341294065396,-21.540393438050266,-31.345941854091308,-21.331259892636943,-21.25970838237504,-21.167250480025707,-22.11352951153965,-24.350453641729636,-29.270805732965574,-59.854666356234745,-223.1338513562375,-94.4436264285631,-22.445484886331684,-29.24397907433179,-23.792739038529298,-22.002958709993283,-21.22583591826563,-21.193484390986434
-20.760879637170586,-20.88739602667097,-20.762817184982033,-22.625656963616976,-30.23345635648304,-20.803436910083132,-22.557604558642296,-44.802841979440394,-59.87730714896978,-21.192108444200308,-20.803493432487535,-20.92947389911117,-20.927941877387553,-21.156884163059487,-31.277293968644365,-20.95590532445157,-20.857073294961893,-20.74954506603097,-21.744630779409476,-24.07932768631514,-29.282921802740802,-60.37239005614551,-228.5079871562561,-95.23911068724335,-22.102710749011155,-29.25707116250917,-23.53771185232573,-21.622816233617925,-20.804272047957078,-20.76462015787898
-20.779570539726247,-20.90820729589051,-20.780035216264647,-22.676350400922928,-30.259065942607478,-20.82007640057615,-22.589929673854613,-44.77541631243868,-59.63535293652474,-21.203556004103582,-20.82385712341829,-20.94702843031319,-20.94945353275246,-21.17392672160391,-31.2300082325986,-20.980949828166636,-20.879385555634613,-20.76949999159068,-21.76239639248007,-24.092841236904945,-29.367289169799125,-59.953536143862095,-229.06981879207336,-94.68530697637593,-22.117065027776484,-29.3047419652961,-23.57682548312372,-21.637796537279385,-20.821909278889887,-20.781757350622716
-20.54564741409878,-20.67609423999683,-20.54412487920843,-22.457086464345924,-30.158637910754734,-20.586525951165868,-22.389690794518216,-44.78091837881684,-60.34459947425828,-20.9832171581096,-20.591864016742402,-20.71865299420841,-20.721380823724438,-20.958685223533273,-31.266283242652797,-20.75723758927774,-20.64805068967497,-20.53458610672551,-21.553958714418968,-23.94017888376797,-29.24835638440492,-60.84350254814997,-231.20841007215898,-95.99633021235972,-21.925112930792103,-29.23931960984161,-23.391724171132193,-21.4282450233803,-20.588802532601967,-20.546171076827942
-20.728009528730396,-20.85903322362168,-20.726663147994337,-22.658314517380788,-30.25936832416111,-20.766836125680452,-22.560464881088908,-44.76684627239389,-59.626863674767215,-21.149577029850526,-20.774386112816025,-20.895981251082517,-20.901994548850784,-21.12607864209415,-31.19698278370793,-20.937742297350614,-20.83175875333949,-20.718764106084336,-21.717188870046538,-24.061380504828286,-29.407809016814305,-59.838779032718946,-230.28782837509766,-94.59098200970229,-22.07330314972478,-29.32651157656899,-23.557322161394108,-21.589841997842715,-20.769672134415725,-20.728405948817983
-20.98754028309355,-21.118371568394124,-20.987240099992967,-22.92995163666355,-30.426110274816743,-21.024450178977506,-22.79770219440595,-44.81656235781901,-58.75066745087214,-21.390284751270027,-21.033550320100826,-21.1487114701371,-21.15752863758343,-21.36492500541488,-31.131095718132578,-21.1912987460175,-21.091506780226688,-20.980316245062525,-21.949706909230173,-24.242024846384478,-29.60321787112692,-58.64647683138463,-229.05093731260084,-92.9230703558862,-22.285670225609156,-29.431304164726903,-23.782632721846536,-21.821313664799078,-21.02760672494175,-20.988577656366225
-20.63845190583039,-20.766811755474425,-20.638686855198912,-22.52381942113001,-30.18789806522468,-20.680402715256385,-22.45922351657295,-44.793581052750824,-60.176361621763554,-21.074409335890905,-20.682806483812588,-20.809692152143345,-20.809899311919402,-21.044260469520783,-31.279097628175762,-20.841716610796006,-20.737512293214667,-20.627062486208814,-21.636007870772133,-24.000220683428196,-29.24969306547543,-60.70356856115259,-229.90715291658273,-95.74854185821552,-22.00196630280608,-29.23909561400204,-23.45034580432735,-21.512487394200146,-20.68188009274217,-20.64064023561592
-20.922516022253664,-21.049430538381863,-20.92465978963372,-22.801234573054636,-30.31889188735646,-20.963363449670666,-22.70811066736178,-44.78802081719145,-59.264664443765874,-21.34003270045713,-20.965128902070663,-21.086798481385717,-21.087910922680415,-21.305568682210126,-31.223010662764864,-21.115651855767616,-21.019716931106498,-20.91273041577431,-21.889679510229172,-24.186685998849335,-29.420846728210776,-59.51863696639082,-227.62220529114666,-94.02800746870096,-22.23492491171977,-29.334744114261674,-23.683711559495332,-21.76651137343063,-20.964639018945185,-20.926195259154365
-20.81405832302599,-20.941505658242217,-20.815477859447025,-22.6950021004964,-30.265801945391086,-20.855333599465144,-22.612774738229906,-44.78449474834838,-59.607585796168685,-21.23855166503527,-20.857302580617528,-20.98099637127047,-20.981743277674695,-21.205751391471143,-31.243310409709295,-21.011020826772395,-20.91193169393527,-20.803651983503467,-21.792729249926545,-24.114643137491736,-29.354437284678617,-59.96563761969532,-228.446804903128,-94.67507910805206,-22.145867514086103,-29.29758849269713,-23.59428420922279,-21.669453555262407,-20.85667917624865,-20.817173946063775
-21.340103636135392,-21.455447894145212,-21.3525158573145,-23.08033580982671,-30.46539048054352,-21.387824089309827,-23.008843919240906,-44.990211314890544,-58.67631766885651,-21.754829126477038,-21.37259669979514,-21.49626434200234,-21.48202664259602,-21.687226062007568,-31.31310574767447,-21.486266686259924,-21.418824833370056,-21.327919110599737,-22.256786370358533,-24.452984221316328,-29.382527023875,-59.146090132841714,-221.9153564120981,-93.40553489624773,-22.57713021716547,-29.311911575979515,-23.929122560142922,-22.145727100475497,-21.38447826788187,-21.35357848109965
-20.83015338193717,-20.95210327437151,-20.835766936902974,-22.63541445603707,-30.253970403251664,-20.876225335289934,-22.58929822691437,-44.89565221043158,-59.99851702797096,-21.26832070786966,-20.869143755668404,-20.998043307904847,-20.989405948248336,-21.22012954040334,-31.34175007079289,-21.008824178600634,-20.918860778398233,-20.817032958998396,-21.803876512250007,-24.125693348370767,-29.190220337848586,-60.71671124490419,-226.92187221909506,-95.69282187596164,-22.15977684638402,-29.200343793879533,-23.54980230307278,-21.687532444567882,-20.875096436614122,-20.837558031085656
-20.728737517637253,-20.849443647768233,-20.735067287689727,-22.514445305838464,-30.22663820245024,-20.77680815966861,-22.489732374260917,-44.97682192198182,-60.48889744234671,-21.17884532084161,-20.76727809907244,-20.899394219814788,-20.8874549673718,-21.126662297393008,-31.39668007615291,-20.905112889389333,-20.815279282138086,-20.71412898215735,-21.71214468317204,-24.06599939763926,-29.074887558484477,-61.428457781855116,-227.62030760256056,-96.73947281780737,-22.076352119944353,-29.129839054649892,-23.447909242786952,-21.598063082161104,-20.774965821745226,-20.7370487109491
-21.156441656377186,-21.274835706392317,-21.165812137577387,-22.928257458616834,-30.38573455554105,-21.2029522420176,-22.86185659917244,-44.92497011764513,-59.0931034240257,-21.5778466779297,-21.19176580917225,-21.316746921182595,-21.305719816455227,-21.519375512881126,-31.31068018056311,-21.316785535524513,-21.239839898203545,-21.144242356553672,-22.09410088567162,-24.334565906153518,-29.33152934186171,-59.611689557442794,-223.76597379726982,-94.07427461072183,-22.42710469171647,-29.282255935849903,-23.79901247533522,-21.98034239923891,-21.200711818556037,-21.167134773290137
-20.986792469848858,-21.11306590836703,-20.98960464156345,-22.859414459320742,-30.34819225085316,-21.027679716589827,-22.762308290850658,-44.795374928536035,-59.09002568791329,-21.401075560336707,-21.02876601882302,-21.149604868849792,-21.150352753853998,-21.36475026015498,-31.217877616659244,-21.176616507976064,-21.083047080606065,-20.97720602277828,-21.94701567656018,-24.229270803592605,-29.44974454907328,-59.305781277453725,-227.03738962561275,-93.71223591509458,-22.287893476357542,-29.35106189582325,-23.733305360638262,-21.824314473355866,-21.028764398253664,-20.991051748607465
-20.443738730629264,-20.576516235115946,-20.440306119994414,-22.385082771065047,-30.129256308946758,-20.483414337718045,-22.313822642316804,-44.774110238067024,-60.52492029519955,-20.882901005399905,-20.492037908398775,-20.618616063402357,-20.624175206581516,-20.86449536015023,-31.250538810431294,-20.66443640826502,-20.54988437304187,-20.433067140020565,-21.46378450535257,-23.87427245583078,-29.249610478904323,-60.98612290758621,-232.70460878549827,-96.26505570810811,-21.840381794533524,-29.24098478430631,-23.327980921379584,-21.33559644366056,-20.48658300848635,-20.442448189626415
-20.81021109189293,-20.939836163307508,-20.810086956844792,-22.72360986623312,-30.28795758360568,-20.849589270700466,-22.625307332883374,-44.772017188871104,-59.447104756760574,-21.22919605874028,-20.855284254443394,-20.976524712233,-20.98106919477334,-21.20196307670809,-31.201519915198656,-21.01403302143302,-20.911764510743925,-20.800910275055767,-21.79025613364352,-24.11488679370447,-29.424099057171116,-59.65378231621286,-229.27322735973812,-94.28817910526564,-22.141498435558983,-29.33578995767779,-23.61427336158842,-21.66425940677994,-20.851921477618756,-20.811735873774143
-20.966668954783803,-21.094104940131793,-20.96858621533122,-22.85549869050311,-30.351044842012918,-21.006693839260723,-22.752475420078003,-44.78899000639454,-59.0712430258649,-21.379485357861444,-21.009662869754674,-21.12963510630188,-21.132195595743372,-21.34619521147405,-31.2013670368973,-21.16056188772989,-21.064850294697433,-20.957518182638356,-21.929548241898864,-24.21772943723514,-29.472506238545797,-59.23185187715427,-227.58582113989132,-93.63457406144538,-22.270890439384413,-29.363248352446323,-23.728059635087703,-21.805497870397694,-21.008277615615054,-20.97003915320114
-20.818090076907694,-20.944851016003742,-20.820019086188747,-22.68921277931421,-30.26226876967101,-20.859943953176042,-22.611502921151228,-44.7922428891717,-59.648591674951575,-21.244115283137308,-20.860769030801396,-20.98513047017308,-20.984718596884075,-21.2094876529277,-31.255438278139145,-21.012791091933824,-20.914811345919368,-20.80735922050506,-21.79599565488993,-24.1167936688435,-29.334948595388582,-60.050120778735476,-228.1980002022126,-94.78174963466031,-22.14944134431343,-29.286575703457718,-23.590462678339886,-21.673566797214217,-20.860982627372582,-20.821724905515197
-20.032265793402487,-20.17480968511276,-20.02145341018169,-22.107456829313083,-30.045567279471506,-20.06694100244488,-22.012160568431405,-44.83588670506988,-61.21347843793414,-20.47629833100943,-20.089308943251144,-20.21397574733608,-20.231485026415683,-20.481663483131936,-31.169755688175606,-20.28892551511025,-20.15404503196454,-20.023420957296516,-21.098651664257353,-23.609555938196706,-29.281290818801345,-61.45799716496116,-239.52750607687003,-97.34966931003986,-21.494310252165153,-29.259946300092516,-23.076193554953953,-20.959917399768084,-20.073800719911848,-20.023922030315504
-21.057548409715025,-21.178808966120126,-21.06435081141125,-22.862948368138387,-30.34743631186307,-21.102318304507094,-22.79123232605924,-44.865864170150985,-59.22550932112239,-21.479338429727676,-21.0953224566072,-21.21982579741877,-21.212626795468847,-21.429224684217935,-31.28880589338383,-21.229562103052977,-21.145510970052477,-21.045974166765472,-22.007413501787994,-24.271076474795194,-29.3435529149349,-59.68831366838073,-225.0836880596811,-94.1925611875839,-22.346505566742678,-29.290365792420715,-23.742163486902214,-21.890621388008935,-21.10122620170038,-21.065785789796134
-20.875338747544212,-20.999873498802916,-20.879089643518313,-22.71750419951785,-30.27629235647368,-20.91870294041109,-22.64792117616719,-44.82145032760671,-59.621232868087475,-21.302836771451684,-20.916121125013753,-21.041509982042435,-21.03788297954301,-21.26207455264983,-31.28091391584852,-21.061730955475024,-20.96842517498891,-20.863927878618796,-21.846056524712807,-24.15332669610025,-29.30673916487469,-60.10276972158524,-227.16512093604408,-94.82189493067703,-22.196887672052785,-29.269976319550274,-23.616874457167103,-21.72614250166406,-20.918817168555723,-20.880753714649533
-21.08691223066732,-21.204440056595466,-21.09678430362038,-22.8453238289254,-30.35786352062557,-21.134771497394045,-22.793015926212213,-44.96551034084807,-59.40667320024623,-21.51605286458483,-21.12185188041462,-21.24906243231616,-21.23578534037609,-21.454973783822826,-31.34291343247648,-21.24559479354563,-21.16878793334629,-21.07369949260131,-22.03087682416802,-24.290345100289418,-29.251556073421686,-60.07000337953859,-224.12667524053623,-94.74862905010998,-22.369318706255427,-29.23354467464527,-23.728775714779097,-21.91864189062516,-21.132041568420902,-21.098235114240286
-21.025851838206787,-21.144830401979714,-21.03437390302012,-22.800256750914084,-30.331735030005223,-21.072927133430976,-22.747090805415812,-44.93347899190766,-59.51560521703007,-21.456108179802555,-21.06203660895015,-21.189323012774818,-21.17783660636997,-21.399328315402467,-31.335965397227454,-21.190709225386005,-21.109995538734708,-21.0128572718425,-21.977214605725212,-24.250928002786075,-29.24851807773606,-60.16766401652255,-224.84000096893791,-94.88688843366337,-22.319719973060877,-29.232776772962175,-23.69026836216968,-21.86350553045921,-21.070757267223282,-21.035901207654742
-21.743474092448025,-21.85357771909852,-21.76159545105569,-23.434455256574314,-30.657177727186294,-21.79261200011249,-23.342805771395202,-45.14144936827141,-57.68749337578506,-22.139975052011312,-21.770825120111365,-21.890221024051595,-21.871259915802565,-22.0559804112296,-31.302561050373384,-21.86286839038927,-21.814413169507915,-21.732127661226667,-22.6157424050028,-24.715439919977275,-29.547996165083703,-57.951956676507415,-218.4832569571665,-91.71384663458495,-22.907345021060358,-29.412655151024232,-24.232294143339683,-22.508523889551444,-21.787476890044555,-21.762026230785377
-20.56306984069789,-20.693642031129905,-20.56151166322652,-22.47732873944503,-30.16764317165194,-20.603685957148134,-22.406457946117918,-44.776721029694414,-60.26808668265057,-20.998873038117832,-20.609349171292262,-20.735571297146816,-20.738738832383063,-20.974650357559664,-31.257837322731433,-20.774707131826645,-20.665719921820795,-20.55222040304052,-21.569565671642817,-23.95145153860208,-29.265871308324403,-60.733795365525765,-231.12869810830065,-95.8433520921387,-21.93920514293769,-29.249034745071924,-23.4082900243056,-21.443603459754282,-20.606048498962192,-20.56352690221266
-20.631733414721204,-20.761639082344626,-20.63084861475653,-22.539646927237428,-30.195296400803247,-20.672357205693917,-22.464201265830724,-44.77470320410208,-60.069348918567165,-21.06389916920606,-20.677334800235787,-20.80264994712794,-20.805496884900073,-21.03784938224186,-31.249506664692536,-20.83996729921161,-20.73339340289738,-20.621103214166975,-21.63066353526518,-23.996029464206728,-29.29602107591362,-60.49174890577714,-230.44309177483657,-95.48173301118847,-21.995599863931453,-29.265463071714787,-23.461102958213008,-21.505204508119746,-20.67452876052615,-20.632772883774354
-20.935468391708977,-21.049354227986914,-20.947954963002648,-22.647269328355485,-30.33875401704553,-20.98783346591725,-22.634319952382242,-45.17501384060246,-60.25616140562941,-21.38680704717885,-20.968791137342976,-21.101604361765887,-21.080603522248992,-21.313917149281394,-31.444758700383165,-21.084294740170865,-21.011477102656013,-20.919192467256686,-21.891589536650233,-24.205292719040763,-29.02953234773753,-61.342832330559716,-225.14092455221234,-96.68550224558489,-22.24182492613563,-29.091335031912408,-23.558287940462883,-21.785135910629812,-20.983294589648064,-20.949712080858568
-20.638246361053582,-20.775874340017392,-20.6324906837735,-22.669735561518287,-30.33494448785676,-20.67216811950215,-22.529097266938507,-44.84049675745722,-59.424284589818726,-21.049330784806486,-20.6905743809195,-20.80575031454243,-20.822310965863394,-21.0408213770184,-31.083643286464273,-20.868647933760204,-20.75283764178322,-20.63171460168258,-21.638377194020553,-24.016643729980988,-29.566910087948852,-59.261233524560495,-234.03317454852697,-94.07222318361548,-21.992519129584416,-29.404681758280482,-23.549374074517797,-21.50321876690632,-20.67780229284865,-20.634186798693197
-20.382345085863626,-20.522259048767225,-20.374300772699215,-22.435877723957926,-30.209105607967246,-20.41637297603543,-22.31187800421452,-44.8238680724419,-60.138394305590595,-20.806427333290458,-20.436813772077482,-20.55570131288829,-20.573097645387197,-20.804387102745356,-31.109543811414227,-20.624476940201617,-20.500300867390795,-20.374951415825073,-21.41007870428668,-23.843017385027114,-29.451784892886177,-60.12593355863089,-236.34156260636013,-95.37568186848989,-21.781271596473015,-29.345040327446135,-23.351182494894385,-21.273198628039456,-20.422622815934126,-20.3763201166682
-20.176387430951632,-20.310158554526417,-20.171505175647436,-22.118017304004766,-30.024051624197217,-20.217543613407187,-22.078343485477813,-44.830944070861136,-61.483614266164324,-20.634995955802115,-20.226103492169496,-20.358088449647074,-20.36193540261707,-20.61918947968773,-31.32793632977764,-20.40528972131575,-20.283693844517114,-20.163996711787163,-21.225995475350356,-23.705141261353567,-29.08132395473131,-62.24458391662628,-235.06292534339352,-98.08587539133764,-21.62302314568731,-29.150103552162246,-23.106066941066633,-21.097874221585208,-20.220708083460107,-20.17404015794834
-21.36352478982647,-21.48862623555712,-21.368489636103735,-23.23926653168792,-30.581763541618304,-21.402435059829845,-23.10086323970452,-44.88680948465421,-57.93058708801233,-21.753191787404663,-21.404153618507646,-21.51693138757319,-21.520013644714275,-21.71194848708479,-31.15208754369321,-21.54190634053631,-21.45869138135275,-21.356446272906876,-22.285177755242525,-24.491424666995634,-29.708792568602902,-57.75676230322663,-225.0036568459148,-91.5111952826337,-22.59821881002413,-29.49553666041662,-24.05275678631075,-22.161861909167452,-21.40357796985272,-21.369352284777666
-21.221756158687533,-21.343325918535754,-21.228825893181764,-23.038742474100623,-30.434061630953693,-21.26490223622098,-22.943572573247444,-44.85646215162958,-58.63445485634458,-21.630183718712857,-21.259405311508903,-21.379809879779593,-21.375027129457713,-21.580625639580152,-31.242570802309167,-21.391603613759674,-21.31057750167029,-21.211704749061166,-22.15526876593717,-24.381028554905217,-29.481515524500438,-58.86644671973926,-224.17564120056878,-93.01164726693835,-22.48184285746971,-29.3705967523752,-23.890066545783323,-22.0371566105539,-21.264202818183666,-21.229987712114447
-21.24959553069345,-21.374247525088208,-21.254464539225292,-23.112246092570192,-30.490612958613603,-21.28979357427734,-22.991981796471862,-44.843355044576256,-58.324714861589214,-21.648446912989506,-21.289861297410333,-21.406103435385347,-21.407069755154353,-21.606838184868387,-31.18371454800129,-21.42893967666893,-21.343708019145534,-21.241346210404956,-22.182314348919164,-24.407928531802842,-29.603119915804932,-58.3194463146161,-225.17969514754114,-92.28572512338131,-22.504492670898824,-29.437643567940775,-23.947385607036075,-22.06021274565625,-21.290550477713275,-21.25552218627447
-19.739136717815775,-19.88234289481741,-19.72695632522673,-21.805624936412595,-29.91067068448166,-19.775803590396485,-21.750874173711864,-44.88357935599782,-62.33199623478728,-20.205747660554604,-19.79719449311064,-19.928784827391834,-19.943476324704307,-20.21344069339456,-31.27592751496576,-20.003744736307226,-19.861556310137708,-19.728197884519307,-20.839028014260172,-23.421209103074993,-29.08613470054449,-62.94205400109043,-241.81411818482516,-99.44133134863918,-21.258470085297702,-29.16344134337114,-22.830362506226617,-20.700676644541087,-19.782469916830802,-19.729855665532398
-20.412922685695545,-20.53962444197297,-20.413776363285493,-22.26449345803116,-30.106937654404724,-20.45837475561439,-22.243828626950812,-44.910924598904316,-61.20210330292867,-20.872696210367952,-20.456775819913016,-20.590502870373946,-20.58501992244844,-20.83749667646227,-31.392481932794915,-20.615130118792287,-20.508810125686217,-20.398754457720333,-21.433804588595848,-23.86346502112572,-29.024876471564234,-62.16556226860147,-231.40606570506947,-97.84154426019083,-21.818914153536113,-29.108729272420973,-23.235669322888118,-21.313738563787638,-20.458723744208875,-20.41613365919862
-20.386810668299308,-20.51528025954283,-20.386274316136774,-22.261593924716706,-30.093355501623826,-20.43088610441272,-22.231994229830484,-44.86905235952992,-61.142006141660424,-20.84350307320339,-20.431989907893353,-20.564616165947168,-20.561872589847944,-20.81338142344228,-31.36501250782539,-20.595206738437003,-20.485589823712942,-20.373358412524375,-21.411406269704322,-23.843501982141255,-29.06248596488239,-62.011647844655265,-231.96538439303137,-97.63798687632608,-21.797106989347416,-29.132963637026343,-23.23186203393615,-21.289135367058698,-20.43199429966379,-20.388627081786147
-20.74826450722331,-20.886989748748142,-20.74238391820654,-22.80505237214694,-30.457695177754026,-20.780486617489295,-22.639402671194514,-44.9295190062565,-58.98184061485205,-21.1488925345776,-20.80165331913705,-20.91222373443485,-20.93201596009105,-21.141307505633286,-31.031353994540403,-20.978980945711417,-20.864763952645248,-20.7431629526821,-21.736901709533143,-24.101816438657295,-29.690049059372274,-58.6061962239059,-234.44708646699578,-93.24658985370615,-22.080392031393025,-29.464405385688885,-23.656568096860457,-21.599870895370827,-20.78674150601562,-20.743876779778393
-20.676398092006263,-20.81721272182991,-20.66913675463568,-22.763888168475987,-30.468171719773327,-20.707512718387367,-22.589789062684517,-44.97779038477142,-59.07331471459816,-21.077107063301487,-20.731734214970395,-20.841221694860078,-20.863757451359962,-21.07382801114115,-31.005736013387335,-20.914009696288318,-20.79610576384636,-20.671785124222502,-21.672667651531246,-24.059286147388995,-29.70785856983628,-58.63347806859676,-236.04323993402974,-93.40986029197248,-22.01839440383902,-29.46944165601616,-23.615639884887464,-21.533388796867236,-20.714542418166452,-20.670676524743854
-20.621406016626466,-20.746862845463948,-20.623745503342384,-22.46495572924563,-30.17514628899665,-20.666126121252777,-22.42372011109821,-44.86183971366884,-60.49291221551801,-21.067026706474014,-20.663626420966306,-20.793881734804035,-20.78881076126012,-21.02874192877222,-31.34293493051579,-20.815647940622405,-20.715569263525207,-20.608348898701358,-21.61926821940131,-23.991899757333545,-29.142222725754458,-61.25329377583828,-229.3212531847889,-96.49863259449432,-21.988988450671755,-29.175486203947667,-23.404338730551956,-21.49959765728343,-20.666253619027408,-20.625797200056635
-20.409001350793897,-20.535428551960116,-20.410053546932822,-22.256707043996034,-30.107260239744573,-20.454739769695607,-22.238514346634688,-44.922044685851134,-61.243532967587285,-20.86994934402123,-20.452684061526035,-20.586748741295228,-20.580743106745746,-20.833920256745973,-31.399691094034566,-20.610388252932097,-20.504430136008715,-20.394654580909016,-21.43015926223441,-23.86192241419881,-29.01314496234497,-62.23270881079795,-231.4004140000335,-97.9374834617483,-21.81578921075188,-29.101456223418666,-23.229319239619013,-21.310487068721887,-20.454957847265767,-20.41242425556788
-20.90014447585306,-21.03087725357566,-20.8995863879912,-22.835840936660478,-30.362615315040898,-20.937828587959665,-22.716351296973276,-44.79014533423791,-59.05053122295185,-21.309507420266772,-20.946102268625502,-21.063670228896488,-21.07126447527728,-21.284491195750032,-31.155093087285074,-21.105462066735797,-21.003760429907505,-20.892157605648624,-21.87127357093913,-24.179668324830555,-29.531500884955317,-59.062382810212654,-229.3337888743078,-93.49590865769083,-22.21420994478288,-29.39318962640135,-23.704942240774987,-21.74344497816489,-20.940805059098036,-20.901064931015885
-20.552203128679174,-20.691306495810643,-20.54528230067974,-22.602950368605057,-30.310397857272513,-20.585578771656213,-22.46155373653277,-44.85154709189935,-59.60700102713399,-20.965814355806636,-20.605892850995474,-20.72131638518335,-20.73940255708399,-20.960859661698823,-31.07604636128871,-20.788419754937145,-20.669068103139775,-20.545746117861913,-21.5616013714886,-23.960507572428774,-29.552693523957142,-59.440998465344684,-235.21393968492868,-94.39673175320597,-21.92031261400658,-29.395911270888323,-23.490068369997395,-21.425000573181578,-20.591724703907317,-20.5470661481238
-21.298490832025518,-21.4036999579534,-21.319527560044527,-22.927598416501766,-30.52627907857353,-21.35537956720488,-22.91104345281897,-45.44847297228887,-59.54993035209,-21.741500706339664,-21.32490091528725,-21.45566796315758,-21.424333992077504,-21.641603166365396,-31.461227075773376,-21.40893664509674,-21.36166449602136,-21.28114097717186,-22.20856326948281,-24.439002713717713,-29.06606640063942,-60.631525609372474,-221.5486268625034,-95.83455658031622,-22.53084189720113,-29.100589499575186,-23.78981409505251,-22.11075704049621,-21.34761722304036,-21.320757853293763
-20.422555895828847,-20.567478819253836,-20.412184754366102,-22.564231567606612,-30.3951072547098,-20.45235631397816,-22.388512922975373,-45.02387269510094,-59.62234903527804,-20.831184923400066,-20.481611073243826,-20.592094924889622,-20.618613664591397,-20.837308179237592,-30.98443045591184,-20.6760395326258,-20.54841099940714,-20.418032249293596,-21.44561488580365,-23.892250483465087,-29.65930272970936,-59.18362104536461,-239.51112758486727,-94.41786738300473,-21.80453205340048,-29.439347759066003,-23.437870675666385,-21.302417871951278,-20.460735631200727,-20.41397934804642
-19.40561184781977,-19.560448277862495,-19.386376451987186,-21.654717958211673,-29.944599482994093,-19.435489024725516,-21.536800680225912,-45.11145027881044,-62.526824097801466,-19.864325411413077,-19.473628619004916,-19.59806500577498,-19.628602791741972,-19.895938381601383,-31.10263799017215,-19.70580834143761,-19.546349954765812,-19.398194605494027,-20.540920489615544,-23.208595259800205,-29.267283609416417,-62.59405336279545,-250.10097228060096,-99.7316498813661,-20.965446102273745,-29.256942449913147,-22.66853679097297,-20.389245679042606,-19.446555276551365,-19.38933142356009
-20.43997435974408,-20.579677206478394,-20.432272886485737,-22.493651226722026,-30.24404030199812,-20.47372462355191,-22.363109008385102,-44.83275382449663,-59.95061264513815,-20.860297040866193,-20.494230464548508,-20.61185553351782,-20.62960308870172,-20.857413344085963,-31.09621481336714,-20.680274153634013,-20.557663640645313,-20.43293264650427,-21.46145585357488,-23.882809898494077,-29.48815980325547,-59.88047327354228,-235.98228944665553,-95.02863624718202,-21.828295572543432,-29.363277321354683,-23.398942931072348,-21.324595749431737,-20.479967408133255,-20.434210466303803
-20.022345748284064,-20.16277363838847,-20.01271749426966,-22.061067787254256,-30.00799204460592,-20.058926418404116,-21.987088908846665,-44.8191414953567,-61.4532779453181,-20.473503469510145,-20.077640566184993,-20.205408266029206,-20.21903184222107,-20.474316249776432,-31.227084885262137,-20.273550652947048,-20.14059962729334,-20.012276824975867,-21.089980212444033,-23.60201500390111,-29.19811001719102,-61.888422775661965,-238.59418804489064,-97.83607386770927,-21.490114575134626,-29.217544281027934,-23.04481354516942,-20.9539591927028,-20.064837857004033,-20.015275220547352
-20.873270596484243,-21.003697879596114,-20.872818956327695,-22.802627882574566,-30.33923563977136,-20.91143440963312,-22.689276367318847,-44.78206196853428,-59.16532828219944,-21.28540552076852,-20.91897537046246,-21.03762514517078,-21.044354222036898,-21.259826414129936,-31.168228443085994,-21.078235573573686,-20.976314337904864,-20.86490548800574,-21.84707017890344,-24.160029166918356,-29.500182181373525,-59.23310391415403,-229.30758638847536,-93.72334612538016,-22.192473865326562,-29.376618428990195,-23.678122704935095,-21.719756508633694,-20.91423064548732,-20.874347790468914
-20.98418045921921,-21.110522052198803,-20.98693504649878,-22.857669951755895,-30.34748203546164,-21.025028762295403,-22.760415562402546,-44.79479503610853,-59.09388386053486,-21.398486176681747,-21.02621558966194,-21.14703966620488,-21.14787672393115,-21.36234553059393,-31.217295471084178,-21.174273096047227,-21.08054484166492,-20.97460767634855,-21.94470748757505,-24.22761153879431,-29.44995212476755,-59.30827082268222,-227.07641173840912,-93.71722387815775,-22.285725019446087,-29.351155182988432,-23.73173885799212,-21.821934720547308,-21.026140455430834,-20.988384820712795
-20.11703797303287,-20.251323164422654,-20.11164119392834,-22.06320109607926,-30.00457382229075,-20.158270380220134,-22.02830698678031,-44.84435778307633,-61.6755468470112,-20.579199190012435,-20.167308937539207,-20.300157502783673,-20.304126334028307,-20.564681104322815,-31.339988005342665,-20.348634849389157,-20.22509965951396,-20.104420010459904,-21.173381544113777,-23.668067919596805,-29.05433172486029,-62.48167186499749,-235.71181665335155,-98.43951838735455,-21.574640954438934,-29.135966386558977,-23.060103028202647,-21.04489765694287,-20.16156497584843,-20.114254420654593
-19.728888756518504,-19.86702988782909,-19.719866556915896,-21.712087990242416,-29.891380859745517,-19.77026249405262,-21.705447512763392,-44.953998764839525,-62.927200378085836,-20.213442386967248,-19.783192910522402,-19.921202089564204,-19.926684511992917,-20.208296885913313,-31.418215185111166,-19.97942041533875,-19.84272426920198,-19.71503115452836,-20.830098594175883,-23.42874929557667,-28.898313683006897,-63.99787529967523,-240.30718744833774,-100.7256771233682,-21.258763421295455,-29.05770804814283,-22.766017864628733,-20.69858525350723,-19.77460883237302,-19.722970282620093
-20.16220479945766,-20.294954509932964,-20.157995116868495,-22.0877139074911,-30.018348931979332,-20.20442376675974,-22.058428033344075,-44.85766734445768,-61.64221695949543,-20.625250201586738,-20.211209171586383,-20.34465502536992,-20.346510379692912,-20.606633257715277,-31.357721986408194,-20.388261363623574,-20.267759620792877,-20.149137636783614,-21.21310603482836,-23.698748562573734,-29.036018366588976,-62.505579300040054,-234.9224706335095,-98.43395237603723,-21.612518338954878,-29.123810124627653,-23.082650546305103,-21.0864190986431,-20.20709633718935,-20.160584285646824
-19.931408429168144,-20.063926932590572,-19.926794105629213,-21.841895629186627,-29.963136426815137,-19.976034604775066,-21.849496530175283,-44.99312249911534,-62.64700985046768,-20.416178699868198,-19.98111949403767,-20.12017965753342,-20.118543046795413,-20.39595783061635,-31.464920874833705,-20.161086246065512,-20.036166380807956,-19.916211019071753,-21.008175392846947,-23.566617788016973,-28.856519166763405,-63.87568444408005,-237.1583317880515,-100.41431804219529,-21.426923146330303,-29.022554831446172,-22.879905704908268,-20.883223213460482,-19.978183425798946,-19.92976316836181
-20.640004744296775,-20.769851533388742,-20.639186391745906,-22.547476350618773,-30.198859859458935,-20.680610624962306,-22.471316366578076,-44.77437821672717,-60.043741385756164,-21.07167474316769,-20.685541980202412,-20.810723264493483,-20.8135688773306,-21.045458921314168,-31.248095588337748,-20.847894082918703,-20.741581801707213,-20.629412254705027,-21.638034272785593,-24.00142203711241,-29.30038670010952,-60.459360913738536,-230.36866278611515,-95.43417179624352,-22.00238200336675,-29.267859959837082,-23.467699904201524,-21.51260837353959,-20.682768867345214,-20.641099101820373
-20.394808146501337,-20.53082285356813,-20.389110741637122,-22.38453414641317,-30.141856676375177,-20.43204644537537,-22.293269931603067,-44.77249155523351,-60.423200743731684,-20.82864645646279,-20.445869562703468,-20.569675865629492,-20.580348516351478,-20.818203049103154,-31.1946947594785,-20.625985297000437,-20.506322864662653,-20.38545745874371,-21.420871638052763,-23.843955351815556,-29.32411108794606,-60.699124337256386,-234.30620407054897,-95.9795923416421,-21.797114771650484,-29.281254304229385,-23.320318319121668,-21.288803988526958,-20.43659738316176,-20.391233204541518
-19.83762050285824,-19.983801486223843,-19.824146145458485,-21.9624884812527,-30.00372478821468,-19.8708784242873,-21.862775731982055,-44.896618182146554,-61.63230953671746,-20.286711552675996,-19.897955837669148,-20.022840679253402,-20.044165681438766,-20.30034340028039,-31.153377385072233,-20.107798941734078,-19.965078373949247,-19.829126284612016,-20.92555856021412,-23.484254200750726,-29.267349656275915,-61.84173102647067,-242.5687628157459,-98.09217497352233,-21.330921768968313,-29.25393655138207,-22.947252219755182,-20.783038110746297,-19.87900378432743,-19.826781973630023
-19.906594146104084,-20.05145853497848,-19.894064736107744,-22.013254983267725,-30.01738956102274,-19.940371042541713,-21.915458381815533,-44.872584277354505,-61.48593264885618,-20.35397442115455,-19.965742393398177,-20.090593012032432,-20.11052463806801,-20.364663929592993,-31.15987086761147,-20.17195383333979,-20.032000217428553,-19.897960594128357,-20.986907905679217,-23.52858412565851,-29.270955199597907,-61.710668731494096,-241.46240564380196,-97.83145779483735,-21.38892315643143,-29.25534798136229,-22.992596034870406,-20.845766033645116,-19.94803892684427,-19.89664336348718
-19.906594146104084,-20.05145853497848,-19.894064736107744,-22.013254983267725,-30.01738956102274,-19.940371042541713,-21.915458381815533,-44.872584277354505,-61.48593264885618,-20.35397442115455,-19.965742393398177,-20.090593012032432,-20.11052463806801,-20.364663929592993,-31.15987086761147,-20.17195383333979,-20.032000217428553,-19.897960594128357,-20.986907905679217,-23.52858412565851,-29.270955199597907,-61.710668731494096,-241.46240564380196,-97.83145779483735,-21.38892315643143,-29.25534798136229,-22.992596034870406,-20.845766033645116,-19.94803892684427,-19.89664336348718
-20.401847827468682,-20.52629642777648,-20.404405969474244,-22.223353624931672,-30.119694044139802,-20.449457616464848,-22.219530414249338,-44.99971071573547,-61.45765683701367,-20.86945084119823,-20.44427148092039,-20.580198406111982,-20.570714736510396,-20.82739202086243,-31.443105111204773,-20.596867616749904,-20.494038344775994,-20.386399433275457,-21.422624086133983,-23.86425016981031,-28.945282505267276,-62.599983641061776,-231.22444369195995,-98.46871006645128,-21.810180718939975,-29.057928974925005,-23.202049230570132,-21.3056885351895,-20.448772036796736,-20.406838081399744
-19.973582993921962,-20.106261213144002,-19.96895267422304,-21.888407867131182,-29.96994526205337,-20.017651031146286,-21.88830854855089,-44.96025367625003,-62.446246936001344,-20.453883248261974,-20.023222276144484,-20.16115864540406,-20.1603710710596,-20.434359510018037,-31.441442579994202,-20.202970119018318,-20.078678235733936,-19.95884319559479,-21.04561777118511,-23.589434506355367,-28.89305202650856,-63.5973610639936,-236.73568812965584,-100.0118431079162,-21.46066974379122,-29.043600384135935,-22.918180118323527,-20.920163818729836,-20.01995073588376,-19.971847909952775
-20.80237147386134,-20.933760967416855,-20.80103545016618,-22.742667367923907,-30.310475389620276,-20.840271852142674,-22.631465591064718,-44.776290797397266,-59.336316078554425,-21.21732496570587,-20.848986647252712,-20.968231163935954,-20.975802347889044,-21.194367747335367,-31.168298857830358,-21.01167545013169,-20.90689142133533,-20.793927323515174,-21.78388581639078,-24.113150277480248,-29.477805495559686,-59.42515404420535,-230.07369575968295,-94.02417478205052,-22.133710658942384,-29.36398969949126,-23.62631880613293,-21.655719382436885,-20.84339146620794,-20.802651410498573
-20.578058303556258,-20.70658628370835,-20.57799790673968,-22.462848550813046,-30.162658688504195,-20.620381084272225,-22.405515358966635,-44.80356185558357,-60.389812386939575,-21.018464816080087,-20.622695558157062,-20.750828782955868,-20.750583676901712,-20.988781230399738,-31.295559265167025,-20.783016117891016,-20.677284723770867,-20.566252097016623,-21.582109637610554,-23.961585057048545,-29.209164829620143,-60.98719384741321,-230.39909647657635,-96.15886463724546,-21.952645170834007,-29.216384081729373,-23.39936628797815,-21.458693274452443,-20.621835844182115,-20.580043195835213
-20.52235771778856,-20.653301473883914,-20.52041902942488,-22.44002686110768,-30.151427433345376,-20.56299235261131,-22.372075476392098,-44.77904558189461,-60.389041742768995,-20.960399557474595,-20.569021135409987,-20.69580856124825,-20.69912092069117,-20.9371884978073,-31.263529212972003,-20.735934201318134,-20.625555486595154,-20.511365728610127,-21.53334670928985,-23.925115054959573,-29.247308879719704,-60.88237024480408,-231.5334084108914,-96.06464072702457,-21.905805130954384,-29.238961934134508,-23.376752557977326,-21.40711464399039,-20.565456882775642,-20.52248857436687
-20.675478853662614,-20.80798926329257,-20.672970659936613,-22.626001984672257,-30.250515419446973,-20.713438078826396,-22.523552316369887,-44.76700902837769,-59.69398807888001,-21.097096864640346,-20.7231983594851,-20.844269261055167,-20.85226634775824,-21.07736693255587,-31.18171152820502,-20.89071756124325,-20.781632535497028,-20.666582119252283,-21.67067281884441,-24.028234128909457,-29.41798987632253,-59.86458394316285,-231.20434798645502,-94.67765697500991,-22.029134663111595,-29.33148617552272,-23.52735527089927,-21.541713800919112,-20.71686284898279,-20.674756128485704
-20.537960437597434,-20.66594659510616,-20.53818356931712,-22.413004518845124,-30.14534278581587,-20.581124332609917,-22.36537211903004,-44.825555400273856,-60.59142184408144,-20.9832497181714,-20.582299498719873,-20.711939974199254,-20.710247274150547,-20.95204208270789,-31.320431242825386,-20.74195925940105,-20.636200162070345,-20.525530868612364,-21.546040845988916,-23.936857118215812,-29.16086031090464,-61.28415476576485,-230.57115428421164,-96.57684996112212,-21.920225291986725,-29.188608592269347,-23.35851814104232,-21.4235447084753,-20.582265630925505,-20.54030678813878
-20.95359329006213,-21.07821683794044,-20.95751221522505,-22.800698470673677,-30.31469290345823,-20.996222101765163,-22.71994245581395,-44.81227612783579,-59.33362580987169,-21.374714477743137,-20.994264387835393,-21.117733008201647,-21.115187120411964,-21.334100145527447,-31.257220346289884,-21.138760570447555,-21.046986752521445,-20.942879140196293,-21.916293705464255,-24.204779080452443,-29.37008682877051,-59.70616916551806,-226.6772373746735,-94.25316271346495,-22.261077831838936,-29.306286574429713,-23.686517472510346,-21.795840952655315,-20.99650036028346,-20.95904851052848
-20.71520097807439,-20.8379974676313,-20.71984108171729,-22.527060697490846,-30.212433026116067,-20.761505141288318,-22.49090235523819,-44.90818212837709,-60.36262069039588,-21.160543089368314,-20.75520543888608,-20.88584676081531,-20.87731277830634,-21.114642744467393,-31.362739300621634,-20.898876755083542,-20.80512185353022,-20.701551144486032,-21.701509062994255,-24.05363515101298,-29.1291940168286,-61.17969243874946,-228.03421357936446,-96.37354816541831,-22.06571651614833,-29.164995789294927,-23.45809307009231,-21.584759218813364,-20.760579041053173,-20.721801154172354
-20.609852564093618,-20.73876015178453,-20.609610031198613,-22.50178858710179,-30.17812387006844,-20.65155788325151,-22.4370974060525,-44.79042730731027,-60.23654127050362,-21.04658306353286,-20.654705269856603,-20.781671895796954,-20.782488411547156,-21.0179221738438,-31.277190903271403,-20.815396919602968,-20.70978123871366,-20.59851302506486,-21.610689337250747,-23.981733631055086,-29.24598219994022,-60.76240910238216,-230.27451592434073,-95.84429834397619,-21.97836270711347,-29.237280868610206,-23.431233864152183,-21.486616871008582,-20.653238254866167,-20.611594942172864
-21.016417587828354,-21.142908351541834,-21.019171011967508,-22.893812723541316,-30.36836868235789,-21.05687100880829,-22.79110911244609,-44.79706354707038,-58.97159499846279,-21.427909225712845,-21.05853521033221,-21.178393990961343,-21.179876754037053,-21.392033093406912,-31.206178260164336,-21.206337380852183,-21.113106428132813,-21.00718809592094,-21.973723614501974,-24.249965583484915,-29.48004219867029,-59.134399466728475,-226.9658063856762,-93.47446711330224,-22.31212632446436,-29.367869447062922,-23.76166377922457,-21.8505947201941,-21.058101897152213,-21.020565804901025
-20.793519816247628,-20.91636309639486,-20.79833470372363,-22.609091280668146,-30.23944220229245,-20.83910259444363,-22.562046193120892,-44.880259076247484,-60.061699239048,-21.2322331570318,-20.833276304012465,-20.9621648382602,-20.954635660693732,-21.186615918882513,-31.336803439275755,-20.9758763824025,-20.883640532864124,-20.780551680386274,-21.771664664700737,-24.10190546621391,-29.190225609520965,-60.768888606932435,-227.38649809054527,-95.77281917341095,-22.129856009002744,-29.201129118700717,-23.527157102836874,-21.654382976203234,-20.838320180648072,-20.800166813552156
-21.422348641744875,-21.545010968975006,-21.42928002879257,-23.265102210733353,-30.577619678331345,-21.46292698898913,-23.13654699736847,-44.89343279473542,-57.9040222839884,-21.813512739830962,-21.46070947160416,-21.574991014180476,-21.57442319179537,-21.765904571099355,-31.181245210873712,-21.591729813492403,-21.513516017373203,-21.414518766368246,-22.33669932807304,-24.524461185098556,-29.675937929392116,-57.81687276886542,-223.7086864995584,-91.54091495212339,-22.647362762685336,-29.48036050869488,-24.078869957369598,-22.216071965847767,-21.463042329928957,-21.430093109669247
-20.11731178611842,-20.253310689330135,-20.110761514683063,-22.090035938850118,-30.010451938128597,-20.156985920617945,-22.040715458307783,-44.81760974518865,-61.5047028007383,-20.57407648358576,-20.168881744154035,-20.299749594119977,-20.30676310424865,-20.564064357886455,-31.298523275999187,-20.354012143030797,-20.2282746617899,-20.10563119818071,-21.173964568225138,-23.66523070950596,-29.1135745656794,-62.1707538688689,-236.21802288579934,-98.050140047428,-21.57293488074193,-29.169980820505742,-23.07899264243082,-21.043220757349,-20.16106288875033,-20.11331925560919
-19.992271854539425,-20.12911982843467,-19.984807080804696,-21.97093004606437,-29.967805737279825,-20.032322422794284,-21.93365769792769,-44.84996930761467,-61.933181141534575,-20.45721788688718,-20.04481413577998,-20.177794697654797,-20.184631891867404,-20.449302460763985,-31.32994624725931,-20.233911307775163,-20.104430552018,-19.979988425820487,-21.06311526163592,-23.587155122039434,-29.04930287418768,-62.71240926341054,-237.5164001113009,-98.84852511736224,-21.471295471352917,-29.13658266089127,-22.979796681279097,-20.931890420614664,-20.036564687590946,-19.98753462180105
-20.018337752940347,-20.155141618112904,-20.010974921784598,-21.99785783226946,-29.976877907992154,-20.05818748818331,-21.95690493618605,-44.840718708163564,-61.829482963546155,-20.481138342960612,-20.07077664508488,-20.203160125333245,-20.210273022124262,-20.473137720216457,-31.319867515287044,-20.25933903692413,-20.130472271808138,-20.006253573074275,-21.086228071371043,-23.603075524243714,-29.067281691608414,-62.5738130605984,-237.282166286403,-98.65005450647936,-21.492291880036888,-29.146135274738008,-23.00190948944979,-20.954927156531966,-20.062456273372852,-20.013662616989322
-20.243286293305502,-20.38237828892366,-20.235198633892647,-22.2740597405204,-30.105195628604253,-20.279135280784697,-22.17827146988261,-44.79485869716104,-60.72042734967437,-20.68040352505203,-20.297151650265292,-20.42087567719193,-20.435046773725247,-20.67747174275883,-31.175904371652585,-20.486217444779992,-20.35968087155376,-20.23432919837733,-21.286240326222615,-23.746295158690913,-29.31721266475737,-60.95750931582943,-236.60383577859014,-96.4780942261887,-21.670189684202484,-29.277675410594135,-23.22180629932162,-21.150964133637245,-20.284813525859384,-20.237458820084054
-19.692408520380482,-19.838342073112504,-19.678536562015076,-21.802642194273687,-29.92213886865764,-19.727117144426856,-21.72894026708084,-44.90494998825587,-62.242994127620065,-20.15433134014174,-19.752735780956883,-19.881923740388157,-19.900828568850184,-20.168126985561216,-31.222351226527195,-19.965149704337257,-19.81928562285287,-19.682575701400857,-20.797241363305215,-23.389621541949136,-29.150525747060687,-62.68170945345601,-243.3565710647303,-99.2298246639069,-21.215607401402835,-29.197830749996413,-22.819711118914046,-20.65558535383003,-19.734907446755905,-19.68140507229764
-20.168607604300597,-20.305004427987324,-20.16194790361414,-22.15070460456122,-30.034282801001645,-20.207463983397783,-22.090119381418248,-44.799887619096026,-61.2601412449381,-20.619790837589644,-20.22037240072675,-20.349474788267443,-20.357878654450314,-20.61076877752836,-31.268466310996516,-20.405459023194453,-20.280342442492806,-20.157577552414903,-21.219601462268777,-23.696952520806562,-29.166032909695954,-61.819908147035235,-235.95964764987048,-97.56798605658864,-21.613781297763563,-29.198252983962462,-23.12785066979611,-21.088089675958287,-20.21181058339494,-20.164411987309503
-20.680454544835783,-20.80377049637838,-20.684597377103792,-22.49776392339497,-30.199533576588287,-20.72659342152803,-22.462914496772566,-44.90456765836946,-60.451497006999546,-21.127241015071597,-20.720950491163862,-20.851884000578917,-20.843829311099906,-21.082802888514827,-31.364470278344605,-20.866516720977472,-20.77117561805272,-20.666780702237272,-21.67076141973155,-24.03155007561934,-29.119121793143496,-61.280600447829094,-228.42208452856502,-96.52339960337915,-22.037335727068662,-29.159618152794348,-23.433199222563044,-21.553542936605123,-20.72584677362842,-20.686602530534255
-20.60751123833821,-20.737673812968882,-20.60637310237936,-22.517989635987814,-30.18563386610405,-20.648112417159656,-22.443983207467802,-44.774986700061774,-60.137341402963344,-21.0408956656878,-20.653369137433874,-20.778979096576943,-20.78197842712707,-21.01554941672253,-31.251931764823475,-20.817014545953107,-20.709557198064605,-20.59681520435515,-21.609114951710893,-23.98028811539792,-29.286089537426673,-60.57336133685962,-230.6908577674986,-95.60442340403353,-21.975686131920806,-29.260049017426013,-23.44269932329297,-21.483451127040308,-20.65036138810813,-20.60832895544194
-20.761721436006063,-20.891761462825556,-20.761153546115374,-22.678770800968586,-30.265501827775907,-20.801134361900896,-22.583979544475607,-44.76897857334305,-59.58593761924993,-21.183325254856385,-20.80721397246159,-20.929163918976673,-20.93385047259321,-21.15729186213767,-31.207130713255996,-20.967788817207353,-20.863875848148982,-20.75223812474553,-21.746999378200922,-24.08266422485008,-29.400564975885572,-59.82575483782292,-229.70342323401906,-94.54253150796802,-22.101582171668397,-29.322833796622305,-23.576262002498087,-21.62072248751262,-20.803577673303536,-20.762868671338875
-20.419497000711853,-20.55277325958158,-20.41565482189063,-22.367195865707572,-30.122160772475816,-20.4589377791152,-22.295398467367257,-44.774071090574594,-60.57265508661215,-20.859189596069324,-20.468247378416965,-20.59483291686097,-20.600965886527295,-20.842078046797354,-31.2479028629968,-20.642170002642615,-20.52643896284357,-20.408889573734943,-21.44230477100342,-23.858598766582276,-29.24821676358271,-61.02865197657798,-233.04902090449997,-96.34113626791004,-21.820232148144797,-29.240428104570505,-23.312246145488466,-21.31359707940468,-20.46229271282165,-20.417820571574158
-20.740841518643453,-20.873343889896926,-20.73856514235591,-22.69508784356521,-30.290901730747727,-20.77827561644674,-22.583465289567798,-44.77497515145642,-59.4639043602317,-21.157517145007457,-20.78849105127982,-20.90789228629812,-20.916680407579992,-21.137454815148324,-31.162843807628583,-20.95470493137012,-20.847111670714497,-20.73247542414373,-21.729146670704424,-24.073174901809082,-29.468190632484557,-59.550341357283756,-230.87854621899294,-94.23896299521202,-22.08244168297047,-29.358193302867214,-23.584401192872296,-21.59988683728586,-20.781800049430693,-20.74024821028939
-20.354962833373214,-20.490863442036048,-20.34920544752939,-22.340410664090683,-30.11873028650784,-20.392637697437024,-22.256039197096246,-44.77366971935133,-60.583063722022516,-20.792303206721545,-20.40598470102878,-20.530962604042756,-20.540921069283076,-20.78172615864647,-31.21107053895706,-20.586629408291884,-20.466212065247014,-20.345222093911577,-21.385348739258298,-23.817410524805855,-29.289817935713014,-60.922178732643175,-234.49712021017294,-96.28672644862729,-21.76498865451676,-29.26329156023534,-23.284425481994436,-21.253605227876363,-20.3970726007224,-20.351393525138796
-20.924885184509403,-21.052050872415105,-20.92685693171047,-22.80744779377023,-30.32309112922885,-20.965490624998562,-22.712132960010482,-44.78659005663074,-59.23690326062668,-21.34156594072451,-20.96770590868383,-21.089026998232434,-21.090610812363344,-21.307741151769136,-31.217603679438312,-21.118767052319406,-21.02251683420455,-20.91524950788632,-21.891930727876282,-24.188687546039382,-29.430993143596773,-59.470183686042155,-227.70116032036714,-93.96497878301744,-22.236759425629995,-29.34033283243792,-23.688479628342,-21.768435266918043,-20.966884668492547,-20.928382836187645
-20.913916924101468,-21.03546724323659,-20.920076962188123,-22.717244304212883,-30.286061294782392,-20.95963305974116,-22.66256810944708,-44.88435307043261,-59.72066342170815,-21.34635264147866,-20.952335484435036,-21.07976441759866,-21.071412567400664,-21.29708010522094,-31.32377786623492,-21.08965507404573,-21.00210250371245,-20.901292672060606,-21.878692351991337,-24.17862792969516,-29.241852690919742,-60.353354761164624,-226.18301884659732,-95.16069790520054,-22.228455719734196,-29.23060882034412,-23.61903901120766,-21.762365126568383,-20.958452607837355,-20.92173992142408
-21.143610242084375,-21.26536943394776,-21.150287523596138,-22.959588346265953,-30.39280185560809,-21.187224835613204,-22.873321148561775,-44.85105341292174,-58.887270380748234,-21.55747803738299,-21.18156901175725,-21.303603151288062,-21.298257984450228,-21.508639458934493,-31.25821674558415,-21.31562532681927,-21.232580396799538,-21.13300580134679,-22.085111053208365,-24.32849016325394,-29.426267991283993,-59.206319456442394,-224.67320245318342,-93.50094674336444,-22.417445704653975,-29.338626945451665,-23.823196389826446,-21.96720420018782,-21.18649161662045,-21.1515732776325
-20.349109882218503,-20.489316428297162,-20.340774903679417,-22.40543873488396,-30.193487182157448,-20.38315866455002,-22.2836914995104,-44.82357058525204,-60.23381397052037,-20.774922876461513,-20.403855985196095,-20.523231611787956,-20.540722301031824,-20.77369459935298,-31.113545367061747,-20.59274290271202,-20.467497559932347,-20.341602003352975,-21.380465402324766,-23.82066317812224,-29.436909646755918,-60.24165267373702,-236.6521438141973,-95.55009240829303,-21.75388898537073,-29.337464952829066,-23.325464167963,-21.243360863164995,-20.38948593718018,-20.34283583832119
-21.093205511434245,-21.22141869813737,-21.095026027039182,-23.00091608645706,-30.446813841918896,-21.13153699755468,-22.87489354245786,-44.81805503451037,-58.58819271358213,-21.494736392836344,-21.136780233331528,-21.252593449571105,-21.258032700888236,-21.46268508806015,-31.15539040188885,-21.286897620731636,-21.192989796655095,-21.085495609848394,-22.04353321339509,-24.308395345252883,-29.597714657389908,-58.53558200041179,-227.37294389167937,-92.68064040621833,-22.374283320225516,-29.431200240828417,-23.847568702577405,-21.917851177506048,-21.133674270688047,-21.096258609381405
-19.97140117839396,-20.109608083261477,-19.96299188606319,-21.970412862771553,-29.966003953213374,-20.010412686540292,-21.924521976963042,-44.84014453948117,-61.881051478083805,-20.433824142875427,-20.02503377702326,-20.156917978185497,-20.16589195403944,-20.429372929028705,-31.304618283015664,-20.217398280951457,-20.085820831751683,-19.95968667559733,-21.044748291925583,-23.571879142981782,-29.08122508117934,-62.57707199692531,-238.12207041224013,-98.70609851413975,-21.4526859841089,-29.155191791067548,-22.9765465891471,-20.9118357225756,-20.01523630554145,-19.96570613740052
-20.751095661133906,-20.878204713492465,-20.752569706977564,-22.62392200515944,-30.23227192842257,-20.79320472353658,-22.552894420521,-44.79476802795155,-59.8640936077086,-21.181478461148583,-20.794199750172375,-20.919773565280003,-20.91916251155447,-21.14787178669006,-31.26869713166109,-20.948209292934045,-20.8482689640709,-20.739989295492858,-21.736177717130378,-24.073065171528803,-29.2948088032514,-60.329972851559816,-228.74889025952038,-95.18880752076453,-22.094503824639087,-29.264009531239452,-23.535492825573193,-21.613660352522405,-20.794294507585676,-20.75437427643723
-20.79643580622662,-20.924356733307878,-20.7974612400239,-22.683451934851956,-30.26094926175785,-20.837436954863907,-22.600114186790368,-44.7807069021768,-59.63269055244836,-21.22103257332345,-20.84010135345804,-20.96368486449547,-20.96505256586196,-21.189509876467035,-31.239197173398587,-20.995239389669266,-20.895073965723192,-20.786130652399038,-21.77717212858492,-24.10336242128992,-29.356505966118412,-59.9801300691391,-228.71620147972726,-94.70613109529077,-22.131231340317782,-29.298759867288865,-23.583919248382788,-21.653389391444428,-20.83897038668863,-20.799174043401305
-20.55631120206956,-20.686430966997463,-20.555050011658064,-22.463420393514276,-30.161323104668252,-20.59739083122836,-22.397044995260522,-44.78316363055414,-60.33293305261033,-20.99394726101905,-20.602244309391065,-20.729145617097892,-20.731430131409553,-20.968546018232743,-31.26963197274177,-20.766680688503136,-20.658182469897167,-20.545165535624044,-21.56335651944808,-23.94708765412132,-29.245523998430855,-60.841787485287014,-231.02883059866576,-95.98570401113425,-21.934015540562,-29.2376032445582,-23.3975100752415,-21.43800737939265,-20.599535904377426,-20.557088101300046
-20.83979872141638,-20.96642625989092,-20.841891080044697,-22.710073773357017,-30.27211575955428,-20.881589336595322,-22.630363102182393,-44.792260729936956,-59.581090420267316,-21.264478710126397,-20.882325018925048,-21.006315262944923,-21.00593034722984,-21.229458711585814,-31.251686742263573,-21.03365019912017,-20.936339262853224,-20.82917867001829,-21.815376890888942,-24.131031187914793,-29.347323515347647,-59.96338135752896,-228.01702926555203,-94.65525559183837,-22.167262560121305,-29.29353440541219,-23.608066872789244,-21.693002523836654,-20.88260187630061,-20.843565315434585
-20.382642889959747,-20.514353046642903,-20.379763734347293,-22.30433839942833,-30.095394368610766,-20.423811472722406,-22.250604047583167,-44.79944554352993,-60.85731590258399,-20.82996899735846,-20.430236440949077,-20.559542621636012,-20.562432632055234,-20.808825582042555,-31.295893287493787,-20.601286216539542,-20.486862767457886,-20.370887937793476,-21.40898394910256,-23.835754362167265,-29.166983500543395,-61.48595032178466,-232.8023769629622,-96.94571413837329,-21.791734882651618,-29.1951677501202,-23.26319114432717,-21.282477931538388,-20.426391059735934,-20.382032998939827
-20.826361003511785,-20.955785276593147,-20.826428200411048,-22.737589657227574,-30.29467934413658,-20.86578306725466,-22.63860990612885,-44.77331116193605,-59.406054843306904,-21.244642167177417,-20.871241238930963,-20.992321122285347,-20.996706843228235,-21.216852462657766,-31.20095174670887,-21.029241800537648,-20.927608502581702,-20.817088339280595,-21.804641400878058,-24.125532325692703,-29.429858565809077,-59.60624722129192,-229.1062034171235,-94.21545935703915,-22.15483961331852,-29.3390025209713,-23.626269612994747,-21.678815858401837,-20.868049714041305,-20.828056559948706
-19.872154595271603,-20.015444171642432,-19.860363026713717,-21.94922754075035,-29.972385749765103,-19.90756163618281,-21.872130776084006,-44.855539233453996,-61.77513081445025,-20.327111468114083,-19.93003739985372,-20.057980492699766,-20.074660162788646,-20.334698116034957,-31.21519734440406,-20.134196706108856,-19.994930064620974,-19.862385537278247,-20.95666508021836,-23.505182683677713,-29.188315997525713,-62.18265575268066,-240.89081708300054,-98.39099890155703,-21.36453493924873,-29.214345500050975,-22.945996567421197,-20.817637873328668,-19.91449070514091,-19.863052053772563
-20.12911990865583,-20.27654850202912,-20.116269677749365,-22.29558788432642,-30.237990049646378,-20.159132656471428,-22.13878783627117,-44.99641040973225,-60.43955321047109,-20.552456365165263,-20.19039102899331,-20.30538342627746,-20.33260391506912,-20.565751791713385,-31.015411215135025,-20.39547759386185,-20.258700098152914,-20.123592439710738,-21.183819040400994,-23.68961223141589,-29.528766075175533,-60.165431059102005,-242.06992190971155,-95.90842895929745,-21.56212420415319,-29.37556298359341,-23.21077974851984,-21.03872949468324,-20.16816153902377,-20.11842025009261
-20.096695827178166,-20.240340606025438,-20.08553218495714,-22.19516277529886,-30.10724593446775,-20.129926417385278,-22.079457877184332,-44.860220676781765,-60.868824284693346,-20.532486059020172,-20.154623862969366,-20.27601187750654,-20.29630034391905,-20.539652209798685,-31.11822522763211,-20.35476429415391,-20.220345807810116,-20.088960312397187,-21.155713635669088,-23.654802690830827,-29.36914142831602,-60.935345207387826,-239.7791432843281,-96.69716607194573,-21.543979109689545,-29.302767351605524,-23.143545949696758,-21.01536148984103,-20.13735706371437,-20.0878637119159
-20.105830789239345,-20.250331180539103,-20.094264210280787,-22.219729587667956,-30.134112544229204,-20.13829486641814,-22.094473966842802,-44.883704941239984,-60.76098811918185,-20.538561185849254,-20.164501446901646,-20.284420330559904,-20.30631871411917,-20.547241126244383,-31.093949273675833,-20.365822008378792,-20.230858348572937,-20.098617162516476,-21.163701792270565,-23.66315326126361,-29.40668392505441,-60.74638676410516,-240.2401048131476,-96.49299202679452,-21.549613960967797,-29.32049898550625,-23.160441956610622,-21.022262588664262,-20.146099666502078,-20.096552062697963
-20.287511747818947,-20.433743173029637,-20.275922941236452,-22.443281033608187,-30.326460547558153,-20.31728728859162,-22.274683410840414,-45.01419151149618,-59.981950065397086,-20.70246582208499,-20.34772065100002,-20.460047958119493,-20.487165477687615,-20.712158234451625,-30.99393396095848,-20.54729408816364,-20.41530980120387,-20.282603935032252,-21.325017055730044,-23.79927417008142,-29.60422528041631,-59.60643307515158,-240.77221887941838,-95.07462166453948,-21.69253479558475,-29.41178672892729,-23.334782933784858,-21.180777455778763,-20.32602790931777,-20.27787712874831
-20.57625719549204,-20.71679590847934,-20.568682270517044,-22.6527732408736,-30.372576351693553,-20.60830690257355,-22.495129618322984,-44.910631594175456,-59.42006155696704,-20.984588724239785,-20.631280918862796,-20.743970009773957,-20.764839000974142,-20.981982027024067,-31.03797946875889,-20.81557547836365,-20.695442460125093,-20.5707239307393,-21.583126788488155,-23.983906115848452,-29.62157642730287,-59.11837397269572,-236.0638717035832,-94.04346513178055,-21.937460515482428,-29.4279896227222,-23.5259224394623,-21.444648717283133,-20.615092846513697,-20.57038439894703
-19.88000337223981,-20.017480114473642,-19.87181630745192,-21.861837883462886,-29.932576622381337,-19.92053246836943,-21.836780627146197,-44.88783945768967,-62.34142943024555,-20.35290733932377,-19.93333689674948,-20.06837319045579,-20.07478839903625,-20.34644327163666,-31.363862165866706,-20.12566922250086,-19.993008911450197,-19.867098031632306,-20.963706231226155,-23.518487698135157,-28.987387682445053,-63.23617387919343,-238.69058302960713,-99.61553167003508,-21.380436332018043,-29.104351524583514,-22.88942814688584,-20.83223867865658,-19.924857818167435,-19.87470099779765
-21.103663939270795,-21.22933612521385,-21.10729596839699,-22.97357175097528,-30.410826009661882,-21.144132644699425,-22.865192941331095,-44.81135918273073,-58.73576173132559,-21.5107080380739,-21.144967987792608,-21.263633652565876,-21.264700316559416,-21.472390395505766,-31.19940875370085,-21.28923068060488,-21.199162030333472,-21.094732501622026,-22.05165145786982,-24.308405468755684,-29.521434016017373,-58.84407486220269,-226.22306816527748,-93.04627013113861,-22.384096918620912,-29.39135969493858,-23.829664120870397,-21.929080083998358,-21.145126975137632,-21.10856846615146
-20.81107147437535,-20.937603651421224,-20.81314646605081,-22.678534409440765,-30.25719867892694,-20.853189017607697,-22.603460658013816,-44.79603577386392,-59.69259773458943,-21.238267901632828,-20.853581877092324,-20.978360517645246,-20.977462240914196,-21.203036428077205,-31.261914801289237,-21.00517697677415,-20.90739217978236,-20.80016305112523,-21.78958889803673,-24.11205181778102,-29.322040586833978,-60.11963523444197,-228.17264847309383,-94.87694004252623,-22.143775411119552,-29.27924613647356,-23.581860455122406,-21.66748692075306,-20.85411200720004,-20.814868823851842
-20.507596385737585,-20.637788591234244,-20.506141948662872,-22.413224605418918,-30.14026664154902,-20.549034208000627,-22.353267082788026,-44.791931971114096,-60.51166640740292,-20.949006282589394,-20.553700867090605,-20.681693934804773,-20.683494554119633,-20.923820139284427,-31.284603750809282,-20.71913434126189,-20.609494194633704,-20.496081429686544,-21.519888310272133,-23.915874321947953,-29.21083130683231,-61.0820347869756,-231.4040166690046,-96.33065564740511,-21.894327349381445,-29.218382917280078,-23.355760096211448,-21.394697290159463,-20.551131400642795,-20.5082553506223
-20.973897680858492,-21.10247773310472,-20.975044254779643,-22.880460427874603,-30.372837113547263,-21.012860583981773,-22.767747744664476,-44.79115132687721,-58.96056152510119,-21.38325772864393,-21.01788219597225,-21.136283317738176,-21.14095337124725,-21.352755718427794,-31.17777840797551,-21.171186758595542,-21.074034377261007,-20.96539890761287,-21.93656606073736,-24.225398982303695,-29.516366432009132,-59.031761170015706,-228.0284894587184,-93.3842375133553,-22.276181899096933,-29.386657876713354,-23.746642758134605,-21.811049537029188,-21.014977144032194,-20.976458804072937
-20.701390714162407,-20.829499346139027,-20.701992262906085,-22.586273093827174,-30.21526153376191,-20.74302745605395,-22.514737960104966,-44.7871614040709,-59.963632067274844,-21.132985644181943,-20.745401238041005,-20.871062699830535,-20.871601978099847,-21.102113456742995,-31.264189256396826,-20.902643326212775,-20.800152012035884,-20.690394194717143,-21.692180879238848,-24.04093631537909,-29.289585132449986,-60.42410239496323,-229.3921776755514,-95.34335859674411,-22.053459094167344,-29.261384345444256,-23.50270382314094,-21.568651807212127,-20.74449289412101,-20.70385173884084
-20.403952521007056,-20.535977703971447,-20.40091577708287,-22.331559496515627,-30.105867419469504,-20.44464901603993,-22.272195194007,-44.78955273017837,-60.745521194044,-20.848573052063525,-20.451738930673496,-20.58017177408221,-20.583891337310718,-20.82826227432017,-31.28120219086106,-20.623148403772646,-20.508746713433943,-20.392545609839598,-21.428081129260168,-23.848967991757295,-29.193788144254917,-61.31996934600182,-232.73680476155266,-96.71723357011037,-21.808762621290704,-29.21014756173431,-23.285168064296414,-21.30105774523352,-20.44740837832691,-20.403142263332384
-20.49416231163382,-20.631747530306587,-20.487868158570045,-22.515847801002117,-30.231278073465504,-20.529243472488176,-22.39628938108004,-44.79914190733032,-59.9285753535491,-20.916008734858824,-20.546495580944637,-20.66560643363977,-20.680313006704367,-20.90850064782684,-31.126981624346094,-20.727623186064168,-20.608464403331496,-20.486451837501082,-21.509676224229494,-23.914636561187933,-29.454922199751802,-59.951173848885475,-234.5654477319697,-95.01466185243551,-21.87552262467082,-29.348127344537268,-23.423567930199297,-21.375207677688188,-20.534646603576373,-20.489788355819005
-21.109573559517305,-21.235008052522076,-21.113396688967775,-22.976285460750148,-30.411201401789285,-21.150204071965,-22.86885194346582,-44.812872922926786,-58.733159933046835,-21.516772202043963,-21.150664386701184,-21.269463234110027,-21.27017951773004,-21.477824521060416,-31.202256121717785,-21.2942645655573,-21.204681835766518,-21.10056869576856,-22.056830070690317,-24.31193459357338,-29.518262450390615,-58.8501663866754,-226.10192592052553,-93.04974418609666,-22.389032412762624,-29.389733998756846,-23.832330192002637,-21.934523177303596,-21.151098951052123,-21.114664728507435
-21.687776702103047,-21.806855568453603,-21.69836483335284,-23.493243630763928,-30.710833708678386,-21.729424069303327,-23.355434612558845,-44.995297012407065,-57.30828069205836,-22.068396821023367,-21.72274663326524,-21.834568747933492,-21.83064528564033,-22.009919439626824,-31.189226359536086,-21.83981832908097,-21.77357938825131,-21.680365839560178,-22.57375776907871,-24.702758386054654,-29.775367027591344,-57.12500399746576,-221.40694987946125,-90.51716035248322,-22.866860080621333,-29.540936794313673,-24.276372926607394,-22.455909513711426,-21.72830610827979,-21.6987931664934
-21.567672381608755,-21.68749325503796,-21.57725496949605,-23.377272259787233,-30.63414382715898,-21.60960739909289,-23.249592116117036,-44.94463253445642,-57.63075352775647,-21.955051323971986,-21.603375613519148,-21.717349474680354,-21.71339656504839,-21.899277644660074,-31.198828259894594,-21.724698274625027,-21.6543927655235,-21.559622249276106,-22.465810833802475,-24.618556733315085,-29.701471630381945,-57.54620088775606,-222.0572970824812,-91.11719572687302,-22.767493597878445,-29.497964894767435,-24.177529689021107,-22.347818347864482,-21.60864176173931,-21.577874608205796
-21.271787248482113,-21.381579028771277,-21.288714031401245,-22.9465246454124,-30.46532690841109,-21.324942086121307,-22.9125895287413,-45.2232226047622,-59.31604381584452,-21.705623878684854,-21.300889786951828,-21.429856810755293,-21.405639556587772,-21.620682210430044,-31.408481941558122,-21.399442858355027,-21.341702057842756,-21.256347662301923,-22.189723409516986,-24.413284700354062,-29.169891328625567,-60.19098494068208,-221.82827112580898,-95.03931074878676,-22.51514048380346,-29.174879834097,-23.812052595931934,-22.086150651638572,-21.31907543722012,-21.289953523076786
-21.102909941906272,-21.217357379702772,-21.115379501531375,-22.825075919018992,-30.377479031117332,-21.153370190701395,-22.788143534760543,-45.07679604497325,-59.58421020936645,-21.538739574838814,-21.13572171907549,-21.26494766102952,-21.24666147965959,-21.46819872159913,-31.386720125897163,-21.250496842515673,-21.179892251803693,-21.088306853861027,-22.042499612311715,-24.30355167350958,-29.172806963487876,-60.41411630308123,-223.6171391820423,-95.28713488118251,-22.380345424068864,-29.182205863758867,-23.710945016935934,-21.93411334702169,-21.14930070347313,-21.116849107420023
-20.47404782832142,-20.603931343095134,-20.472717585546974,-22.373384211881287,-30.125075438122398,-20.516058518552384,-22.320627723747137,-44.805466774825334,-60.66840006949586,-20.9191313046394,-20.519999955583724,-20.649132462252584,-20.649966803243643,-20.893107315188843,-31.302877567310922,-20.68526723454055,-20.57535955957427,-20.46208686162405,-21.48982510311358,-23.89488122223223,-29.175037996854314,-61.30858238154654,-231.57022961396197,-96.64827716970558,-21.867243826766618,-29.198198029338606,-23.323155281914488,-21.36520971731791,-20.517958721834574,-20.474892659814667
-20.673954523815553,-20.805681155431426,-20.671958336884373,-22.612097300733215,-30.237977369246252,-20.71261136362059,-22.516237439772183,-44.764823209391736,-59.763238937844534,-21.097799221718343,-20.721001891198867,-20.843093232449704,-20.849683820209766,-21.076205629882168,-31.198551148388542,-20.88689453692882,-20.778781951262612,-20.664633390370824,-21.669068747657732,-24.02587053846246,-29.390033279683244,-59.99413650000191,-230.87550089627968,-94.8320822531499,-22.028615742124906,-29.31674008614821,-23.51760492063865,-21.541100559331504,-20.715679337541577,-20.673767530183923
-20.797385785845893,-20.927079295205957,-20.797172400934745,-22.711117940308412,-30.28142414386949,-20.836809342938388,-22.614064393871107,-44.77116558273107,-59.48699384484377,-21.21717134966499,-20.842534426025043,-20.96401260847588,-20.96852192876791,-21.19015453055149,-31.20380307421452,-21.001675762343456,-20.89902809132103,-20.788015088483178,-21.778796646865707,-24.106284045049662,-29.41647159168737,-59.70541008769793,-229.36972599352188,-94.36287462392254,-22.13096719703643,-29.331604691646447,-23.60377294860407,-21.652777924137567,-20.839152181720415,-20.79883990340373
-20.666946005190166,-20.799856601086617,-20.664148522964243,-22.623296920956093,-30.251813538344067,-20.70462717466177,-22.518771597497768,-44.76831651964659,-59.692026718532965,-21.08814597700672,-20.715022005025,-20.835802376377764,-20.844402309166668,-21.06939048554514,-31.175849705098514,-20.883537420209432,-20.773757124146563,-20.65818943978212,-21.663155889974323,-24.023168386242016,-29.425140927218607,-59.84394366450836,-231.42752246825802,-94.66346624263973,-22.021785902204424,-29.33513454330368,-23.524194266044958,-21.533736001526822,-20.708218788944595,-20.66593635263892
-20.392124363711208,-20.52203530871657,-20.390548806606258,-22.28773246464369,-30.094240358483077,-20.434838886883732,-22.246601393971904,-44.830677192948905,-60.986501628091716,-20.84401983243889,-20.43833106212102,-20.56936603315169,-20.569210197266838,-20.817986636267637,-31.331919315141278,-20.60499156671749,-20.493327789751813,-20.37948635056271,-21.41677120568912,-23.84394215351706,-29.113941378764988,-61.73971451932782,-232.23969298209906,-97.2690574608703,-21.800680801633508,-29.163917359004646,-23.25201418862651,-21.29256444848341,-20.43661328059415,-20.392853687840805
-21.372258520776043,-21.494046190417425,-21.379663192631853,-23.199721766155466,-30.528995408311125,-21.41400292630427,-23.083645834837885,-44.878592114262894,-58.121968816343895,-21.769064051146096,-21.409877028464702,-21.526425988597495,-21.523740708368575,-21.719493331474773,-31.2057068570744,-21.539812570240265,-21.461807142269965,-21.36356864193355,-22.29095352999552,-24.48588555701327,-29.607617117988752,-58.15209370734476,-223.53939603777766,-91.99816478180053,-22.606055164286627,-29.44265828905518,-24.025281600533646,-22.171707206261623,-21.413636966348104,-21.380574524134005
-21.204175438725514,-21.3281893390976,-21.209351813658923,-23.05504907584903,-30.451107264350867,-21.245297633322043,-22.94531032225499,-44.833571183183196,-58.5187570459216,-21.607892545701684,-21.243922572759438,-21.36204420165342,-21.36135628383669,-21.564888941911462,-31.20500593390821,-21.382397666597722,-21.297093678621398,-21.19522430677983,-22.141059931803948,-24.37419643759388,-29.546312778737633,-58.612299474570065,-225.11450431837866,-92.68549686256142,-22.467231878613838,-29.40634877051177,-23.900534512044437,-22.020005026823373,-21.245690552099877,-21.210496019476057
-21.375126822773435,-21.492133503582025,-21.386284686631825,-23.13766935255159,-30.486724468711074,-21.421089147849813,-23.052017877978635,-44.94466246608327,-58.44063894477202,-21.78315158844261,-21.408775969485372,-21.53020566406819,-21.519199962946765,-21.72038810836949,-31.280353405824357,-21.526419861779466,-21.456643438396267,-21.364057879092165,-22.289820973638765,-24.477685884331418,-29.460124076805023,-58.76609780509838,-222.04866406450734,-92.84552381615852,-22.607149342047887,-29.358827472440243,-23.977392150606242,-22.176479687059903,-21.41854214672804,-21.387266731923347
-20.8148929731036,-20.94112398347077,-20.817200640042756,-22.67821020702398,-30.257084734357854,-20.85724778230399,-22.60479940040947,-44.80008235557589,-59.70325042498804,-21.242602672074504,-20.857154808703683,-20.98216892831408,-20.98078820803026,-21.206552445989843,-31.266578081439057,-21.0079572564287,-20.910713365147743,-20.80385944215445,-21.792852218479894,-24.114422506497665,-29.315140416456735,-60.146507524320924,-228.05641666062408,-94.91012653069699,-22.146999053935026,-29.275268515767184,-23.58198629945992,-21.67111194796398,-20.858039437641498,-20.818923846432792
-20.61993980242657,-20.751392087993803,-20.617952538252112,-22.55075784723504,-30.204617537389204,-20.659289302711432,-22.464785252410707,-44.76518654015453,-59.982002566811744,-21.048748487075088,-20.666834422728847,-20.790617320595036,-20.796051422149198,-21.026653678194698,-31.22093898355086,-20.833141163778848,-20.724194002709577,-20.610028345576904,-21.620688144436997,-23.989296470228318,-29.339170062579782,-60.30500909512338,-231.07805563786138,-95.2609281396619,-21.984833481767193,-29.289277584406307,-23.46745073374559,-21.493326818005468,-20.662145571896165,-20.619854200013545
-20.8911290407304,-21.021603362243088,-20.890709161371646,-22.82225376367287,-30.351758048875816,-20.92910868771841,-22.706064380262816,-44.78589117257407,-59.100613445009785,-21.301815798185846,-20.93686174374251,-21.05499351457228,-21.062021613006202,-21.276251136311757,-31.162553752192192,-21.095864343421233,-20.994289974025804,-20.882934425773552,-21.86309644316727,-24.172619555615622,-29.515689297660682,-59.14233949348268,-229.2501408734662,-93.59833349483611,-22.20704614578998,-29.38491964146187,-23.694278382902766,-21.735635178609243,-20.931954264487565,-20.892208540910303
-20.57456937179115,-20.708914099733427,-20.570535457654866,-22.548290867407296,-30.21965379858247,-20.611764349133427,-22.445033877609596,-44.76922441590763,-59.90570175174732,-20.99899280484045,-20.623986798995535,-20.74530368587566,-20.75529274192192,-20.983970744802992,-31.17330663680729,-20.79724192764793,-20.683614017540503,-20.565810624532197,-21.580952750570603,-23.96278040307843,-29.403530010929206,-60.070702262221836,-232.55818037081605,-95.0350502133963,-21.94505013974794,-29.323168647439555,-23.45895019572028,-21.45016698384115,-20.61585407899319,-20.57242728176115
-20.550359693559802,-20.69335827768515,-20.541468893259818,-22.66707199679331,-30.436351428325256,-20.580704236139773,-22.490940856744672,-45.004572896105785,-59.334621187732374,-20.95465991187109,-20.60768392868949,-20.717452072236984,-20.742224101311965,-20.956326446090298,-30.991782709581145,-20.79624888426214,-20.673345652540903,-20.545861392209638,-21.5599142978873,-23.977038145639018,-29.68826771807145,-58.885645312417495,-237.84954623303895,-93.88858167340878,-21.911970055146128,-29.45619949908935,-23.528736964786823,-21.41852047343794,-20.58846623232024,-20.54313242408255
-20.781555260908338,-20.897104044230826,-20.792243873320142,-22.50826446704492,-30.28861152046423,-20.83377552244583,-22.506179440875048,-45.1780549456193,-60.71843522078524,-21.241641513302206,-20.81669308498602,-20.951388995128706,-20.93144888193879,-21.173387527965417,-31.46819919052461,-20.939163737510942,-20.860047863847605,-20.764803399588757,-21.755154639165976,-24.111932578658934,-28.961633567996024,-61.91492756013302,-226.75514104843793,-97.51677798754899,-22.116751502974108,-29.051304594809345,-23.440613879514224,-21.647627197486724,-20.82974422391895,-20.794232535204173
-21.27004380489434,-21.38277896896934,-21.284437315186477,-22.977122157601134,-30.443244675638756,-21.320637680473798,-22.928609426565092,-45.09494506366376,-59.10838294449898,-21.696695802656713,-21.300993870248973,-21.42811253934414,-21.40873452837497,-21.621093921669143,-31.367890854693762,-21.40831267550255,-21.344497255394266,-21.25599997728346,-22.19119807181109,-24.40861777790112,-29.251729043888723,-59.8204991497796,-222.05767736398798,-94.42929341938668,-22.516935075401335,-29.22976529809288,-23.84043060648154,-22.08387351420016,-21.316041907461514,-21.285648867122287
-20.788179530006044,-20.90798276711828,-20.795389409462377,-22.564687838413484,-30.24902060223852,-20.83654380904371,-22.537592955929583,-44.985423595947864,-60.336113976522256,-21.235784580472558,-20.825869812943854,-20.95747127759121,-20.944689473326893,-21.18102132738108,-31.39329560208501,-20.96036257519331,-20.873339631744468,-20.773611817257994,-21.7646879137083,-24.103539854272224,-29.09235192379235,-61.253726755520844,-226.96855845064977,-96.48438137838747,-22.12474390372005,-29.139208820162338,-23.49046287553222,-21.651410253410404,-20.834389147544343,-20.797291178861673
-21.046377389314426,-21.166174924149015,-21.054301760061062,-22.832034153102676,-30.33958125268491,-21.092548703110452,-22.771139487403563,-44.90453388531473,-59.37792967485202,-21.47285013941355,-21.083084674385542,-21.209206653716656,-21.19935482541418,-21.418506401941556,-31.316628076714547,-21.213646557329323,-21.131896458804736,-21.033967522698788,-21.9962912401882,-24.263664206316097,-29.289426484310184,-59.95047726701031,-224.8375403198785,-94.5687088315413,-22.33693357565525,-29.257778777259883,-23.716907384844326,-21.881415522839884,-21.090777648271605,-21.05578129009945
-20.68525064873055,-20.815340021982884,-20.684403553423486,-22.59883450882613,-30.224211163822986,-20.72525790667526,-22.514392957483775,-44.76910196010222,-59.85738045441913,-21.112670619422193,-20.730903526595142,-20.854692358386384,-20.858526181391607,-21.08698465025694,-31.22898768038136,-20.892996058934724,-20.787330573115256,-20.675161403235848,-21.678589667084957,-24.03145100789689,-29.34327690872177,-60.194524994342785,-230.16805767379216,-95.0648828428088,-22.03912003657227,-29.29149451374716,-23.50987597336452,-21.552629734798387,-20.72760034899314,-20.686238335275934
-21.147323932231227,-21.26474085854852,-21.157460167242345,-22.906458569024046,-30.381838160571846,-21.194780442433856,-22.84710483922339,-44.95554019507432,-59.19863273547152,-21.571936554562683,-21.181967156947504,-21.307992526523,-21.295193157520856,-21.510564723808983,-31.328641683354967,-21.30446324749296,-21.229109247972072,-21.134559703186756,-22.08508906349835,-24.328725103511278,-29.294815851809723,-59.79003368888803,-223.64871583019465,-94.33787945096883,-22.419090416145224,-29.2596790497011,-23.78076611306793,-21.972620171704264,-21.19208800459783,-21.158813124290376
-20.750851241668848,-20.885206189332774,-20.747450276843484,-22.735458401659244,-30.33554826178884,-20.786623006129954,-22.607031241631752,-44.801967419056915,-59.28667785471353,-21.16199996112725,-20.800157237312494,-20.916843847580683,-20.929027636424614,-21.145972121948752,-31.1216713086349,-20.96982262534219,-20.86024037689954,-20.74353109593422,-21.73858058905951,-24.085428669709437,-29.53980163133074,-59.224241144450325,-231.77022293928013,-93.86312802351702,-22.088596091255724,-29.39430678999055,-23.61291695381288,-21.60696480302097,-20.790990501374825,-20.749066504989017
-20.548287333639884,-20.676105757516027,-20.54866220630286,-22.42143594244565,-30.149004413991563,-20.59151211761395,-22.37357401622246,-44.82617761443525,-60.566485950740244,-20.993201970175605,-20.592470620632398,-20.72204465008567,-20.720186931655896,-20.961536069194523,-31.320321295495006,-20.751553904990097,-20.646264672123998,-20.53585606867464,-21.555182928585367,-23.943487451611535,-29.163204937621074,-61.25722631720873,-230.44726592737638,-96.53520736566786,-21.92870519641074,-29.189795520924996,-23.36573501490666,-21.432847911179348,-20.592594070367305,-20.55077319972551
-20.476793877981645,-20.608497738921315,-20.47419325555474,-22.403506628181134,-30.13602780439422,-20.517142512978687,-22.336103477474957,-44.778552188219955,-60.49474707083512,-20.91636154390692,-20.52416217944179,-20.651185921858172,-20.65526560281395,-20.895168304519537,-31.262660871572002,-20.693588935869318,-20.581187661445846,-20.465825669569995,-21.49294196817016,-23.895663255818473,-29.238268900786856,-60.99288870145425,-232.1050176085905,-96.24271532291895,-21.8681685769405,-29.23434438547843,-23.34520229670035,-21.365964933163617,-20.519877627663355,-20.476313736241487
-20.36325956949221,-20.505369458309687,-20.353968759324545,-22.45289540454013,-30.253118036444903,-20.39565323724809,-22.311622279126652,-44.87945927718613,-60.03053387144845,-20.783015788939814,-20.419710499835574,-20.53599508801973,-20.556982146661635,-20.785237314829235,-31.065186253778606,-20.61144108948729,-20.484726375165376,-20.356852495343666,-21.39301066111003,-23.836593368542072,-29.515141387250708,-59.8730422799068,-237.73578988598643,-95.15881945005655,-21.76197666260404,-29.37437027745922,-23.357743130786915,-21.253502823792033,-20.402810792338204,-20.355945995563033
-20.272739242707935,-20.41712150478147,-20.261934194423514,-22.395588215386528,-30.252139901214203,-20.304024713386568,-22.24646988720087,-44.92766226324113,-60.17084797632958,-20.693318636037734,-20.331258203239376,-20.44673764669231,-20.47052704494195,-20.7002972769708,-31.04102580564933,-20.52857568102849,-20.397705401083336,-20.266784243892413,-21.31215269215116,-23.780465065373996,-29.52760567811584,-59.95247566883026,-239.5215216089602,-95.41113440398324,-21.68442036522034,-29.37809390923367,-23.303143409234604,-21.170222812122034,-20.312004107791648,-20.263973217367074
-20.670771271373283,-20.79970298492684,-20.670692054608256,-22.566208949865157,-30.206504172171233,-20.71193242413368,-22.492744992618576,-44.78065044047762,-60.00742489497807,-21.10253050852114,-20.715506685692993,-20.840984412258013,-20.84259651317995,-21.073877676629856,-31.257146061941963,-20.875209088689445,-20.770862243767922,-20.659952512620325,-21.665162934268775,-24.021198816143873,-29.29340823783574,-60.44903617123565,-229.86020025478925,-95.39713413561621,-22.028035207947635,-29.263762456745024,-23.484759369463642,-21.540744332457436,-20.713723578242057,-20.672579555665468
-20.860542505900195,-20.987423428287894,-20.86251477887643,-22.73556238507599,-30.28492508984754,-20.901933685605048,-22.651148144536183,-44.78831220134564,-59.486485687726315,-21.282926935299233,-20.903234786970636,-21.026445122846024,-21.026755325569297,-21.248537419057094,-31.240880821331196,-21.05479560425185,-20.957554649596226,-20.85022642832398,-21.834097877811946,-24.14502716501406,-29.371684773342622,-59.82359639322853,-227.971534264436,-94.4608606341077,-22.18415719809415,-29.307243442898553,-23.628972352844198,-21.71129494795097,-20.903095103716492,-20.864150008923826
-21.439390653024955,-21.550713466383208,-21.45549518693959,-23.13503692510895,-30.513563760803976,-21.48985860103016,-23.073303916162402,-45.11339111813842,-58.616527840932534,-21.856124355210603,-21.468683246093914,-21.593427542038157,-21.573436617856252,-21.77624110069462,-31.347365609187243,-21.569271014312665,-21.511807217770365,-21.426077523745846,-22.342371009242846,-24.516213598940297,-29.342659683241244,-59.19219244308207,-220.6039215299558,-93.51975697107252,-22.65585413199276,-29.285553579075305,-23.97537836934943,-22.235686989636278,-21.48486483363541,-21.456435945003648
-20.707078261626762,-20.82927951530718,-20.712164187057127,-22.510922387751688,-30.21218377833371,-20.753990752630905,-22.47971598165593,-44.931397790938554,-60.44476975538047,-21.15478782489684,-20.746705759119866,-20.87803997632975,-20.868391114437195,-21.107084376021103,-31.376501481379393,-20.888910999114696,-20.79601422693149,-20.693053374696305,-21.69383370910226,-24.049791475897706,-29.104511604554354,-61.313610064431835,-228.01336539400745,-96.5688205877614,-22.058986628281392,-29.14960303610436,-23.444696468091017,-21.57791597977701,-20.752784198832977,-20.714150135803383
-20.6509148707871,-20.77804833694094,-20.652080614771023,-22.519208241757347,-30.18811658226179,-20.69386195127736,-22.461930818037143,-44.813033859393485,-60.23488441721939,-21.089317058313334,-20.69428905605046,-20.822190339251435,-20.820400055628838,-21.05581261196538,-31.299813551031356,-20.85003261959709,-20.74793396006549,-20.638984581119395,-21.646558455907414,-24.008646906776324,-29.21890926194117,-60.83437414735033,-229.47474834017106,-95.91398830817866,-22.01265080232246,-29.220992126806706,-23.448077722396352,-21.524546711867703,-20.694800297310152,-20.654044612384702
-20.812693917450854,-20.944631337456837,-20.811037570373426,-22.76223702549846,-30.3272023048465,-20.85003766004529,-22.645161834823273,-44.78285468589111,-59.25845066880588,-21.225459003120754,-20.859787487312342,-20.978060861622634,-20.986727277856204,-21.203710452816658,-31.15437119834926,-21.023400328285717,-20.918157828437423,-20.80461947928337,-21.793308820177693,-24.121742420588017,-29.504531963953717,-59.29428171629692,-230.28506543055883,-93.86172484276122,-22.141643222073455,-29.377864776548346,-23.64121458283742,-21.664408306221322,-20.853420426048835,-20.812622814132432
-20.68155190297003,-20.810515337872747,-20.68148270455112,-22.57802399998149,-30.211971399525925,-20.722592936579765,-22.502803210567127,-44.77903149132143,-59.96498246889211,-21.11236373527766,-20.726290486039563,-20.85147189526983,-20.85327271168257,-21.083779107178536,-31.25312324990847,-20.88587855300281,-20.781718332857636,-20.670839529176767,-21.67481879623226,-24.028259518279196,-29.30273498239163,-60.38978343941673,-229.79896147758035,-95.31341784060629,-22.03681518518167,-29.268959374268782,-23.494531036017776,-21.550304601578315,-20.72441613335107,-20.683352283254184
-20.736110482358768,-20.868127888595094,-20.734132519455642,-22.682411647446163,-30.27950905255225,-20.774003077844498,-22.5754140960195,-44.77082366319836,-59.51873378173695,-21.1544185282722,-20.78333811922307,-20.903482623894188,-20.91135441390334,-21.13325561065423,-31.17420117828638,-20.94864478172342,-20.84155438818339,-20.727452134986237,-21.724766549479263,-24.06880800563313,-29.44792451990634,-59.64697547996325,-230.67739578444025,-94.35595244372882,-22.07904583937751,-29.34767256191705,-23.575069562527354,-21.596135464060847,-20.777301557569256,-20.735836117800975
-21.252828579092046,-21.374021283726766,-21.260287881338776,-23.066047117210047,-30.44835772525687,-21.296058001447165,-22.96937383551299,-44.86378311097238,-58.5567566874856,-21.659856997548992,-21.29010944405479,-21.41018109728054,-21.405092060251903,-21.609175967771424,-31.24162526955846,-21.420803229166154,-21.34108402074259,-21.242844049574696,-22.182965988856886,-24.40153689375774,-29.49399645289556,-58.77391797596797,-223.89167297204688,-92.87538316048798,-22.507436169220256,-29.377918718750358,-23.91348253877823,-22.065146122149514,-21.295233955086974,-21.26140561228981
-21.310223856538737,-21.432445796433438,-21.31709008109943,-23.140724271939302,-30.494556619960058,-21.352079220690648,-23.029670786099075,-44.862414716163784,-58.29419089014826,-21.7105076977746,-21.348290632875436,-21.465863467553532,-21.463236524222456,-21.662366940987074,-31.21173271898594,-21.480464022591335,-21.400355801602323,-21.301238671886292,-22.23536180535709,-24.4435457449572,-29.57224946200182,-58.37306471130721,-223.96559222571844,-92.31724995267567,-22.554842235372483,-29.42222993461295,-23.9750687707001,-22.115935754013147,-21.351815907656846,-21.318095470103536
-21.591247108988036,-21.707118846239837,-21.604027564445985,-23.348111077491602,-30.601311048538832,-21.636490722664597,-23.242472154504377,-44.987591863961136,-57.80835625002041,-21.985922514076414,-21.62351117491221,-21.741128040043918,-21.730501763025575,-21.91928687170937,-31.253054615627953,-21.73429719247616,-21.671351523777595,-21.58142508923809,-22.483825353811376,-24.623090387061378,-29.59717697307304,-57.93356078999612,-220.6153497897295,-91.6447097469746,-22.785631123895744,-29.440563751933098,-24.15687882984201,-22.370551515502573,-21.633745525461226,-21.6046625897202
-21.41371023009844,-21.53152996007646,-21.424335988630624,-23.18850085855187,-30.512396789557698,-21.458640253066804,-23.09302986990786,-44.92987714026458,-58.25601818604292,-21.816898436249698,-21.447915971163066,-21.567694893594794,-21.558520963635893,-21.75636456211218,-31.25968142880595,-21.567054938118744,-21.496662032771013,-21.403368718777887,-22.32529050216232,-24.505080337512002,-29.51553613730504,-58.48353984607873,-222.04370444810806,-92.43783070107017,-22.639472187588982,-29.39154274548052,-24.02003110656922,-22.210709870057038,-21.456519603006328,-21.425242393065677
-20.83477343901135,-20.962174780522638,-20.836290326223132,-22.716109421748012,-30.27617379498441,-20.875916398165973,-22.631372633849246,-44.784059310490505,-59.5369769659676,-21.25777430956686,-20.877941166383597,-21.001186413757022,-21.00210262110811,-21.224808756320765,-31.238212409514148,-21.031183491548962,-20.932612198201983,-20.82451484337344,-21.811265626712977,-24.128379171050536,-29.368921368739123,-59.87103315184629,-228.3042699682553,-94.53938850678334,-22.162841803006152,-29.305688001223043,-23.61195051301198,-21.687940600564115,-20.87727420390129,-20.837954482353418
-20.517230892834267,-20.645438058366892,-20.51723493932238,-22.39443455997357,-30.137867796754243,-20.56037758243408,-22.348114439626983,-44.8270232409724,-60.651896697417605,-20.963609413291714,-20.561796384054347,-20.691689493212863,-20.69012522991232,-20.932996374789017,-31.323068566683062,-20.722328561835912,-20.615803288158446,-20.504743611791014,-21.52763582510716,-23.923690995947407,-29.152383554343448,-61.3571497521952,-230.7924748178578,-96.68594966064613,-21.903252517347088,-29.18398637887268,-23.342793727849543,-21.404966569128774,-20.56158519909314,-20.51938560559681
-20.446386436210897,-20.581762592668856,-20.44126357405615,-22.42894444310304,-30.1612369142841,-20.483748203592906,-22.335569944354837,-44.769492094670554,-60.28685505652224,-20.87794692245916,-20.496838578339972,-20.620135105779486,-20.630334164975853,-20.865836162949144,-31.191759135100433,-20.674674495183726,-20.556923670495603,-20.437121083330805,-21.466750245626802,-23.877703204609954,-29.341197510185975,-60.54306674217451,-233.72475292287635,-95.73545974146546,-21.839725663204966,-29.290222498624033,-23.358334035410895,-21.335254063499892,-20.488095943388725,-20.44332501721857
-21.149196466861966,-21.274585769356506,-21.15318663172709,-23.0173499529689,-30.4356699773814,-21.1895480425663,-22.904981031670374,-44.820035545817824,-58.6036940307351,-21.553579187874025,-21.190204426243877,-21.308074762811454,-21.309175364720247,-21.514337227300054,-31.19360466512247,-21.332940669801143,-21.244320367187072,-21.140495511521227,-22.092422013494577,-24.3394101387034,-29.547957659402996,-58.67396161803809,-225.90297618682166,-92.80027567668989,-22.421631227056704,-29.406324730457676,-23.866738091253353,-21.969956973633465,-21.190484642687746,-21.154391707290653
-21.187502415384046,-21.31148155648968,-21.192648217734785,-23.037007767691854,-30.440178993315982,-21.228789354742037,-22.929706440330886,-44.83082610595473,-58.5767564033972,-21.592535189101714,-21.227239617857524,-21.345809883650418,-21.34486731504464,-21.549513787163306,-31.20947044964656,-21.365948511756017,-21.280322250092254,-21.178395503237397,-22.126040234359365,-24.36251344636937,-29.532028357397657,-58.69350121024803,-225.17824065302676,-92.79974298969917,-22.453507855818607,-29.39832486950628,-23.885466017657954,-22.005120847644577,-21.229140183936934,-21.193820167105375
-21.035229877311302,-21.16662344887647,-21.034756868374114,-22.989457725595855,-30.475712677202598,-21.071293405384953,-22.84621751187756,-44.84566307509478,-58.55551347164322,-21.43320467044741,-21.081761290661685,-21.194902548291832,-21.20528108118566,-21.408701671266527,-31.108881305488953,-21.23958957473135,-21.140238683533273,-21.028681841921752,-21.99271352059103,-24.27866792353599,-29.659887530042596,-58.35364307943013,-229.20589093581194,-92.54188238358594,-22.324220778114835,-29.46051038319448,-23.830445144293698,-21.863371248483155,-21.074775002153586,-21.036004389834126
-20.068931336233312,-20.202441712828453,-20.063945566087888,-22.00081262549961,-29.989772914515903,-20.11132156252085,-21.979557242646166,-44.882949793595266,-61.95350141482509,-20.53782179175209,-20.118790040011504,-20.25363919395187,-20.25559574181817,-20.52106199834986,-31.378931135077544,-20.299090031378025,-20.175593935041277,-20.055476312678827,-21.13046442467412,-23.641348356313397,-28.99197121916447,-62.89351107569086,-235.95436445334744,-99.01071783724117,-21.53664503060957,-29.10050089671487,-23.00991487083855,-21.003287184555635,-20.114175679819514,-20.06666029177662
-20.800221201074166,-20.92577821084865,-20.802985317267417,-22.653241688566766,-30.246690022217717,-20.843304715892035,-22.58667407807586,-44.81364978584486,-59.81200895414122,-21.23093084502502,-20.841988628580083,-20.96806044085676,-20.965323259136003,-21.193046764364148,-31.283853292471072,-20.991390292861684,-20.894877935203358,-20.78871463752743,-21.779338200240367,-24.104742055070506,-29.281940300722425,-60.32227780878717,-227.96491740944356,-95.15199950083772,-22.135161666586086,-29.256131247528597,-23.56191821894124,-21.65853420909441,-20.843765463707125,-20.8047474141911
-19.38293560699547,-19.531181416490465,-19.36676803663728,-21.511038677362958,-29.815753226909845,-19.418450145197603,-21.46629523012445,-44.99872683531285,-63.31863317215384,-19.864545297254793,-19.445688916396318,-19.580142233389463,-19.59875798016418,-19.883981027888446,-31.305934678895206,-19.66820790759687,-19.51317371109579,-19.37174033760111,-20.523892087142723,-23.195064352346535,-29.006764809153637,-64.01707215110959,-246.73286284066992,-101.21005362433394,-20.964973268500234,-29.131567523749844,-22.579049652453815,-20.380545424521703,-19.42672355352955,-19.370027884658263
-20.821973990848274,-20.95178663571244,-20.82176065554212,-22.73890298165801,-30.297517058438487,-20.861090815292826,-22.637501101584927,-44.77289030856389,-59.39093120479009,-21.239567769897878,-20.867193471051205,-20.987910497338717,-20.99292984667232,-21.21275046272503,-31.194471910571437,-21.026131099126417,-20.92386982999354,-20.8128679149629,-21.80086809455926,-24.123251986183348,-29.439535661174652,-59.568801625499646,-229.28816830169902,-94.17414575154682,-22.150984930597517,-29.34413561195435,-23.626590264132155,-21.674577698271186,-20.863527057172448,-20.823386222402295
-21.072378623989778,-21.196899083131566,-21.076746867033698,-22.92384844614718,-30.37785968432224,-21.114119736057457,-22.827935747141982,-44.81402776241079,-58.927023883346145,-21.484663808317485,-21.112742015175343,-21.233494018391937,-21.232163370125413,-21.44348266416357,-31.227841450660478,-21.25487711986254,-21.165852894078245,-21.062596291368692,-22.022879511588947,-24.28448763382905,-29.459234959524586,-59.153211361409205,-225.95308327672166,-93.46177371495673,-22.358682547224223,-29.35696458077419,-23.78984620000984,-21.90191403964114,-21.11453778141979,-21.078094017336838
-20.744645051348137,-20.87650071807618,-20.742802489130852,-22.688899370146352,-30.282107155792545,-20.782608731974694,-22.58201444495191,-44.770957182172765,-59.50151960364428,-21.162732704953108,-20.791722920945393,-20.91185432888543,-20.919544615592475,-21.141150306142134,-31.175077370158853,-20.956524542050857,-20.849833471715083,-20.735971966142834,-21.73235405736832,-24.074334633370114,-29.448997254711315,-59.63061543146081,-230.56239644686536,-94.32736570481974,-22.086159190388944,-29.3483257248887,-23.58080033638185,-21.603884280328625,-20.78584771168001,-20.744497001085023
-20.401543208634894,-20.53534372772646,-20.397296180498916,-22.356390005725267,-30.11844860517082,-20.440672732722096,-22.28289708342934,-44.77336524489674,-60.59409187053406,-20.841178118771552,-20.45075368976089,-20.577156170257943,-20.58398831099449,-20.825406677912337,-31.242456867083533,-20.626134896747498,-20.509336903541577,-20.391066379322112,-21.426432809612372,-23.847009588558727,-29.252548385979196,-61.03405847325346,-233.36288095627918,-96.36616393048817,-21.80514121360541,-29.242958445454747,-23.302274559482527,-21.297141947160455,-20.444235740693347,-20.399474741527158
-20.30145269118523,-20.442438127269135,-20.292505684649676,-22.3678898789302,-30.179768003803698,-20.335236134098107,-22.246097985013556,-44.831863661863636,-60.34155248390496,-20.728788275636543,-20.356915623984808,-20.476488556302147,-20.494741826467756,-20.72942054615671,-31.111089971893986,-20.548170044270368,-20.421044733667934,-20.293969254212353,-21.338008124093673,-23.789605182329034,-29.428432026842465,-60.35040169527835,-237.30553546737073,-95.74226783610992,-21.714021086427017,-29.33282491684909,-23.292420201417375,-21.20013507417899,-20.341828900859735,-20.2946142789401
-21.23223519384982,-21.353520072993778,-21.23955739433591,-23.045764068269463,-30.437469896480966,-21.275549522038684,-22.951139989003146,-44.86099549953081,-58.61952607402377,-21.6405797849765,-21.269629969909058,-21.390088723815687,-21.384926777499334,-21.590212398436194,-31.24486862710572,-21.400924969444794,-21.320599780734103,-21.22212622749247,-22.16449701886421,-24.387661935463136,-29.480711481814872,-58.85672600267443,-224.0303181638184,-92.9948325228336,-22.49045748596132,-29.370215461089977,-23.896290431833677,-22.046679922509945,-21.274735961253498,-21.24070717785848
-20.4922797948634,-20.62285769071971,-20.490508800503527,-22.40284703161341,-30.135708199719737,-20.533504257762463,-22.342095776503736,-44.78959476159299,-60.535919406207825,-20.93383322772977,-20.53872264299263,-20.666653694849092,-20.668941073462104,-20.909678180854783,-31.281640105139708,-20.705311328733497,-20.594799423175484,-20.48084156024292,-21.506364981340568,-23.905928340624406,-29.212098802087635,-61.09832589874135,-231.6336791038309,-96.36323766294524,-21.88161050589859,-29.219323429272606,-23.34655465338424,-21.38075624539066,-20.535751858622273,-20.49263599570857
-20.814617933706646,-20.942781661691566,-20.81552755787806,-22.706195164150873,-30.27296398776519,-20.855251343006106,-22.618512098639926,-44.778164951519045,-59.547912376669224,-21.237147593114422,-20.85845180240917,-20.981314150283133,-20.98333054147225,-21.20621119423865,-31.229147988520282,-21.013825285725314,-20.91370520953722,-20.804590201987658,-21.793571305026557,-24.115746221813122,-29.378612254116415,-59.8540163571518,-228.69180225747908,-94.53259791684042,-22.145982460291865,-29.311047981048326,-23.602457307889317,-21.669389118046524,-20.856924781825363,-20.817205558946615
-20.879318617376917,-21.005958138449337,-20.881524195529174,-22.75176723109772,-30.29261163419186,-20.92076825248896,-22.666563223825072,-44.790211433268006,-59.43877034574683,-21.300886332268416,-20.92177760948784,-21.044806648651992,-21.044917374428863,-21.265818673516353,-31.240184687435303,-21.072434421291486,-20.97596182058933,-20.86903262241855,-21.850803992086043,-24.15730044535797,-29.37827598559126,-59.76829939219289,-227.77689884870165,-94.37717571133783,-22.19962979681386,-29.31094929380819,-23.642858491820245,-21.728207038992775,-20.921849403796337,-20.883135000057106
-20.39775173597093,-20.531032523495284,-20.393840348728425,-22.344279073727606,-30.111963517052242,-20.437377063593814,-22.275638091506536,-44.77747048065001,-60.65540588228977,-20.83920570815161,-20.446548971737244,-20.573669820722,-20.57953212429195,-20.822135784508063,-31.25544959205337,-20.620868050456348,-20.504658713413434,-20.386965129273815,-21.422920400770114,-23.844546358344672,-29.231838704087764,-61.14110487275862,-233.20066137826032,-96.50044143355038,-21.80259142658813,-29.23158491028103,-23.2933499266411,-21.2943125978783,-20.440697713197082,-20.396040181365716
-20.753223167311862,-20.881489949754773,-20.753868249137383,-22.643106330020082,-30.241852007690937,-20.794279286317312,-22.563156435543267,-44.7798942513872,-59.76072407838776,-21.1802730619416,-20.797253632076988,-20.9214908336315,-20.922942256435473,-21.14974188265954,-31.245179048370467,-20.95396306526414,-20.85235725403908,-20.74274053062455,-21.738640347617764,-24.075007904141046,-29.334665543162807,-60.14048909942985,-229.10334747654557,-94.9422060219391,-22.095727331258367,-29.28661172651571,-23.549777703092776,-21.614642469549622,-20.79590089251206,-20.755641366063706
-21.05451755927458,-21.172720743346062,-21.063747835812382,-22.820199297915067,-30.344082337009514,-21.102045130358075,-22.768026072665442,-44.95125945238067,-59.471837457647574,-21.48450131245263,-21.090050616908485,-21.21738425255176,-21.204896409535067,-21.42542524993469,-31.340817237294402,-21.216157242878204,-21.13744178533055,-21.041372509347042,-22.002333713587852,-24.26949783996622,-29.247010377774593,-60.135355464400114,-224.48720128908278,-94.84169442894651,-22.342973697540486,-29.231296917281213,-23.70734639736141,-21.889438497949786,-21.099570011186877,-21.065241085460116
-21.202151360513398,-21.32478779419764,-21.208346397700737,-23.03315432497279,-30.43317366020985,-21.24450898809905,-22.93329769967393,-44.842557849750406,-58.62387354022022,-21.609409316939164,-21.240723443279112,-21.360444241122806,-21.35730762761848,-21.562794988598103,-31.22916374946503,-21.375920944297114,-21.2927299272381,-21.192480066402847,-22.138358958113503,-24.369647949737182,-29.500173737978695,-58.810967653488675,-224.6268567958067,-92.94534592736467,-22.465711562016004,-29.3809262781571,-23.884098902091733,-22.01902937053458,-21.244267443582928,-21.209520543879872
-20.90007006027858,-21.020090243081636,-20.907405375643492,-22.683121672241068,-30.28327291286918,-20.94727692740323,-22.639956551331625,-44.93539233845125,-59.895322176632284,-21.337762401589334,-20.937448670826498,-21.06652829417815,-21.055394605362427,-21.283935565106045,-31.3546441567404,-21.070882525908843,-20.985725486202472,-20.886550801947617,-21.865144547017753,-24.171328769578864,-29.183982281483246,-60.647333972397774,-226.02106560188642,-95.58941375809995,-22.216668492594522,-29.194842890628063,-23.590774100267275,-21.750870453477074,-20.945386918158366,-20.90911994892875
-21.051375266378557,-21.177385852352494,-21.054588867475193,-22.92351237149068,-30.383181924065262,-21.091968481415147,-22.81964643024143,-44.80286120345929,-58.88797522298933,-21.461464529448566,-21.09303515248375,-21.212594843751443,-21.213643397492614,-21.42422715224212,-31.206160877140114,-21.239071323522776,-21.147328180718013,-21.042186484879863,-22.004859827150657,-24.273009731382853,-29.491557824712924,-59.0393516101842,-226.60639531247745,-93.3294274482289,-22.341012864813713,-29.374515864230567,-23.787270632242198,-21.8821457174065,-21.09303511273818,-21.055938155158756
-20.41778498018478,-20.55249261792541,-20.412994954436957,-22.38791184033957,-30.13660483196758,-20.455973068939425,-22.304426321511343,-44.76902348118538,-60.451880485663395,-20.853503805729613,-20.46771488507734,-20.592590989476296,-20.601239897689382,-20.83991141953437,-31.21643249991062,-20.64472137346666,-20.527142503318217,-20.40792765800575,-21.441116831123317,-23.858029922991243,-29.2961994823838,-60.79883721673402,-233.6112624104753,-96.06740410502424,-21.817320787300456,-29.266476234606813,-23.326221710824033,-21.31059589016455,-20.459973439779265,-20.415121089268936
-20.468738350494206,-20.60005963761197,-20.466378648599186,-22.389210818432236,-30.129782365330414,-20.509500079452366,-22.326018329307175,-44.78450306398454,-60.559621931805026,-20.910071412585445,-20.515820646857595,-20.643480960862355,-20.64678240218347,-20.887888172014062,-31.273757587535087,-20.684519498675588,-20.5724688699785,-20.4574988184257,-21.485625847960637,-23.89058676498352,-29.21920442644537,-61.098086557609335,-232.03760275787812,-96.38194537722939,-21.861929363666196,-29.2236825736993,-23.334043257102653,-21.3591806162753,-20.512047379244144,-20.468522573334788
-21.103043274286783,-21.22348167697448,-21.11062595224268,-22.899383215247084,-30.365874002643302,-21.148170614838175,-22.827057467103177,-44.87953180389711,-59.12744649256746,-21.523400318507758,-21.14006303031306,-21.26433548375308,-21.256231415708807,-21.470898749580048,-31.290817740006922,-21.271403118006585,-21.189724178429508,-21.09143018055971,-22.04769076034429,-24.30046438854272,-29.353147634758542,-59.58476290284348,-224.58042311186958,-94.03828862323654,-22.383795890772895,-29.295784733867528,-23.77350563788151,-21.93167242797551,-21.14677458030061,-21.11200165417294
-20.74963047683591,-20.871898084926045,-20.754776735612683,-22.555926584352335,-30.225386486154676,-20.79611190755963,-22.51855584198283,-44.9126665315874,-60.2760203785562,-21.193581228629466,-20.789137977951093,-20.91950121454118,-20.910466391242085,-21.146183405563544,-31.361337954353225,-20.930886896481443,-20.838735960550313,-20.73599766336219,-21.73196955490297,-24.075551821020692,-29.138825686343523,-61.082023955741434,-227.6506284337805,-96.22881041463152,-22.093833818158526,-29.170133049671378,-23.48263146248891,-21.615700649757102,-20.79500140733796,-20.75669209701805
-20.341443611344488,-20.48173895276744,-20.333029955105154,-22.398777890476254,-30.190408576404405,-20.375479716794644,-22.277357899468868,-44.82403478641423,-60.25413807632124,-20.767599609470246,-20.396272714543382,-20.515731179871835,-20.533280776469326,-20.766599939804816,-31.113992561054893,-20.585478376657303,-20.459965672041175,-20.333920532438135,-21.373635723804657,-23.81556964682262,-29.434240918395965,-60.26500767778917,-236.73622467759168,-95.58694797874595,-21.7475383276197,-29.336088214447688,-23.319759755459813,-21.23645286695508,-20.3818340214322,-20.335099776977604
-21.05520005948036,-21.181905639864112,-21.057931044681045,-22.937880639397722,-30.395312494095037,-21.095150314126368,-22.828365205767824,-44.80217978415773,-58.82367906669319,-21.46325316726637,-21.09745822596648,-21.216099894093716,-21.218421363524246,-21.427753880911855,-31.192448927488652,-21.24501271210324,-21.152340922794433,-21.046401200907223,-22.00866117304162,-24.277264444575437,-29.51751883951973,-58.922442493091054,-226.86418985735543,-93.18062106152148,-22.343878400757802,-29.388539090664516,-23.79805669190813,-21.88505958309915,-21.096540629883282,-21.059258866276497
-21.05473877244103,-21.185028102274295,-21.055043035494396,-22.992592999044607,-30.463593895760994,-21.09158758838346,-22.855544556408187,-44.83226681482629,-58.5685372650161,-21.45398529189634,-21.10023624877304,-21.214347176306884,-21.223005825717806,-21.426932482923405,-31.12542136548814,-21.255462553938248,-21.157939289323785,-21.047782361698097,-22.00984039513222,-24.288337100149967,-29.637586794503697,-58.419664189328245,-228.54712578487073,-92.59008147593134,-22.34120219853458,-29.45020658107444,-23.835856887053772,-21.881773322963127,-21.094604070114965,-21.05628726230781
-21.080105555923996,-21.211198807984612,-21.079998561490097,-23.032265678466825,-30.503389831905835,-21.116078401925137,-22.88538352409547,-44.85942204115439,-58.43168685043962,-21.475633142992336,-21.126361042819145,-21.238710455345423,-21.249090320647543,-21.450114094967226,-31.10431546125986,-21.28261489258023,-21.184707316745953,-21.073767197020054,-22.032917930139348,-24.31012957462595,-29.684992121373647,-58.1964073846806,-228.91677819970192,-92.3144082993044,-22.361282545616838,-29.474134937752112,-23.866656627202165,-21.90371206999668,-21.119494141386387,-21.081182247765458
-20.11751030517524,-20.259592870995228,-20.107264320815176,-22.190523596287335,-30.08658798569872,-20.15186624701531,-22.086378956718633,-44.83085060319757,-60.92885096527124,-20.556067689137965,-20.17406956396752,-20.297079280051452,-20.31489518981399,-20.560045311198426,-31.14910205518381,-20.371118890841366,-20.238650178748404,-20.10911692682947,-21.174367020013705,-23.6660174692636,-29.32877937185843,-61.09450429210081,-238.8119035632858,-96.82392134318161,-21.563706652286427,-29.283336155945555,-23.14492457821666,-21.03586957669175,-20.158657451516948,-20.109617992220596
-20.175347475617393,-20.318201976970933,-20.164906579927926,-22.265442963448482,-30.140064052243623,-20.208597255237052,-22.145222553442323,-44.85326827457094,-60.64498841036641,-20.607241577717826,-20.232532268909594,-20.352894867812385,-20.37281310780425,-20.612358701972788,-31.109550326713737,-20.429662103675973,-20.297811329919067,-20.167829825322812,-21.225691211582102,-23.70704321812932,-29.399902102463347,-60.670885424566265,-238.9514755235361,-96.28867326933593,-21.608839574279155,-29.317946416610123,-23.203104832263183,-21.086011055384915,-20.21580585789833,-20.167145351208067
-20.303852776111697,-20.438397019326807,-20.29881436584168,-22.264676775970642,-30.079370722464567,-20.34317006963262,-22.199456586577732,-44.78466314731469,-60.90266862817847,-20.749319595226634,-20.353856397402204,-20.481805366554315,-20.48869464315674,-20.73554383403175,-31.260690055230867,-20.53258714878754,-20.412714555774492,-20.292958300555007,-21.339575901623203,-23.78396694082683,-29.20401221228515,-61.41998463137134,-234.31206826819803,-96.93683317026169,-21.725222805696742,-29.217267528508366,-23.225288664796725,-21.209802121996226,-20.346906652449245,-20.30112408189779
-20.58325797122914,-20.72083207587771,-20.577313030085143,-22.610381148473966,-30.29289555443006,-20.617647606606322,-22.478055959388826,-44.82086783432274,-59.61686310372478,-20.998494069335585,-20.635544431756497,-20.752282992485767,-20.76807556425652,-20.990327527312115,-31.10047286288205,-20.814739957937462,-20.69767982364514,-20.576258686622698,-21.589228633881905,-23.97721180327803,-29.52277885300692,-59.52656179359127,-234.19516821140067,-94.43163707774691,-21.947890039776592,-29.382504960617815,-23.50095234271282,-21.454383030493013,-20.62317852949027,-20.579095819498825
-20.38506428403927,-20.517898655997783,-20.381417036559828,-22.32398206053983,-30.102791399398726,-20.425199797620888,-22.260857365433203,-44.78404984835598,-60.744806213624756,-20.828867745977032,-20.433531841822266,-20.56149238990796,-20.566401101805187,-20.810669750082887,-31.26996887921988,-20.607086587421623,-20.491190826403287,-20.37393230953725,-21.411488905199434,-23.836526995620634,-29.206954551268666,-61.28287970912595,-233.13790141141777,-96.6877272692893,-21.79272942144238,-29.217851871542866,-23.27746650509001,-21.28351703802889,-20.42829601011977,-20.383649933944465
-20.117413877127177,-20.253658818665762,-20.110701891020557,-22.094025514093172,-30.011863455379952,-20.156865258773706,-22.042580856797727,-44.814790172513774,-61.4801251315827,-20.573405679793296,-20.169174497368232,-20.299746942286234,-20.307199273359338,-20.56402152837252,-31.29250500756181,-20.35483450583363,-20.22879346594752,-20.105868300330226,-21.17409372074695,-23.664975359964792,-29.122196793189712,-62.125869738220786,-236.29806779928708,-97.99510269587029,-21.57271334140599,-29.174826682408963,-23.08175908780523,-21.043028057246648,-20.161054330554197,-20.113251470341336
-20.986814044878194,-21.112482003223494,-20.990065428626643,-22.850573110383422,-30.341522103055674,-21.028237920149245,-22.757881463942834,-44.79976905462173,-59.13613694041329,-21.40265675071991,-21.028278520638786,-21.149807148729035,-21.149488476739215,-21.36475535637688,-31.22907999746006,-21.17470486838061,-21.08204295801632,-20.976914785483505,-21.94670629223885,-24.22828815767337,-29.429884605412433,-59.393722010528016,-226.82061278590066,-93.82483410096467,-22.2881097921716,-29.340092167560783,-23.726853897632072,-21.824763314894287,-21.029045867008413,-20.991525843506313
-20.545400979490143,-20.679153683116883,-20.54164698080178,-22.507926058478464,-30.19338072173285,-20.583352069457657,-22.413842572523045,-44.76481814345965,-60.06098332886167,-20.97370602898505,-20.5943434288001,-20.717166967211046,-20.725741711280136,-20.957428257475332,-31.195333510283852,-20.766953789406585,-20.65339371229711,-20.53609026890953,-21.554765656463726,-23.94207995443851,-29.36071555913184,-60.309632524751336,-232.4520828430084,-95.34583265934434,-21.92198803484008,-29.300694737616595,-23.42714765527844,-21.42485787822352,-20.58712900302294,-20.543601444339885
-20.660010641528388,-20.78738560608446,-20.661024670025334,-22.532195325873868,-30.19278718980351,-20.70266142621683,-22.471881927389777,-44.80629119153256,-60.17991575230025,-21.09698997158513,-20.70354576494474,-20.830980792679274,-20.829724823829622,-21.064153156671566,-31.292024755336925,-20.85972814712814,-20.75745323104666,-20.6482833509278,-21.654813608057868,-24.014319845929467,-29.233754321083225,-60.74953558340005,-229.47137568929722,-95.79592874817746,-22.019987140518506,-29.229574974609307,-23.458623492160672,-21.532441962331678,-20.703724728941687,-20.662968212361385
-20.26509734365534,-20.401518152937275,-20.258720436827723,-22.253442489047554,-30.079240554951003,-20.30308592086404,-22.178023249792947,-44.7822957330157,-60.87957538094429,-20.708205712224967,-20.31669548905563,-20.443317493047104,-20.453033669450267,-20.699096437681323,-31.23126203958556,-20.500083840404262,-20.37705517608527,-20.254888967257514,-21.30541475846138,-23.758805932016667,-29.23977997183918,-61.30135201767766,-235.28957774233376,-96.83906776713769,-21.691638744366163,-29.237164688302528,-23.21192190186718,-21.173420571313724,-20.307606561495767,-20.261032599156863
-20.47696042875837,-20.613780627508426,-20.47105519828683,-22.484925207937245,-30.2042678898883,-20.512826778302394,-22.374586156569936,-44.78430166881112,-60.052899033992446,-20.90216835503453,-20.528629038154357,-20.649232529652007,-20.662374034582296,-20.893145626770384,-31.14946330214395,-20.708687316434236,-20.58996701383286,-20.46870891601938,-21.494242457694767,-23.900907664030193,-29.414945746567156,-60.156700736740426,-234.24669972358453,-95.26146510405783,-21.86264979074622,-29.32812011733718,-23.40044301455424,-21.360801185351928,-20.517866567039633,-20.473025425780055
-20.600969213234773,-20.73458455676563,-20.59749118866176,-22.564608274908057,-30.223534673743714,-20.638579657208904,-22.463666240441835,-44.76667142935883,-59.87074583005789,-21.025336092723183,-20.649726785154957,-20.77130136481439,-20.780328926782797,-21.008513948445966,-31.18086567624503,-20.820981260805436,-20.7088380925025,-20.592042550210017,-21.604366580036597,-23.97945196291008,-29.39861685535943,-60.056224439472,-232.08748937953177,-94.98634655114392,-21.967330966271792,-29.320816072421223,-23.474151985684003,-21.47437275623612,-20.64238369128513,-20.599362613026056
-20.063284194880545,-20.209856526593732,-20.050531646645137,-22.210464026369692,-30.16093706297373,-20.09443793660167,-22.071769318844055,-44.93962881473861,-60.74318177933461,-20.493680667563932,-20.12380088216645,-20.241893884142787,-20.26683382751137,-20.506300345019863,-31.058186925259427,-20.32924049542455,-20.191534330442657,-20.056806806769266,-21.125519368879807,-23.639572034181867,-29.44924969445772,-60.61845623878111,-241.71989299327439,-96.4570038447981,-21.51101539371885,-29.339459840353232,-23.145413143439537,-20.981706234638143,-20.103041486183123,-20.052811168464434
-21.147875740627757,-21.264513953071372,-21.15865134234107,-22.89740284469374,-30.383283019345704,-21.196020525925277,-22.842547952695885,-44.9808201446092,-59.255225727543845,-21.574433809536895,-21.181965848100532,-21.30862435333551,-21.294506803818205,-21.510717883605906,-31.340769058803197,-21.302293594720638,-21.22839924259003,-21.13472840068886,-22.084915027635176,-24.3293450950146,-29.271863743715148,-59.893934167693246,-223.51693637946516,-94.49478311541652,-22.419084940817708,-29.245250862024736,-23.773139509240004,-21.973429982684078,-21.1929810941339,-21.160015137907987
-21.26207254405915,-21.37547952470005,-21.275873565118243,-22.976651260722704,-30.437124007117745,-21.312139846437052,-22.925554333885266,-45.07054229305183,-59.087808186577234,-21.687688272231764,-21.29350106898121,-21.420300257459928,-21.401961121206693,-21.614169026591078,-31.360213547559155,-21.402892125699488,-21.337576008225785,-21.24828842782661,-22.184681293775895,-24.403144115570104,-29.26496143420087,-59.771414774607855,-222.19440794925188,-94.34668634704349,-22.51097084411446,-29.238577571466685,-23.840296883116444,-22.076557795671533,-21.30782799279322,-21.277090613029642
-21.357343310885298,-21.46940827038939,-21.372565292917542,-23.059166398462935,-30.478499002904666,-21.407818662903193,-23.003507437017383,-45.10046370472335,-58.84888168780438,-21.77871531598254,-21.387474526959505,-21.513330614805433,-21.49373857320444,-21.70110749906152,-31.35608201374052,-21.491506914769943,-21.430835023352376,-21.343703072936705,-22.269162597920342,-24.463859243000776,-29.300054131109746,-59.4871491011535,-221.30228516462623,-93.94493359019646,-22.588578990122983,-29.259425065352794,-23.910533355907752,-22.162098400365895,-21.403043721497816,-21.37363731262684
-20.81515516155026,-20.952454696360995,-20.810325306282735,-22.85230175845822,-30.467738080386283,-20.84801948338218,-22.689796630649685,-44.91144725564877,-58.86254227990609,-21.214500207741946,-20.86722099714016,-20.978018731996304,-20.996134496171216,-21.203677134127823,-31.044181753159712,-21.040650004819206,-20.929464629201224,-20.809859450136386,-21.796668525287785,-24.144212069779474,-29.692033914456694,-58.50909389350402,-233.35263974231194,-93.03516106112552,-22.13710500874205,-29.467806610002842,-23.700022972360472,-21.661083524473852,-20.85376172969814,-20.811756672197017
-20.526151085163598,-20.663060463285277,-20.520373270310934,-22.538663521834025,-30.237918824829613,-20.561545935682044,-22.42038900063111,-44.79344880847838,-59.8694896866851,-20.94737974335115,-20.577863519671826,-20.69704517549077,-20.710960752558723,-20.938254834312755,-31.13211570330069,-20.757072342413114,-20.639388072275768,-20.51834551242188,-21.538154511915945,-23.93512439506,-29.455704727598558,-59.90239543453876,-234.06278864734026,-94.91464689765633,-21.902451592817282,-29.348957127859936,-23.444199921223973,-21.404385944131004,-20.56670061228581,-20.522264557358767
-20.922145284126284,-21.04511134229431,-20.92722790993417,-22.744769501669115,-30.291532735201486,-20.966521364520737,-22.679650733710332,-44.84681250947788,-59.57727927027018,-21.350128364228368,-20.96159497302021,-21.087492526863535,-21.081685271410674,-21.304937523034546,-31.29613796510211,-21.10246446480179,-21.01269572036759,-20.910315436371373,-21.8870419110239,-24.183481210060467,-29.29270010734846,-60.10408140946783,-226.43566920820996,-94.80708486981416,-22.235368334497714,-29.261248461439163,-23.641258769126964,-21.768860502789533,-20.965995165087914,-20.928849385041232
-20.793854161881516,-20.919433667483744,-20.796582948603284,-22.646892566264555,-30.243932725050666,-20.836971661910027,-22.581036177289615,-44.81429489949386,-59.83353668400311,-21.22501178133364,-20.835655272151985,-20.961851641835157,-20.959077368179383,-21.187192847204813,-31.285343930817646,-20.985218586657783,-20.888536323627175,-20.782306198791424,-21.77364793146086,-24.10062868661588,-29.277778488028062,-60.350737846701925,-228.01596940584426,-95.19330915419684,-22.129944075269254,-29.253759066020272,-23.556578759768293,-21.652849932560187,-20.83743248581777,-20.798354746476548
-20.818482238232278,-20.943451328645974,-20.821740005128962,-22.664094878876423,-30.252430041116725,-20.861938378899058,-22.599186856148542,-44.82196059280987,-59.79328789145652,-21.249334214359656,-20.85974749713522,-20.986003802860864,-20.982458359703287,-21.20980998534268,-31.289529061055145,-21.007386668261887,-20.912187269526477,-20.806822499287943,-21.795358906914338,-24.11654455472365,-29.276977361788468,-60.32030384109433,-227.67863252403657,-95.1410965688915,-22.150227477783268,-29.25303213693259,-23.571645639501703,-21.67520466930773,-20.862160338937098,-20.823485970578307
-20.906104319302653,-21.028933221232588,-20.911246354349263,-22.726173552376203,-30.28421865028644,-20.950738942904714,-22.664118670174943,-44.85289837083468,-59.64654092130672,-21.335733414493543,-20.9454955902676,-21.071889785192283,-21.065656915230054,-21.29015358701306,-31.30322321402752,-21.086274106979232,-20.996396466682416,-20.89407017882315,-21.872563906252292,-24.173167404792785,-29.276008471512053,-60.20386490342722,-226.5184256331322,-94.95058150271583,-22.222193564225144,-29.25144760067535,-23.625722994022755,-21.75464815101039,-20.95012548892532,-20.9128965582343
-20.570577256278742,-20.702280864620448,-20.568263575743646,-22.50249487341766,-30.181568159450684,-20.61012136032988,-22.421566313099547,-44.7668342354599,-60.14252738096694,-21.00259283443354,-20.617763161008057,-20.742473227781595,-20.747735096766625,-20.98124758429984,-31.231362136868228,-20.785522574060913,-20.675157455373924,-20.560389776987268,-21.576666303091876,-23.956798649873814,-29.309866712797916,-60.51290056249891,-231.47865455435112,-95.56227638922991,-21.944430496662516,-29.273387672573524,-23.42704450442715,-21.44922711203236,-20.613011301819558,-20.570236141603257
-20.70380151257163,-20.831825145371546,-20.704471497681013,-22.58756172769976,-30.2158348557846,-20.745493832252325,-22.516326375727047,-44.787999761420735,-59.96186890166494,-21.135438973693596,-20.747738969227218,-20.87343674759321,-20.873856051798555,-21.10433719827789,-31.265141598311363,-20.904738546066227,-20.802424059311775,-20.69278044986694,-21.694297947264968,-24.042486584685257,-29.288624625453664,-60.42526593094183,-229.34941833841538,-95.34324689702373,-22.055468214119163,-29.26081882615329,-23.50390082903301,-21.57086456301857,-20.746924397891043,-20.70632923817702
-21.129814221387072,-21.256963026557592,-21.13249560729996,-23.023313536234564,-30.45209117736647,-21.16878036436147,-22.90048481391426,-44.82040758927854,-58.542849260496766,-21.531293820799956,-21.172404589966792,-21.288620736623372,-21.292606995838128,-21.496489821499853,-31.166406005690014,-21.31947488980587,-21.227879812108867,-21.12185737918795,-22.07592790332939,-24.33092636201131,-29.590961379836564,-58.517840084305504,-226.7398217298875,-92.62496852309832,-22.404958108808902,-29.428583775648587,-23.868432685997192,-21.951376236497033,-21.170490548596536,-21.13369370256412
-20.65886786291886,-20.789735399296728,-20.657402298111187,-22.582870987823327,-30.2187314362309,-20.698407383271135,-22.496027778972703,-44.76615282172663,-59.88876051026777,-21.086226696048854,-20.705211871802675,-20.828728503314935,-20.83361182557722,-21.062568643911565,-31.22103866201111,-20.86951802359493,-20.762211347592157,-20.648969999300583,-21.655285569260148,-24.014644744210763,-29.349250256900962,-60.2034530838615,-230.6193702452103,-95.0998300022907,-22.017028518302254,-29.294760774458627,-23.495177575180062,-21.528472817548757,-20.701061108436644,-20.659258286201112
-20.539710391362636,-20.670050425447165,-20.538245263638327,-22.44923330647262,-30.155232967665526,-20.580736058757385,-22.38352100535121,-44.783309474656136,-60.37640479463878,-20.97806773164414,-20.585855492592856,-20.71290930946564,-20.715374222719813,-20.9532596797244,-31.27053833777274,-20.75108548629823,-20.64192127144927,-20.528542810103012,-21.548616459914477,-23.936369556871057,-29.240243905995882,-60.89146310633984,-231.21627310320847,-96.06202528584994,-21.920355115511388,-29.23478305037344,-23.385388687022356,-21.423069895030107,-20.58295409835503,-20.540303746682664
-20.431954634738126,-20.568486455213876,-20.42606420751419,-22.432386924999076,-30.171421430364006,-20.468436014225915,-22.331159701078516,-44.77684550696377,-60.240992292253445,-20.861428623670278,-20.48341420791983,-20.605582076836136,-20.617644481842312,-20.85200331123442,-31.170516959278498,-20.66382527841064,-20.544402541731007,-20.423183618440135,-21.45406235159382,-23.86964734081318,-29.370486607450076,-60.42663579265114,-234.3355838961633,-95.62244737831159,-21.826542581221815,-29.305299567327253,-23.35819703897508,-21.321179623280667,-20.473277354943423,-20.42811307471885
-20.57092517131402,-20.70544940832,-20.566765264185904,-22.547311614069045,-30.220487471415517,-20.60799483199387,-22.443065205536804,-44.77026243593527,-59.90402216345752,-20.99514261061959,-20.62050224488158,-20.74168073223868,-20.751941940567225,-20.980546993427858,-31.170545433278985,-20.794190218481596,-20.680264278222133,-20.562231153211766,-21.577736627482462,-23.96062943610636,-29.4069471734081,-60.06018572499926,-232.66040935217453,-95.02764708802974,-21.941880535701543,-29.324899384732106,-23.457698159500644,-21.446742815164846,-20.61215924971507,-20.568657587744216
-20.687316893856057,-20.819827647806832,-20.68484894768725,-22.638539861911784,-30.25767356451717,-20.725178839998865,-22.534408358479126,-44.76811013106736,-59.65183888940588,-21.108028634880952,-20.735024016330787,-20.855791463878298,-20.86393551227641,-21.08824695751205,-31.17819218154632,-20.902313195291487,-20.793494710325184,-20.678517382035345,-21.68126044919045,-24.036328748251563,-29.427129913355607,-59.80696113299142,-231.14371984797825,-94.59714039080298,-22.038783509500558,-29.336358073735717,-23.537703651313485,-21.552244803404104,-20.72862257137769,-20.686615823505466
-20.90300346857041,-21.035269084141813,-20.901471763701768,-22.86317324016079,-30.397003252593123,-20.939352806273018,-22.73090962777894,-44.81175014286386,-58.92804034996519,-21.308312692222394,-20.95035391177798,-21.065830151882256,-21.076169061109756,-21.286709807918538,-31.124013150230297,-21.11274574219117,-21.009199645260715,-20.89583311825396,-21.874343403625286,-24.18664664543158,-29.586104582770865,-58.82682309097547,-230.09718414870252,-93.2274949444528,-22.21513406564543,-29.420648959511702,-23.72378205262342,-21.744590476628805,-20.94302227877823,-20.902906016932697
-20.654366868547385,-20.780863088527767,-20.656014643578164,-22.51380197374983,-30.187905461870635,-20.697858908501832,-22.460649157712357,-44.825707568948985,-60.2767153613535,-21.094288766722677,-20.697248749740947,-20.825727224773164,-20.8228656093435,-21.05900822706282,-31.311392361062104,-20.851366157949986,-20.75032311451187,-20.64213111713056,-21.649313996588173,-24.011266459171775,-29.200792670529708,-60.91742543407693,-229.28706778282324,-96.02408226361419,-22.015670783965916,-29.210202891707333,-23.444268781181698,-21.528105412008674,-20.6985125092891,-20.657988583413974
-21.182217519659616,-21.298529290460422,-21.193361229846502,-22.928900050879218,-30.3974432043337,-21.230368847977548,-22.871596029835924,-44.984216005269566,-59.15729526803642,-21.60687791637291,-21.21595151786097,-21.342156025331473,-21.327858958577085,-21.542196551606178,-31.336939252477084,-21.334834161044753,-21.26226264618631,-21.169194555479443,-22.115514879384197,-24.35126991501102,-29.288642387405723,-59.771352591924845,-223.2051796071358,-94.31661310181983,-22.44723123073458,-29.255255838950767,-23.79997557986002,-22.00422779415928,-21.227232625750563,-21.194672966805022
-21.634443141132145,-21.74920057159003,-21.648279303908478,-23.37869171783759,-30.6184343488932,-21.68033221622814,-23.274377551544788,-45.01500814340794,-57.741960843196296,-22.028509407882677,-21.66570999607789,-21.783416681383866,-21.771318018093854,-21.958542152409745,-31.260774722802555,-21.772717608627406,-21.71279013049732,-21.624435135804973,-22.521832161697617,-24.650337806733127,-29.597953762139504,-57.87945811317638,-220.1033451844313,-91.5685557798898,-22.8207971489059,-29.441582502722852,-24.1835731952156,-22.40965041089635,-21.677142533919962,-21.648854269276693
-20.096021709254632,-20.231395678585343,-20.08982772258348,-22.057733599916205,-29.999814525885437,-20.136455848972737,-22.01698144799229,-44.83344290569116,-61.65333556904487,-20.556581121600647,-20.14716831273618,-20.279294304718828,-20.28491264774808,-20.54493144803566,-31.322428551436246,-20.331288040859725,-20.205885222496857,-20.08381857481845,-21.154946946998805,-23.653129745609135,-29.075961753856166,-62.40156381008306,-236.1985265595778,-98.35763718183233,-21.556526901307276,-29.14907600472499,-23.05370966120174,-21.025132726350158,-20.140210506830485,-20.092439419392406
-20.237997101327434,-20.367815380277612,-20.23608858492685,-22.12483813789953,-30.046572342001124,-20.28220256717029,-22.106905494326796,-44.899738850044756,-61.61820934973535,-20.703566061381856,-20.284659959958738,-20.419350930024418,-20.417056182963762,-20.676868631998207,-31.393877304373905,-20.45347354565898,-20.338771494904343,-20.223994877696935,-21.279461057076198,-23.751611442656973,-28.99508227363821,-62.60036704534859,-233.60238635732367,-98.5137696124541,-21.67582968899152,-29.09635834627894,-23.11682838752292,-21.156271539662853,-20.283669450284897,-20.238643298315104
-20.35085221758084,-20.47922749549518,-20.35029353639336,-22.22267450495394,-30.082932236664135,-20.395340973483197,-22.198944446987994,-44.88795040912521,-61.29570622191789,-20.81095514764185,-20.39609429629228,-20.5296287304633,-20.526265845460706,-20.780454872187708,-31.38079066691006,-20.559620084937063,-20.449413305500762,-20.337043295990842,-21.379313311830536,-23.822244220634015,-29.03239624700533,-62.22395101378483,-232.27537478287024,-97.94540905333987,-21.767961134388827,-29.115554280072494,-23.199522562084006,-21.25738242961736,-20.396345146733076,-20.352706713340243
-20.813509959833695,-20.945056256244808,-20.81211044151264,-22.75692324221051,-30.320443045732354,-20.85118475573301,-22.642903720656598,-44.779401847121335,-59.28562691753853,-21.227222806927536,-20.86025472867861,-20.9790120705137,-20.986996407632947,-21.20457157730978,-31.162057180675163,-21.02304727530625,-20.918317077482417,-20.805238558335084,-21.793914242169315,-24.12127898732875,-29.491799108070726,-59.34882077221205,-230.09539440817173,-93.92332923971672,-22.14267056035586,-29.371365069861355,-23.637747202508763,-21.665497776148914,-20.854392631489382,-20.81370472759482
-21.047593164644844,-21.177976474215644,-21.0478095269765,-22.986505275770213,-30.460413044857845,-21.084417383425613,-22.849676411132613,-44.83111238629566,-58.58526496805153,-21.447122327983223,-21.09317874263387,-21.20735311455476,-21.216093153023326,-21.42033090083541,-31.125309411504873,-21.248747024785377,-21.150936020443165,-21.04062691999923,-22.003458050785557,-24.28354274409073,-29.635156690425738,-58.43860059598465,-228.61919568214117,-92.61965138721906,-22.335264717693917,-29.44879685605966,-23.830580161087944,-21.875311374738427,-21.087465118811924,-21.049062811219475
-21.20201078620668,-21.32802154059443,-21.20574421712976,-23.082332219389755,-30.481430856569162,-21.241397172798223,-22.958408550338305,-44.83465903757618,-58.38590484005272,-21.60102833185737,-21.24353023941406,-21.35931978142929,-21.36213744728373,-21.563043850736094,-31.17041830219614,-21.38663044644211,-21.29831661383407,-21.194063984359726,-22.140261916571884,-24.378520379256496,-29.61020952273605,-58.3486725669176,-225.9527525512564,-92.35854864529861,-22.464849437806222,-29.440266209780567,-23.919894488748053,-22.01673405392071,-21.242701304328577,-21.206850767309685
-21.29968962161954,-21.42183606839734,-21.306577041262617,-23.128582266470207,-30.486901236899776,-21.341696041341375,-23.019408709890012,-44.86080881114475,-58.33398020899033,-21.700926619383075,-21.33770425983636,-21.45561791652987,-21.452737635286912,-21.652633460006488,-31.215285443151366,-21.4698938177278,-21.389667876094688,-21.290578595378914,-22.22582336009566,-24.435992537437624,-29.56146872339488,-58.430831308736025,-223.9850307742519,-92.39806059024426,-22.546151501705886,-29.41614606535775,-23.964963730007433,-22.106551318554,-21.341381646835753,-21.307601051005676
-21.2280591980435,-21.350939235951245,-21.234156379557724,-23.063811241178126,-30.45145281834542,-21.269991694273433,-22.95889282190406,-44.843757035505625,-58.519696307736695,-21.63279142026007,-21.26679907119282,-21.38562694633744,-21.383216737482684,-21.586728879323335,-31.219005087400305,-21.402111802008008,-21.319110368544195,-21.218727013417574,-22.16183049071965,-24.388027995629493,-29.528428075883213,-58.65819964870424,-224.58323911637152,-92.73153429996933,-22.487052360890885,-29.396911090542957,-23.9095355714204,-22.0420526979144,-21.269902135596382,-21.235283746355584
-20.604902268254552,-20.72930390090556,-20.60800561429899,-22.433548445200238,-30.172071544247267,-20.650724053172112,-22.40181644540585,-44.899634874007006,-60.64955207908388,-21.054957001097257,-20.646436001877554,-20.778041293561262,-20.770947499518687,-21.013546410138847,-31.369276296627973,-20.795983603719296,-20.697293410529735,-20.591155085773767,-21.603887977835953,-23.983652204877362,-29.096153989785094,-61.507536113742674,-229.268657299469,-96.86130183998105,-21.97561854731859,-29.14735585736301,-23.378678111861273,-21.485701773077462,-20.65034703818586,-20.610108651045497
-20.5771852736754,-20.705498608532423,-20.577278301198188,-22.458825436012418,-30.161541372532994,-20.619709308182255,-22.40321865698794,-44.80780500521864,-60.41195931616464,-21.018278510672726,-20.621660332288716,-20.75004309866378,-20.749410568206443,-20.9880065083505,-31.300278147658055,-20.78147904390154,-20.676048534953754,-20.565258340055504,-21.58123116828234,-23.961173815583805,-29.201421335994233,-61.026362284792164,-230.34731739201774,-96.21107902971809,-21.952036061131267,-29.211868066229123,-23.3962956103008,-21.45809658565976,-20.62106470445597,-20.579330490647493
-20.628139586958447,-20.760591800874753,-20.625510408637933,-22.57498603000946,-30.22191618542827,-20.666540344468284,-22.479751358290123,-44.7640756308932,-59.86873301924185,-21.05356521979378,-20.675865880819053,-20.798215655116504,-20.80552217008542,-21.033886941232957,-31.197278796229412,-20.844173029327585,-20.734100796822116,-20.618823304652608,-21.628331686832407,-23.996000131221038,-29.379555446693672,-60.105905930442965,-231.4336475984542,-95.01355665165629,-21.99062195455083,-29.310959192213417,-23.485373951721325,-21.499670519641697,-20.669863140611678,-20.62737180184147
-20.38296716399999,-20.519942149853534,-20.376635734157702,-22.387603710390465,-30.15013883299672,-20.419472449746973,-22.289738584599142,-44.77843471463035,-60.38369478633584,-20.81503807385984,-20.434861724127607,-20.557725826749678,-20.569948401339698,-20.806822508847493,-31.176784712257785,-20.617105997806448,-20.496069503631812,-20.37402970541818,-21.41044949907651,-23.837234687737165,-29.348670780925847,-60.600210280657535,-234.81177087688005,-95.88331922577437,-21.78624808765332,-29.293942086189784,-23.320352132202927,-21.277226964575586,-20.424433433566268,-20.378747001594594
-21.131508808553615,-21.261129854716838,-21.132541039259948,-23.06341557519299,-30.50643353161875,-21.16833274001393,-22.92132158030032,-44.85211223070603,-58.36653461041945,-21.52690975507408,-21.176380589504593,-21.289351936346158,-21.297736426691504,-21.497787002291663,-31.120446073632316,-21.3286046364893,-21.23375636640726,-21.12483449777613,-22.078560084831093,-24.34131487999802,-29.675500304470123,-58.170370257042144,-227.96427667760813,-92.22244434154746,-22.404723915294785,-29.47125715948115,-23.896225965642145,-21.950915764144817,-21.17116684902126,-21.133678891913064
-21.009152199560035,-21.13282887200569,-21.01395225317062,-22.845543434942144,-30.33632470642337,-21.052164780828527,-22.76396651560823,-44.823773056886694,-59.21079680704636,-21.428439114403638,-21.048942691329042,-21.172112026644832,-21.16856112144416,-21.385143325900696,-31.25934460438077,-21.19014021685564,-21.10106570647491,-20.998411718278234,-21.965579047958006,-24.240816135036795,-29.382687420085905,-59.57552329745608,-226.048098774491,-94.05263680518888,-22.306823793619053,-29.31345288496894,-23.725248375752628,-21.84601535731894,-21.0520980390989,-21.015418732270557
-21.10866238755813,-21.227900394782132,-21.117214649785993,-22.88949645611899,-30.3657429090537,-21.154815247830943,-22.82403112246837,-44.90904977935257,-59.19848506652308,-21.53166104775804,-21.14476056969286,-21.270026231420744,-21.259914823301486,-21.475677748507483,-31.309305244143445,-21.272824610849838,-21.193366742455893,-21.09648926260071,-22.05182091757296,-24.30377163474022,-29.320352525901722,-59.725618480878495,-224.27496661477753,-94.24024928348219,-22.388049986470868,-29.275934762778885,-23.765809902062973,-21.937283307353333,-21.152884666039405,-21.118601864010387
-20.769830556021805,-20.89399521042926,-20.773560547927232,-22.60217128670731,-30.230300414739965,-20.814426782934373,-22.549454272896465,-44.850989483618115,-60.0401238912405,-21.206825898513912,-20.810627846475732,-20.93879466022786,-20.933269482170722,-21.16501269336695,-31.319576826911995,-20.957021716132125,-20.86210169899059,-20.757346899596982,-21.751297159600952,-24.08585470923624,-29.21393731229583,-60.68847150408142,-227.84755331042152,-95.66518614979208,-22.11046987488177,-29.21607776018817,-23.5204395444943,-21.632447020123017,-20.814205670856307,-20.775402567690843
-20.85001190517185,-20.976824172114508,-20.85200129643855,-22.72349179705266,-30.278842714967876,-20.891552199481644,-22.641025703252907,-44.789482569437126,-59.529610014778015,-21.27339923687199,-20.89266806935923,-21.016208606064808,-21.016271376875267,-21.23885072122632,-31.24520204742349,-21.044253047150125,-20.946885903222682,-20.839572776788245,-21.82462485398228,-24.13795360610166,-29.36128193871728,-59.88539917646819,-228.01316837466322,-94.54756524261565,-22.17555891595368,-29.301401848147922,-23.61900130702382,-21.70196357720319,-20.892665429533203,-20.853654936370667
-21.008496407827842,-21.136335980620835,-21.010273123095402,-22.905707319484435,-30.383069154000154,-21.047828324396924,-22.793960713263395,-44.79525469863722,-58.898124179472305,-21.41716094288477,-21.05179615736965,-21.170234851970207,-21.17400753657466,-21.384686229172786,-31.183014458590968,-21.20279551263392,-21.107455248431098,-20.999898748042035,-21.96728173767191,-24.24761006575852,-29.51864945717694,-58.97736311486115,-227.55231064750336,-93.28710487706508,-22.304986747667918,-29.388415288792636,-23.769117856274725,-21.842510357290596,-21.04966232648221,-21.011649900428427
-20.94483991845147,-21.072671472903096,-20.94640641528459,-22.838430458735463,-30.343309087508747,-20.98469427815673,-22.73539121550615,-44.78591391599406,-59.116464120986045,-21.358283932028314,-20.988201773245674,-21.108244270664194,-21.111242853795584,-21.326072679107757,-31.199602840535043,-21.14040762747375,-21.04364392336998,-20.935714328712358,-21.910152855628358,-24.203545870925705,-29.468646286969225,-59.277273914278894,-227.85330003977933,-93.70864569211349,-22.252793261006232,-29.360933687236457,-23.713124207568782,-21.785720618165644,-20.986423903486923,-20.947884981334187
-20.78799532793236,-20.9181412989924,-20.787441730171807,-22.7081392443553,-30.282122951642926,-20.827098348225075,-22.608847073951647,-44.77029151347243,-59.48425112237944,-21.2073008548942,-20.83354339974466,-20.954706470390484,-20.959901584606808,-21.18143306898825,-31.197418749908287,-20.993855693425875,-20.890383953454485,-20.778783857350636,-21.770564735625992,-24.100672401568886,-29.4244607133299,-59.68207098412703,-229.6038319451683,-94.34341505648862,-22.12297053250261,-29.335814135703814,-23.600403588290945,-21.64402495288423,-20.829631852414977,-20.78911259643781
-20.814493867663753,-20.944322409547972,-20.81424471331459,-22.731247698406406,-30.29329469361874,-20.853658042267085,-22.630759962949565,-44.772257318751954,-59.415957692250586,-21.232615266687116,-20.859736159011902,-20.980621681962507,-20.985578176062337,-21.20586666396555,-31.196256642013303,-21.018851011604635,-20.91640083304968,-20.805334562246095,-21.79417372486607,-24.118170485360288,-29.434272843667692,-59.602370296844526,-229.33362782865152,-94.22181247529775,-22.144858023177253,-29.341265043484256,-23.620207581118308,-21.667900588734774,-20.85608959002603,-20.815881720979515
-20.242277219891946,-20.377072823184655,-20.23688845242691,-22.203452430579052,-30.054251660479544,-20.281913246289953,-22.145349820509413,-44.79607030114134,-61.120711499388754,-20.69212492734166,-20.292613775821952,-20.421797626683073,-20.42832855189254,-20.679030123849415,-31.277983126457134,-20.472970376265554,-20.35144497132256,-20.23100067567271,-21.28482812126084,-23.744699941771504,-29.166110457975844,-61.704897419721306,-234.85144209809397,-97.34874071750477,-21.67515888121238,-29.197089155077506,-23.174465561892134,-21.15503035349409,-20.285659185120377,-20.23928733735351
-20.790433576838016,-20.916660199115622,-20.79267185166739,-22.652498147708325,-30.245526988388576,-20.832999456515335,-22.582475082665802,-44.803302911425284,-59.79280115209369,-21.220096852570396,-20.832748770017194,-20.958343675534877,-20.956660765716432,-21.184058999658888,-31.273952569380043,-20.98395665639718,-20.886197660566314,-20.77919412357082,-21.770940762926088,-24.09846873734791,-29.296175503259597,-60.26892891099628,-228.22057026228308,-95.08569372916527,-22.126978878684515,-29.264498374761487,-23.560502132883283,-21.649336850311652,-20.83374990447784,-20.79443429815052
-20.429053940255237,-20.562711481501086,-20.42498715651382,-22.38325608141547,-30.130489020017034,-20.46807343585083,-22.306907449073506,-44.770643802372064,-60.502313060201296,-20.86687219159484,-20.478097122293196,-20.603983585674772,-20.610914553989122,-20.850694587088753,-31.236083119883123,-20.652673209223842,-20.536659554091333,-20.418729824837794,-21.450924477574393,-23.864890461507294,-29.26857045746115,-60.91557606239009,-233.12603852429703,-96.19408340933583,-21.827601116699352,-29.251510952682864,-23.324694961965736,-21.321684415429623,-20.471617297406418,-20.42712672801171
-20.852805024327413,-20.982992181157744,-20.85244280810256,-22.777255688317805,-30.322125316162513,-20.891343049159953,-22.668634923188392,-44.77740178177495,-59.25429936455774,-21.26709082814969,-20.898316526162677,-21.017790764786017,-21.023847073242038,-21.24104413351077,-31.178511344807095,-21.057469364212267,-20.95539969795951,-20.84414735657432,-21.828637789786477,-24.145241433397672,-29.476125286707706,-59.36546538340187,-229.29492421887545,-93.90052290560575,-22.175921341715668,-29.36379674408695,-23.657617690186505,-21.701725680703937,-20.893998222918718,-20.854010113514395
-20.32389711589572,-20.45859217764303,-20.318820043950392,-22.28826624409376,-30.089900712787742,-20.362904630736622,-22.21878986040179,-44.77998902563861,-60.81099688570676,-20.767265200046705,-20.373981706495304,-20.501246334433173,-20.508663569272766,-20.753841025721233,-31.249870667067867,-20.552679500446388,-20.433052796853428,-20.313251617616334,-21.35745609315056,-23.796797496784272,-29.224406694058665,-61.28833993662831,-234.22517210259585,-96.75603377525587,-21.741275747534086,-29.22826539923306,-23.244361596417146,-21.227392421557045,-20.366743449270903,-20.32109366869125
-20.734067187376723,-20.855608227846666,-20.739745745484218,-22.530457344934767,-30.223446367045135,-20.781339195421072,-22.49982213604233,-44.94359249237186,-60.397234886699906,-21.18136616639064,-20.773139334540858,-20.904458969677155,-20.894000271544794,-21.13174500247385,-31.379740834928107,-20.91316968682954,-20.82196579902701,-20.71993046008525,-21.71752577012654,-24.067398549258932,-29.104523289900797,-61.27363140404064,-227.67805164340837,-96.50966228883782,-22.080947667260375,-29.148792019618163,-23.46134712527116,-21.60230700749552,-20.77987828082407,-20.741701498532375
-20.972622062166536,-21.092435622415604,-20.980323805528364,-22.75569034995452,-30.310122401475894,-21.019398412524655,-22.704303279807462,-44.92087704727645,-59.64404314721406,-21.404960882967345,-21.00958936666584,-21.13729552412327,-21.126635023796666,-21.350618204012527,-31.336936145227906,-21.141352855340674,-21.058048126859795,-20.95960472272777,-21.93007940930511,-24.21681743040042,-29.233171401950415,-60.31276309226041,-225.40066724085648,-95.09856796114242,-22.276238119278872,-29.224185292871663,-23.65227287628622,-21.81562638192461,-21.017524315948343,-20.981923589269954
-20.21622968346303,-20.345248498228386,-20.214858264172996,-22.090937177224824,-30.045168308118257,-20.261372808540838,-22.082089842590133,-44.937096151855556,-61.786968154291486,-20.68626137729357,-20.262434891955014,-20.39838339425266,-20.394417595205493,-20.65713145466322,-31.420684605191767,-20.429567609170007,-20.315640462269755,-20.20161045352566,-21.259745975878673,-23.74157477973828,-28.952690392767163,-62.86238063160385,-233.68179047803886,-98.8848443679303,-21.65861956721606,-29.070643458097546,-23.089297583984404,-21.13778018557193,-20.26243778056096,-20.217471045959805
-21.429129836730922,-21.54838779435265,-21.43866824721428,-23.223994768506145,-30.534203531140328,-21.472660052450426,-23.11747344890713,-44.91056689424504,-58.10796651805049,-21.8277732721148,-21.464496721769795,-21.582449450386125,-21.575956780533822,-21.771185574832533,-31.234316212264304,-21.58708182644229,-21.514534009084546,-21.419637478205164,-22.34035579219173,-24.518820623400845,-29.5725508288198,-58.22756832396581,-222.40001229804878,-92.07775750693924,-22.65272773781327,-29.4242756778065,-24.048818473907804,-22.22390515408708,-21.471220217035786,-21.439527562372202
-21.54457521746894,-21.66300895835838,-21.555150644432082,-23.333658348226287,-30.598463003228836,-21.587918373870195,-23.217912103100133,-44.944475772496304,-57.79166555223853,-21.9367621480898,-21.579076485945784,-21.69515484563557,-21.68849906806074,-21.8774245194637,-31.224206933530127,-21.69739944232159,-21.628876469606006,-21.535635781228812,-22.44386545775659,-24.597441838873625,-29.63901638526889,-57.820210622870505,-221.6259358371959,-91.49149285572095,-22.74805980843633,-29.463381885139448,-24.14239403928716,-22.327730616528324,-21.586277161512637,-21.555829887672516
-20.93919254994197,-21.069449665085514,-20.93908816166106,-22.869717493974342,-30.379923792419742,-20.976976497563314,-22.7486455838892,-44.794948242127724,-58.953698135213344,-21.34688196654587,-20.98469893084815,-21.101870277249468,-21.10909262875484,-21.320537080511635,-31.154323813722684,-21.14227581531951,-21.042089277239793,-20.931277996245377,-21.906116725966772,-24.2057541942069,-29.54583226428833,-58.95026309029776,-228.94533634452233,-93.32355214353007,-22.246559301665947,-29.40127154037982,-23.73410227627402,-21.778685170162316,-20.9797991332308,-20.940516868217493
-21.32669403304568,-21.451666858734136,-21.33161196943173,-23.198398156825984,-30.551292805332153,-21.366003673704668,-23.065727516712073,-44.870352701921476,-58.05513711198415,-21.71925951869261,-21.36721034355413,-21.481101578950714,-21.48352957938569,-21.677967348201683,-31.161756398919064,-21.505451025636862,-21.421546241470626,-21.319245579450048,-22.251921571900592,-24.464196953801697,-29.675064902561775,-57.93427440057822,-225.05082587859624,-91.75462774346475,-22.5679115974511,-29.477154556687303,-24.018853175791516,-22.12898161045466,-21.36702932857339,-21.33253749073988
-20.987632226538164,-21.118250134997513,-20.987470058805364,-22.92667681198998,-30.421436402540806,-21.024723749335568,-22.796118680723016,-44.81336286942084,-58.76560454656315,-21.390894830409014,-21.033445850472678,-21.14888664491835,-21.157327533423256,-21.365058602084527,-31.135198776556393,-21.19076157519273,-21.09124030756988,-20.980298948268814,-21.949712622038515,-24.2413287357722,-29.596022474297282,-58.67630243610838,-228.94058841679308,-92.95641406366119,-22.28593042167145,-29.42772091940525,-23.780442919329523,-21.82158486283702,-21.027784452282837,-20.98881284808502
-19.899656401752427,-20.038808421423408,-19.890435976009467,-21.909433592714436,-29.94414467833868,-19.938475373790304,-21.866448520710783,-44.85523548085652,-62.08242046977213,-20.365323683175358,-19.954193008421232,-20.08674724919168,-20.09642322059174,-20.363214584232118,-31.31162562562139,-20.14978179175061,-20.015538036491765,-19.887848603521654,-20.981228792107647,-23.526315710776736,-29.060877308931133,-62.804676337551015,-239.02861989332476,-99.06479855686068,-21.393767656607427,-29.145655255343396,-22.924758506604306,-20.847427149405522,-19.94360010567657,-19.89323061179104
-20.054248490487094,-20.1870646433394,-20.049715903923122,-21.975127801891208,-29.98766304190743,-20.097416958934218,-21.961642486905205,-44.9089113110084,-62.08633519912824,-20.526707889248026,-20.1036699391537,-20.239592703252264,-20.24013037144733,-20.507940113966477,-31.401973505927778,-20.28255010901024,-20.159716689495298,-20.040286781940246,-21.117230856453386,-23.634969796898943,-28.957603693875157,-63.10435173974695,-235.94750820785993,-99.29947999509935,-21.525438439601082,-29.080181654282363,-22.98963209960275,-20.991082952731947,-20.09992684506065,-20.052476249807555
-20.24548976577721,-20.382639089146906,-20.238590579257203,-22.244415021264537,-30.078023796692182,-20.283006370721424,-22.16559844195574,-44.78436173835552,-60.88821224221437,-20.688057285775894,-20.29772062686663,-20.42392393570102,-20.43467794218766,-20.680721870821202,-31.22128663848476,-20.48295759372353,-20.358638100314966,-20.235510016649798,-21.288060456475147,-23.74622482714477,-29.25042349242779,-61.27871147099988,-235.71684777651734,-96.83715120194708,-21.674827863867254,-29.24299602017583,-23.20277151259861,-21.155227917104114,-20.287822228312862,-20.240910186965944
-21.007895887271683,-21.142891144594394,-21.00517687029376,-23.01896153769288,-30.55986575427471,-21.041196656498094,-22.849799795674627,-44.939516372515484,-58.4034738900406,-21.399337052660332,-21.057871279245422,-21.166674148725942,-21.183054022141196,-21.38223381027759,-31.045289897626702,-21.222842574212095,-21.118782733297405,-21.002962230706984,-21.96914994479964,-24.275869449229436,-29.762390657075315,-57.98485160568341,-231.47832477233072,-92.20651691202902,-22.297751948553515,-29.507322410285056,-23.844350359486164,-21.835445986822428,-21.046220463011448,-21.00637167838305
-21.117381430400037,-21.239768161178944,-21.123495724071446,-22.94082957389598,-30.383446767613286,-21.160651881598312,-22.85377430495828,-44.84118464227052,-58.93115657973182,-21.531663076600342,-21.155902375063068,-21.27789542315705,-21.273345113658117,-21.484612027602786,-31.25401157569101,-21.291997912816353,-21.207351165847403,-21.106879039808494,-22.061962620154347,-24.31168583524844,-29.425722663743432,-59.242512489584726,-225.0122331248787,-93.55933083099012,-22.39588181374946,-29.338255901943512,-23.80675465052303,-21.943417998234835,-21.160164633095743,-21.12481237846262
-20.0859456037513,-20.228503155089385,-20.07532213437042,-22.164977443245085,-30.07712726018641,-20.120163477082773,-22.061226162651938,-44.837235192412564,-61.00606238363058,-20.525647180455266,-20.142943183332612,-20.266145962423963,-20.284385983741924,-20.530759231238594,-31.149055881411556,-20.341475698504603,-20.207819822816916,-20.07754744554393,-21.146293728221927,-23.645487019045948,-29.322071316927932,-61.175763079148936,-239.23384696010785,-96.96235040664239,-21.537427958608276,-29.280008713510682,-23.122713339848303,-21.007330039575926,-20.127112014387844,-20.077707842397253
-20.179787805176407,-20.31508621446219,-20.17388208790942,-22.145188872221528,-30.031466789390173,-20.219530026853057,-22.092292726086768,-44.80723537497897,-61.32129429257412,-20.633382874641196,-20.23066314941087,-20.360805129076745,-20.367405057730775,-20.621584980279557,-31.290372368059145,-20.41319680524432,-20.28968561624695,-20.168255862243797,-21.229356677011978,-23.704980247902768,-29.13633424212547,-61.954237139802046,-235.49727014718397,-97.71916804193233,-21.624134459374666,-29.181512224933474,-23.12562269823602,-21.099215275197395,-20.22339699246267,-20.176363706995183
-21.379883605551868,-21.49970754770921,-21.38881692992003,-23.180193592910957,-30.509978291116973,-21.42330554319842,-23.076248407158474,-44.895812350051386,-58.23042784082973,-21.780798526522855,-21.415805369072263,-21.534325568242433,-21.52827375419596,-21.725946711712734,-31.23570404686143,-21.540735132601302,-21.46612466285455,-21.3702650229209,-22.296395515576382,-24.486022936488176,-29.55119739563606,-58.37570914869876,-222.815286130343,-92.2936888075018,-22.612139608777472,-29.41158685494943,-24.011231744046505,-22.179536968744223,-21.42204977170971,-21.38974882906413
-21.48276128487292,-21.600645790834733,-21.493561521780688,-23.26148177703854,-30.553364723925426,-21.52708195496445,-23.156949068797534,-44.93754393327808,-58.025720351014144,-21.880703768355644,-21.51688818860957,-21.635005452142227,-21.626704732708998,-21.820122362781383,-31.244493864856217,-21.634954278955703,-21.565981119225437,-21.473029445326876,-22.387625362832352,-24.55270826141814,-29.572416791239718,-58.16361837374966,-221.7170857156139,-91.97852756667194,-22.696669246783195,-29.42494180675904,-24.081829107328577,-22.2725469670375,-21.525094469935247,-21.49435200312038
-19.565820046995604,-19.710726409644423,-19.5521086471052,-21.64918300721298,-29.856829172492105,-19.602580026993696,-21.60672184692567,-44.936468127706576,-62.89025610289684,-20.04220460316378,-19.625584207393352,-19.75954985030056,-19.774825315201866,-20.05395589964437,-31.310905689655335,-19.83856313573381,-19.69078798723608,-19.554337111941518,-20.685783908618784,-23.312346983380447,-29.019172551104823,-63.611762305191576,-243.87670280033544,-100.46214388978372,-21.117211186807666,-29.132329072537807,-22.699640255134568,-20.545997285715814,-19.609697979883816,-19.555215106944306
-21.069257963593518,-21.19952772607226,-21.06963064492618,-23.00767215340683,-30.474150061079335,-21.106010918000198,-22.86881943235582,-44.8377033313585,-58.52274905770569,-21.46751769140205,-21.114736469537775,-21.228489618885707,-21.237285846708055,-21.44031083724416,-31.122412852495717,-21.269610787924552,-21.172457291009266,-21.06240959093986,-22.022874477638467,-24.29876186636112,-29.648362654202412,-58.3575129748745,-228.49238000352005,-92.50374580537407,-22.353123229945815,-29.455953289295593,-23.848401397998042,-21.89475499742784,-21.109040975648053,-21.07085220108056
-20.843200615510824,-20.97148324838729,-20.844117321365843,-22.73807802661169,-30.289956199127737,-20.883491297650014,-22.645547607576304,-44.777594695026536,-59.43678027804995,-21.26320582198639,-20.887087555751354,-21.009110612345847,-21.011683018014658,-21.232493149272848,-31.218667480129547,-21.042212186919304,-20.94254971734689,-20.83347125174991,-21.819234119223154,-24.135116306883816,-29.40469086273776,-59.696980247432485,-228.57031987983493,-94.3129414375269,-22.169306585457328,-29.32547786449409,-23.628786879712475,-21.694756524024385,-20.885264772163037,-20.84574698917206
-20.802999095726566,-20.935521893618137,-20.8009324942662,-22.761269124091143,-30.332212327228948,-20.839917233862998,-22.64076623735493,-44.78734361984601,-59.24712012346818,-21.214980809386134,-20.850623273711964,-20.96838412331937,-20.97796782976343,-21.19461219291148,-31.145126857606428,-21.01561829476563,-20.90942697894373,-20.795150191267666,-21.784802341088053,-24.116590592174344,-29.517065854544764,-59.25270219222399,-230.61323755080312,-93.82630356617241,-22.13315517799128,-29.384043985562712,-23.638983065165984,-21.65521890344658,-20.843547824549123,-20.802517355459898
-21.691117645251488,-21.812345248599705,-21.700113273862897,-23.527965367633485,-30.758913426460644,-21.73085557948447,-23.375258588453743,-45.01349873124584,-57.171589354979446,-22.066817096679074,-21.7281205458727,-21.837233094703766,-21.837171893831073,-22.01367934260066,-31.15614944395514,-21.85015088547414,-21.780611512705363,-21.68481419317595,-22.57838896400254,-24.715293000355288,-29.847318553956548,-56.85363030502192,-222.39094122937675,-90.17439938952378,-22.869702111448277,-29.57806246964895,-24.30207492135766,-22.457835364875635,-21.730740386614702,-21.700501860237207
-21.594284446053013,-21.717756792720007,-21.60128895034272,-23.458952313863566,-30.731557174786623,-21.63282117564515,-23.302700359954052,-44.98735847782275,-57.32723899732595,-21.971681507810327,-21.633416892144268,-21.74221206739875,-21.745050307005624,-21.92471890610452,-31.136711596114267,-21.762577776913577,-21.687320732570367,-21.588298606033067,-22.492388005096842,-24.65435435675417,-29.841608531576505,-56.98375125901129,-223.69035026740565,-90.40349016380671,-22.789195419514,-29.57093119095424,-24.239817006329904,-22.36966626081382,-21.633585669043654,-21.60180096996361
-21.718114919285746,-21.83978994567942,-21.726894320896406,-23.563231248612595,-30.79349310700856,-21.75725507827729,-23.404039587469047,-45.0379539646059,-57.06684333557201,-22.091021844027498,-21.755570556954233,-21.86338917458035,-21.86443384217034,-22.038711609857682,-31.145014777786724,-21.8779946231953,-21.80846228440616,-21.71226498982346,-22.603116134961013,-24.73793356931826,-29.884125792916336,-56.689998300592116,-222.58526078648012,-89.9587112411364,-22.891982795147534,-29.597630149224905,-24.330826238101633,-22.481810404917166,-21.757392138781693,-21.72722929886819
-19.817703570292554,-19.958169506651497,-19.807418297779215,-21.84366339882309,-29.921025521968687,-19.856096321358113,-21.80186518016602,-44.872119530569705,-62.289713312816815,-20.286330187487927,-19.873451223864553,-20.00648401961931,-20.017371309714974,-20.287451270378448,-31.31389218513599,-20.0731802815065,-19.935651471158256,-19.80591909730895,-20.908700229877798,-23.473920855886046,-29.046321579357098,-63.021611388453266,-240.15715121805493,-99.42506745092321,-21.326110510384556,-29.139782835422345,-22.868257302465008,-20.773568760317072,-19.861669515988577,-19.810295381320774
-20.527256269194208,-20.658499432346392,-20.525124727691153,-22.44972742885078,-30.155984460592965,-20.56758077659559,-22.37870268799121,-44.77512130737733,-60.34427922878264,-20.964046223635965,-20.574149293344455,-20.700471378775397,-20.70437443814163,-20.94160592455977,-31.25547155255174,-20.74165537588748,-20.630970478954847,-20.516464234302703,-21.537825454794486,-23.928288362043602,-29.2611501676327,-60.80825249451226,-231.59962491692923,-95.96739651822142,-21.909560148584728,-29.246686389452734,-23.384259069409257,-21.411185872369888,-20.57018986060079,-20.527178307643727
-20.608570695534954,-20.73886541985214,-20.607343549355047,-22.521097652777858,-30.18725162328616,-20.649044873746078,-22.44590889827427,-44.77358181403568,-60.1220977844299,-21.041500046557285,-20.654533443919128,-20.779965063684088,-20.783210924116602,-21.016494383857587,-31.248831363781527,-20.81846119364407,-20.71084245464712,-20.597953327934597,-21.610112587143224,-23.981025417076314,-29.29134042039155,-60.54684255681545,-230.72882255323083,-95.57019170717467,-21.97645803474349,-29.262978346609692,-23.445048639571787,-21.48427521438399,-20.651355813411115,-20.60929422264526
-20.137123419019098,-20.271168939148453,-20.13194557996425,-22.080753712836042,-30.010983830844218,-20.17838949607182,-22.044775954759764,-44.84090453108209,-61.61687581823868,-20.598285158142986,-20.1871573999229,-20.31978687877396,-20.323598890711583,-20.583156037228147,-31.3374198994349,-20.36761044382152,-20.244818404085972,-20.12454667560721,-21.191168168531597,-23.680727245744905,-29.06120710215295,-62.412974284045845,-235.4733120559431,-98.33447787393459,-21.59107580834743,-29.139422039155605,-23.074938960920807,-21.06289408975684,-20.181610140648523,-20.134534418398317
-20.890500833459292,-21.01897068756855,-20.891440824698744,-22.790760609917882,-30.319541663392062,-20.93023696285051,-22.690294690904917,-44.779600918246665,-59.25595841003398,-21.30640112337034,-20.934480025866264,-21.055110112613,-21.058584302026453,-21.27599732209939,-31.20191392685377,-21.089146692092424,-20.99026853019605,-20.881259156954574,-21.861714289774014,-24.16756270966593,-29.44764962801444,-59.44148418899705,-228.38643128115075,-93.95688150367388,-22.207922413189785,-29.3491039428286,-23.672273061916123,-21.73676125404772,-20.932171243624527,-20.892990755852907
-20.823156275126355,-20.94817100383024,-20.826393288614334,-22.66962333943641,-30.25468461618916,-20.866531701773834,-22.603758607907395,-44.82024459116167,-59.77241817303746,-21.253510176669643,-20.864444532781167,-20.9905460334888,-20.9871360432035,-21.214111458693875,-31.287270817429622,-21.01212002821504,-20.91694685864538,-20.811559210387102,-21.79957330606012,-24.119558880783767,-29.282039607746285,-60.29001341695601,-227.65745251007658,-95.09800644139816,-22.154048924536383,-29.255961566828418,-23.576230231776968,-21.679335177279775,-20.866781885940195,-20.82813073234045
-20.16368342245994,-20.302563762948076,-20.1554509950613,-22.185835899492737,-30.05866385770878,-20.20038973175993,-22.104072963455955,-44.79666860217176,-61.04458057535126,-20.60782457512421,-20.217476995084784,-20.343569088872957,-20.356323442588202,-20.60472168681609,-31.21027227300287,-20.407694712756392,-20.279590788654755,-20.1539554957264,-21.215453501970668,-23.693452226065045,-29.249557184968744,-61.4085206798178,-236.98694914217168,-97.09466632334399,-21.606313111301066,-29.243113983592934,-23.15049719694174,-21.08078583529894,-20.205845455970778,-20.15784152136361
-21.346365989568906,-21.473220228389092,-21.350063229316294,-23.247925021503598,-30.60924778225653,-21.383898295868704,-23.098736229045127,-44.904594271167454,-57.87174216249586,-21.733198514893886,-21.38865321595925,-21.49960441093397,-21.505599551063685,-21.696145726393233,-31.12524118243774,-21.53051428118454,-21.44446331427382,-21.340037909856328,-22.27066070280666,-24.48660618025403,-29.753423133434715,-57.60356144629202,-225.9442084762031,-91.34981407550444,-22.5832455239548,-29.517191901112106,-24.056200015895616,-22.145253741839593,-21.385814719814555,-21.350916993343095
-21.061532122616303,-21.18874157703395,-21.063930730542,-22.95213850033922,-30.40723369104727,-21.100989577696176,-22.838000908484908,-44.80399954418755,-58.76549412724988,-21.46785570187898,-21.104227234005833,-21.222100167443998,-21.225387668569795,-21.433573324607796,-31.181588884844764,-21.252790220132756,-21.159542405864663,-21.0530452194721,-22.014602385399552,-24.28298543922827,-29.539226775575337,-58.821560907863855,-227.04682166850193,-93.05164439093897,-22.34884224262074,-29.400161503445595,-23.80900584934447,-21.890339037337743,-21.102619919527733,-21.06523708387406
-20.746494732037178,-20.871813119443942,-20.749283500169284,-22.593684664845618,-30.222706506306384,-20.790252322744408,-22.536162858190707,-44.82920101410545,-60.030601777281674,-21.18219102616684,-20.78822398725387,-20.91578027393428,-20.911981196337216,-21.14364472012053,-31.304910338531446,-20.93791520098972,-20.84064917158416,-20.73441522381348,-21.731091853969076,-24.070353038301274,-29.23304916814803,-60.62985011812631,-228.2946357545258,-95.59262168572656,-22.09123761744267,-29.227934674656673,-23.51230142777356,-21.610888902257905,-20.790518414852173,-20.75113724950764
-20.746494732037178,-20.871813119443942,-20.749283500169284,-22.593684664845618,-30.222706506306384,-20.790252322744408,-22.536162858190707,-44.82920101410545,-60.030601777281674,-21.18219102616684,-20.78822398725387,-20.91578027393428,-20.911981196337216,-21.14364472012053,-31.304910338531446,-20.93791520098972,-20.84064917158416,-20.73441522381348,-21.731091853969076,-24.070353038301274,-29.23304916814803,-60.62985011812631,-228.2946357545258,-95.59262168572656,-22.09123761744267,-29.227934674656673,-23.51230142777356,-21.610888902257905,-20.790518414852173,-20.75113724950764
-21.194233008012336,-21.315399613742827,-21.20152598785227,-23.00437890267569,-30.41556436016193,-21.237961637249832,-22.915464218633566,-44.86110066930064,-58.75712350866851,-21.60573807983172,-21.231606352631367,-21.353075502635793,-21.347274240119678,-21.555144824028936,-31.255842281948134,-21.36327461324032,-21.282315432925945,-21.183748089775968,-22.130219228949734,-24.361734107628674,-29.447132673388687,-59.05017471219614,-224.20625391247063,-93.27123295203478,-22.45910115492879,-29.350792218902654,-23.86152668704877,-22.012765777364173,-21.237035718550615,-21.202739949748125
-20.676265433139296,-20.79494700689195,-20.68409923853136,-22.435958419113778,-30.23182040714973,-20.726616741232675,-22.430270354630437,-45.08910627396283,-60.86856956709957,-21.136677471763434,-20.713794098462632,-20.848482689640388,-20.83254023479495,-21.07794412453981,-31.45086516940296,-20.846711678415126,-20.75954343369396,-20.660187497161452,-21.663602371198486,-24.04118147216097,-28.974508660464572,-62.01367896234208,-227.96250430578846,-97.6226949728395,-22.032529559032348,-29.065153103817696,-23.380922814690084,-21.552600006160866,-20.723799333222605,-20.686206772187372
-20.594716200236483,-20.72713475182855,-20.59199947163401,-22.53910224575567,-30.202727761828378,-20.6334251856362,-22.4489237624014,-44.76369038897943,-59.99305166688113,-21.022840850342625,-20.6424599989166,-20.76569697711527,-20.77252686597145,-21.003195702226105,-31.208409510152205,-20.811326205990095,-20.700553941481598,-20.58510667225903,-21.598453285799952,-23.97349097863873,-29.352733882685257,-60.27713001561831,-231.61040718352254,-95.25287161511949,-21.963440346974608,-29.29657212988576,-23.455823741101266,-21.469993679981723,-20.636678837279653,-20.593914293949126
-20.52589563718144,-20.658053311633168,-20.523134804327956,-22.462302684992807,-30.163551310181745,-20.565417048880985,-22.384145513436664,-44.76816952978936,-60.26967253748033,-20.960199724738636,-20.573534477824797,-20.698811859528718,-20.704315502975476,-20.94008921344323,-31.236249786186065,-20.743100108671307,-20.631155018620845,-20.51557803890093,-21.536910062279027,-23.927665996859456,-29.29113615646245,-60.666085910717314,-231.9330242063032,-95.79284652208197,-21.9076900792992,-29.263303013989898,-23.39293994489266,-21.409111886034317,-20.568440002557832,-20.525165133139595
-21.111436040911336,-21.230215748192663,-21.120364018938837,-22.886480240658074,-30.366555142316532,-21.15797498308478,-22.82348981155082,-44.92135704339934,-59.22337870132441,-21.535393916588205,-21.147187275963535,-21.272803532033883,-21.26193616279643,-21.47806392918895,-31.316089648548527,-21.27397261798279,-21.195391316687584,-21.09905529507744,-22.05394956835618,-24.30554403872747,-29.30844800018938,-59.776021791714584,-224.1627783364192,-94.31387783126628,-22.39015327108867,-29.268613358407464,-23.763439528618022,-21.939974670415545,-21.155841983076098,-21.121754316087255
-20.883894801143413,-21.012953706157695,-20.884405207739444,-22.792742883173382,-30.323879728562307,-20.92316713884958,-22.68865201946489,-44.7786817487421,-59.23342834642337,-21.298764150426056,-20.928389985175716,-21.048472460461923,-21.052908558705735,-21.26984459204143,-31.192253776222305,-21.084490314733337,-20.984646312714084,-20.87490517639147,-21.856048955050888,-24.16420403783465,-29.46225390265769,-59.38551886342685,-228.66009652086453,-93.89444213507477,-22.20215322197203,-29.356849833263006,-23.67278879321337,-21.730392080199703,-20.92535912745194,-20.885951330290382
-20.826726665083047,-20.952158434045266,-20.82966184812764,-22.679228948420842,-30.258171477468117,-20.86969756529442,-22.60993123070594,-44.811835992990446,-59.72531081051858,-21.255663423966748,-20.868330266450215,-20.993915840099582,-20.991277239472762,-21.217417522459225,-31.2783220239521,-21.016979226042043,-20.921224755167053,-20.815375923602783,-21.80301254866799,-24.121907261828408,-29.298262478334706,-60.20901729833181,-227.7458074749376,-94.98716758464545,-22.156894710119666,-29.265419393664594,-23.58381399013624,-21.68222395971004,-20.87014351907145,-20.83138425545643
-20.549069238093015,-20.685517105326184,-20.543650636916347,-22.55541136978441,-30.243298596475636,-20.58467078025304,-22.437838841732365,-44.79017299714057,-59.82536577213458,-20.969793770821553,-20.600356761672455,-20.71955650290526,-20.732944204283374,-20.959549552346147,-31.135273038120573,-20.77822457252795,-20.66157977729336,-20.541207609902095,-21.558556693547345,-23.94986753187438,-29.457122597582227,-59.86379398010258,-233.7175446441373,-94.83960148683602,-21.92169978079451,-29.34997582088456,-23.459231211028545,-21.425260809053068,-20.589656938049302,-20.545520288415204
-20.719202509644617,-20.854317132002045,-20.71522227961018,-22.714241609019695,-30.33067930269636,-20.754582688406426,-22.583841769300566,-44.80729635602646,-59.337350131142834,-21.13074051335735,-20.76921092105589,-20.88570467405563,-20.898841056158577,-21.11653941500503,-31.11451452276021,-20.940984667470662,-20.829795704789174,-20.712020855258324,-21.71041431097322,-24.065480459532044,-29.54165771854028,-59.25886360064423,-232.30277162942738,-93.94497747289746,-22.061870370253107,-29.394523806156993,-23.593355636212923,-21.578002502347346,-20.75923830382938,-20.716866391889358
-19.962096027277894,-20.096706723414627,-19.956070419906666,-21.904667568428508,-29.95846947406094,-20.00448377851457,-21.890903153828262,-44.91032440190251,-62.29264882990832,-20.43703925831992,-20.01310269255115,-20.14932199079742,-20.15177877247441,-20.42299486519312,-31.399165751591923,-20.197632801808002,-20.070413451969777,-19.94831894696465,-21.03595709682441,-23.575506102271298,-28.949717004934875,-63.30316084303361,-237.2166929393195,-99.62792733900781,-21.449662518344145,-29.078977295179982,-22.929233583813378,-20.907910607303187,-20.00764749921818,-19.958921061639217
-19.962096027277894,-20.096706723414627,-19.956070419906666,-21.904667568428508,-29.95846947406094,-20.00448377851457,-21.890903153828262,-44.91032440190251,-62.29264882990832,-20.43703925831992,-20.01310269255115,-20.14932199079742,-20.15177877247441,-20.42299486519312,-31.399165751591923,-20.197632801808002,-20.070413451969777,-19.94831894696465,-21.03595709682441,-23.575506102271298,-28.949717004934875,-63.30316084303361,-237.2166929393195,-99.62792733900781,-21.449662518344145,-29.078977295179982,-22.929233583813378,-20.907910607303187,-20.00764749921818,-19.958921061639217
-21.72590407923102,-21.837650539581603,-21.74256220217393,-23.436007226032142,-30.653366044676524,-21.773734130508302,-23.337688301592934,-45.0949148977498,-57.64093560624725,-22.120052521937865,-21.754561223676482,-21.872964946898488,-21.856630944798212,-22.041012967665694,-31.284792434460662,-21.851605944476646,-21.79948124238341,-21.715199374573896,-22.601570477992745,-24.706602811449493,-29.581666826987153,-57.83720990488191,-218.9144425172283,-91.52677507722163,-22.89439456496969,-29.432935416974786,-24.233571281537202,-22.49247006877686,-21.769311165459325,-21.74301048820331
-21.86166828817713,-21.97196137035689,-21.88002692537585,-23.559250107152117,-30.725623254793064,-21.909718482182573,-23.45267376532706,-45.15416882428394,-57.303577520934,-22.249145595467127,-21.88885464797893,-22.005527122455373,-21.988090606419256,-22.16532889435173,-31.280549397026277,-21.97935055570627,-21.933167972438035,-21.851415780700613,-22.722917738206935,-24.79696361738833,-29.64874199900533,-57.41431919421619,-217.94200572402121,-90.92947595812007,-23.00601296426528,-29.474306046585838,-24.339395740454904,-22.614661293741914,-21.904829422461667,-21.880250963145954
-21.11344583373545,-21.238770701492435,-21.117361171384232,-22.978747711443248,-30.41210610124083,-21.15414176553823,-22.871595227437915,-44.81379357041949,-58.72809349519712,-21.520630459719193,-21.154437073359187,-21.273268649285686,-21.273836799256408,-21.48138650979272,-31.203286686845814,-21.29770909054265,-21.208376985830824,-21.1044166048057,-22.060248499527063,-24.314359064272693,-29.51770584174666,-58.84764922379422,-226.0409463670526,-93.04387984562433,-22.39224986992512,-29.38948771874726,-23.834569702651883,-21.938057365866847,-21.154992572146497,-21.118625288281734
-20.87459647396335,-21.0029446564698,-20.8755690267514,-22.77215257757664,-30.308623215508536,-20.914570295287444,-22.674800913382718,-44.77869341661311,-59.32101812435647,-21.29202424631421,-20.918492898335046,-21.03966333025065,-21.042730763927374,-21.26137408740854,-31.208632033745786,-21.07318460588026,-20.97412372188507,-20.86516039556812,-21.84740184259354,-24.15649551750607,-29.431227705737683,-59.53574773006113,-228.42251282928012,-94.08666291055492,-22.19496952324545,-29.340109481461724,-23.657019616007336,-21.722682158360847,-20.916423793781885,-20.87714718293939
-20.55115714489026,-20.684974774368353,-20.547380414091027,-22.515055309330197,-30.19759942232178,-20.589003610842383,-22.419598112888615,-44.7651380611112,-60.03448883668597,-20.97883395304734,-20.600147591154666,-20.722741841809253,-20.731503955508177,-20.96268771223193,-31.192089155478016,-20.77278215725494,-20.659270415380064,-20.541928129780445,-21.55992141896355,-23.946045140911124,-29.36736475597386,-60.2705284604202,-232.44779880539863,-95.293535233104,-21.926597979139675,-29.304212079380385,-23.432866799733024,-21.429905202835453,-20.59281906126035,-20.549324005654128
-21.299615554368327,-21.41548185488192,-21.311473918131938,-23.044867073993164,-30.447385904439827,-21.347201575986173,-22.975408666086107,-44.9790063309114,-58.7785526252511,-21.716190990763938,-21.332622556160103,-21.456713559697974,-21.442930524160122,-21.650171864814634,-31.31478517918254,-21.4484010073832,-21.37911948421346,-21.287350960893647,-22.220786761692082,-24.4268129562667,-29.366501127137973,-59.268624730590865,-222.28613365423823,-93.5816398663921,-22.543981846445643,-29.302360493058217,-23.898815971480996,-22.109327465222417,-21.34403236147773,-21.312597079992173
-21.238294102151002,-21.354578624573634,-21.249624786619655,-22.986561737663276,-30.42058113007006,-21.286009117165545,-22.92235795403431,-44.9747132095174,-58.96156976872811,-21.65860683726591,-21.271809762752802,-21.39685425913884,-21.383120200179043,-21.593856837304877,-31.32325115247743,-21.389733299950553,-21.31837955370867,-21.225725178587464,-22.165948772561876,-24.387184790528764,-29.331285397829586,-59.50490068906625,-222.78960840745935,-93.92540551852179,-22.493546806661854,-29.281172722133,-23.849091953039657,-22.054345738290177,-21.282940156585134,-21.250843997145978
-21.279138569152902,-21.391294805128464,-21.29405157053555,-22.979894652154147,-30.4496384179658,-21.330167139723706,-22.933286353925904,-45.11603894985841,-59.11805570399821,-21.706501251410238,-21.309671398246618,-21.43701014008087,-21.416762964619213,-21.629098042367787,-31.373843156857166,-21.41515920403486,-21.352694311495874,-21.264890687820717,-22.19880776960066,-24.414771663018435,-29.24215394126403,-59.85152412449701,-221.92736516886492,-94.48473488857749,-22.523886987391137,-29.223249039607154,-23.84252336555675,-22.092157056869773,-21.325330492881683,-21.29525434463357
-20.461717921481803,-20.598281271642517,-20.455913068491753,-22.464515783661135,-30.189941219242293,-20.497927715326288,-22.35864572711458,-44.7794655798275,-60.129555445419044,-20.888797399916687,-20.513175268213097,-20.634522336634824,-20.647017652664175,-20.879296641430088,-31.160099895283246,-20.693051754060782,-20.57427061108732,-20.45320682777805,-21.480611274448307,-23.889946725869677,-29.39430966846872,-60.27326384042877,-234.19516028378789,-95.41107186338353,-21.850635108064857,-29.317598158559324,-23.384431098724804,-21.34755772883428,-20.50282990166167,-20.45791476402081
-20.561155699832483,-20.689732435239595,-20.561012089169584,-22.445813634039496,-30.155864847524263,-20.603582002090373,-22.390510424607456,-44.80681646596558,-60.44996808462747,-21.002813447403522,-20.605875250219942,-20.734354469355466,-20.733984825841965,-20.973258702480663,-31.30025464838311,-20.76659156734423,-20.660431842489448,-20.54923346337449,-21.56703224179419,-23.950850907530626,-29.197906334316787,-61.067013494299104,-230.54083145480163,-96.27453320800731,-21.938850402718746,-29.210069135244293,-23.385124514132336,-21.443643496684494,-20.605031060269848,-20.563083061696158
-20.88003520926835,-21.007809523826968,-20.88142950923324,-22.76927794677638,-30.304747131186456,-20.920471416142878,-22.675530049260608,-44.7813625218793,-59.34680220420908,-21.298552670374164,-20.92343751440715,-21.04514997622097,-21.047269516167866,-21.266429172547063,-31.218234184387413,-21.076723616662555,-20.978601603945933,-20.87034534099519,-21.85201091985949,-24.159254592671775,-29.416337580738904,-59.59524538993513,-228.17448404255168,-94.15643103643238,-22.199726499478917,-29.332037026775822,-23.655641001044195,-21.727983367296368,-20.92207184077898,-20.88301271075837
-20.82445935165226,-20.9528011347132,-20.8252743377291,-22.719219616881656,-30.280233380713074,-20.864852989054164,-22.628826142979204,-44.776966546520214,-59.498584406636894,-21.245752313443468,-20.86842546010341,-20.99083991472664,-20.993289824251132,-21.21524612346098,-31.222831022711336,-21.024028329912515,-20.92386896340754,-20.81460597499761,-21.802469193281894,-24.122571208299668,-29.392150711159815,-59.77903222985144,-228.69904715253034,-94.43061107263546,-22.153939220418458,-29.318530817701422,-23.612992671555634,-21.678012661426546,-20.866623434298894,-20.826932370664636
-21.027894455710516,-21.16031389734824,-21.02675972783055,-22.998159033322857,-30.49732113981426,-21.063154339408197,-22.847591952912303,-44.86691953371728,-58.50930525182628,-21.423942230783712,-21.075396109311836,-21.187321857608065,-21.199422388600105,-21.401644765047884,-31.090816409993963,-21.23533748990864,-21.134595617655204,-21.021812230003047,-21.98645198427359,-24.27780452663258,-29.68927783659507,-58.24497260782161,-229.81501980367776,-92.43625033631093,-22.317177985419036,-29.474346913734724,-23.83485703652632,-21.855867077146893,-21.067081137774714,-21.027992372909438
-20.544003056959582,-20.66978995588991,-20.54588687634798,-22.388726792927272,-30.148797310179315,-20.58910863923907,-22.355974252133837,-44.88133898210614,-60.76451608612704,-20.995200670865795,-20.58672870080875,-20.718399652719572,-20.712955516511762,-20.957708516596295,-31.36315656017255,-20.74077851014199,-20.638585463686063,-20.530465624948974,-21.55029081168353,-23.944035580091526,-29.094215186585586,-61.60894418748934,-230.0512831674731,-97.02002398060992,-21.925795899172776,-29.147912897560474,-23.340241698229768,-21.43064363035703,-20.589259800608716,-20.548055408501945
-20.414950816357983,-20.552928086494447,-20.408133456332596,-22.438134931346053,-30.187968415074156,-20.450337551371852,-22.326704988523886,-44.792772704547275,-60.18098286029996,-20.84177053431521,-20.467684648488834,-20.588367950472612,-20.602769079972695,-20.83557044904472,-31.143293340098854,-20.651186667364218,-20.52977421907235,-20.406804544487045,-21.43905663722329,-23.860801507008244,-29.408237755400748,-60.276595824662934,-235.14033014948828,-95.48223333430273,-21.810721541544442,-29.324186236124028,-23.358890030246208,-21.304442618841293,-20.45579221352431,-20.41016394999177
-20.80176359710609,-20.93523727591101,-20.799095916409946,-22.775213414618776,-30.351665579283697,-20.837881067029613,-22.64702977770886,-44.801065967497024,-59.179629363005965,-21.211415673095768,-20.850249323327468,-20.966777921718062,-20.978026417384218,-21.193144994805134,-31.12605411190273,-21.01714346604546,-20.909779947511797,-20.79439827587046,-21.783955366329426,-24.1186549626079,-29.548828819905445,-59.11761089396175,-231.10664678075358,-93.6781781968038,-22.131143318281925,-29.39986132881105,-23.648035882365107,-21.653193604388647,-20.841934588244023,-20.80065688758989
-20.78495633495398,-20.918831442205466,-20.781977905900256,-22.763869325477707,-30.34882260389515,-20.820865928612285,-22.634687139780848,-44.80319227635289,-59.20665458919879,-21.194823123396997,-20.833813770131798,-20.95024574572481,-20.961998382924254,-21.177531978215637,-31.122333037697587,-21.00183753827148,-20.893610019429183,-20.777663074341504,-21.769003275150897,-24.10804934917795,-29.549641522472932,-59.13648764963694,-231.38379571786325,-93.72134231420983,-22.116974960346376,-29.399887657933192,-23.63761309238019,-21.637822486577935,-20.825072325183775,-20.783554152915386
-20.642429675027508,-20.775580305772678,-20.639392833210724,-22.60113934036449,-30.24087979999107,-20.68010317460297,-22.498123191171988,-44.7673928453847,-59.76001318894753,-21.064862825375602,-20.690739848565755,-20.81184324205781,-20.820564131323344,-21.04677711294173,-31.178129667441947,-20.860229891879502,-20.749596878181293,-20.63359835723049,-21.641301422642183,-24.006866575107132,-29.41450584901326,-59.92602166552856,-231.66161008351258,-94.7870000362538,-22.001570206823285,-29.329394780377783,-23.50535709173162,-21.511696252602835,-20.683763979400016,-20.641212415924592
-20.266039513375894,-20.39794054499827,-20.262703779237274,-22.184405054546463,-30.05217140007561,-20.308081630750014,-22.146342727342844,-44.83385488495119,-61.30208184649274,-20.72268971975165,-20.314099884354732,-20.445990456638274,-20.447710992100685,-20.70194772690965,-31.33566494152095,-20.48750622823909,-20.370358512865465,-20.253399751285937,-21.305194861280686,-23.763304048492273,-29.085389632871255,-62.08172446117592,-233.80369617960633,-97.80432219039292,-21.697126737504657,-29.150158058875554,-23.163731944031895,-21.17905971031732,-20.310548217679656,-20.26515280980921
-21.194536148739207,-21.315910800848176,-21.20166935175017,-23.007555118902534,-30.417296198204145,-21.238077093869695,-22.917220873227127,-44.8578464228703,-58.74093969245632,-21.60549936926779,-21.232077711183404,-21.35332477278751,-21.347890268576243,-21.555480403133615,-31.252289708666925,-21.364268434053027,-21.28296895768784,-21.184159399435412,-22.130640557243854,-24.362242732466566,-29.453951291272602,-59.02010944542586,-224.2659107628256,-93.22992320870993,-22.459377854483193,-29.354712343718006,-23.863997323377028,-22.012925882585144,-21.23724662399974,-21.20287910366801
-20.026268734449353,-20.165229007861075,-20.017547337035374,-22.040961747797564,-29.993948860676788,-20.064108606087544,-21.979740223139913,-44.81909249885311,-61.58112936473755,-20.48160368041089,-20.080370076399348,-20.20992119387189,-20.220983724309647,-20.478981126251238,-31.26250048913053,-20.273313353923488,-20.142064389581442,-20.015433389191674,-21.09344649914918,-23.605132725471844,-29.148937103232505,-62.133641534961825,-237.96694238312463,-98.1122447618736,-21.495621029491755,-29.191293276100986,-23.032279212967396,-20.959291278333804,-20.06936903160413,-20.02014947350191
-19.958470243294418,-20.10351593515161,-19.946042598576373,-22.071864494223995,-30.051877076560302,-19.991669102064762,-21.964131691587745,-44.87780754793779,-61.267843126743756,-20.401163980608228,-20.0177201818826,-20.140901074234417,-20.161839136778426,-20.411900315449184,-31.1347947126174,-20.223134384540362,-20.084227377010905,-19.95035667434425,-21.032842622859253,-23.563559504195943,-29.31619757005076,-61.40588493759478,-241.27499437569998,-97.42562815948307,-21.430114032209506,-29.277103061623777,-23.039209834553663,-20.89128102032278,-19.99949232305879,-19.948535373775403
-20.52077143503011,-20.65342780590994,-20.517659106741842,-22.464620229832175,-30.166180149535673,-20.559894318497797,-22.383150219437507,-44.766202050810534,-60.24558369653561,-20.95407776581109,-20.56883014748119,-20.693634398290275,-20.699956442347325,-20.935221685848294,-31.227146652045896,-20.739576211435285,-20.626864353805594,-20.510676125331678,-21.532484493161498,-23.924579606225716,-29.3042337505504,-60.610945637534684,-232.15345657158247,-95.73089423332765,-21.90306853335799,-29.270474415774324,-23.393849293819482,-21.40407790937958,-20.563135293356208,-20.51968345453377
-20.874567425599032,-21.003290070493,-20.875278917097194,-22.777782651900456,-30.313533533747794,-20.914211463452013,-22.677568494910787,-44.777864496576754,-59.291946970491026,-21.291018243336644,-20.918783989997262,-21.039507301893842,-21.04323619190366,-21.261305213822094,-31.201355240269496,-21.07431633016677,-20.97472918248971,-20.865326046182997,-21.847542624170956,-24.157147344984427,-29.44372554082431,-59.48003493685144,-228.5704656456534,-94.01804796718488,-22.194727800019205,-29.346850854528036,-23.661006716092075,-21.722353814931985,-20.91623554988666,-20.876848060097764
-21.587121044558035,-21.706836860736413,-21.59685385882523,-23.396252742254376,-30.64650085697374,-21.628995849436638,-23.26682454354385,-44.95214633492205,-57.57702810391154,-21.973364525450044,-21.622717126339744,-21.736327775675612,-21.73240695594875,-21.917198648418253,-31.196931582931633,-21.743393360529797,-21.673716963129205,-21.579181426581552,-22.48329485853968,-24.632179638102038,-29.713850475834356,-57.475487747246135,-221.95335241445576,-91.0164464483968,-22.783580507944713,-29.505137799478554,-24.193678022814627,-22.365309802790733,-21.628012394577386,-21.59744250281621
-21.300099753239884,-21.417224575532813,-21.310929161877038,-23.061197531423392,-30.449568408644375,-21.346564144325647,-22.98425522571494,-44.94385831857558,-58.68680583510363,-21.71354362372197,-21.33404252306998,-21.457023122022097,-21.445400777672326,-21.65124333591237,-31.295554943164213,-21.453269969972002,-21.38166626161901,-21.28846363082919,-22.222325899542803,-24.427881226169724,-29.4048129897485,-59.099911415308696,-222.53626959455028,-93.33026710387924,-22.545141800764938,-29.325779452777034,-23.912367754640925,-22.109292063407853,-21.34396130064237,-21.312034014776323
-20.493738854194447,-20.628015815801138,-20.48947483907146,-22.46153334776805,-30.171864608696655,-20.531663404018552,-22.3705567470122,-44.76584794227635,-60.20626067234976,-20.92464248102247,-20.543195448354904,-20.666676526093756,-20.675528419715217,-20.909788294263386,-31.200571189003195,-20.717876939210527,-20.602515635533543,-20.484280218433003,-21.508772006518438,-23.9080894042924,-29.3392688201858,-60.48385457668749,-232.97339280350695,-95.60950096942801,-21.87944008525528,-29.289274613854424,-23.387748050043662,-21.378443655085498,-20.53559325754845,-20.491494925560147
-20.295933675002072,-20.435203740393998,-20.287929362267096,-22.333068605989162,-30.139464321695982,-20.331195150678656,-22.227744396697453,-44.79929054660544,-60.50763615669202,-20.728402115325853,-20.34989700269938,-20.471987115366904,-20.4871526498525,-20.725593844405925,-31.153215003405307,-20.538229803283695,-20.412707251405326,-20.287502000061505,-21.333097497721383,-23.78205218338561,-29.363398173478004,-60.6594320141026,-236.40498223045063,-96.07481487492177,-21.712430502545658,-29.30104064337454,-23.26937943117412,-21.197376813337502,-20.33703436101975,-20.29010244591222
-20.481300446664488,-20.619076604074905,-20.474846844888447,-22.50534398925165,-30.226890005842698,-20.51632378612769,-22.385973892483147,-44.80013336017994,-59.95890112199121,-20.90360974344661,-20.53381121651158,-20.65300354646356,-20.667885368615927,-20.896580792663446,-31.126714498078513,-20.715558984444517,-20.59589713089264,-20.473586000712952,-21.49821687493759,-23.90618893690693,-29.45179720889316,-59.98349496310244,-234.72528618700468,-95.06858650882509,-21.86480802485335,-29.34641943923092,-23.41441609430518,-21.3635669761781,-20.52179118084639,-20.47678104895644
-20.310536476669135,-20.44586982022746,-20.30500105217771,-22.284220646416774,-30.089728326350404,-20.349093153920148,-22.211331690985965,-44.778954892593035,-60.804059316957854,-20.753123954193125,-20.36116439229373,-20.48798445371175,-20.496361218875887,-20.741293778872585,-31.24000813973837,-20.541457676526978,-20.42074518850454,-20.30012236292426,-21.345684661899828,-23.78815002843264,-29.236368254198645,-61.24940145324319,-234.55706972101953,-96.72419241666492,-21.729728066629804,-29.23492316359433,-23.239651027955947,-21.2148675810053,-20.35319863813267,-20.307276062749892
-20.73546942645213,-20.860669112200153,-20.738316647700735,-22.58051272630876,-30.21795955086207,-20.779428892362755,-22.525335688153916,-44.83454321127995,-60.081789429700514,-21.17239301633209,-20.77714120785725,-20.90506856973587,-20.90093016617214,-21.133506480324222,-31.310655765680064,-20.926712164209828,-20.82940505528132,-20.72323583153284,-21.72115392471475,-24.063425735840646,-29.220801130302373,-60.70431021304738,-228.3497129853333,-95.69893087804385,-22.082238283462438,-29.220791881738762,-23.501380059403612,-21.60116524948856,-20.77962331581459,-20.740190819190598
-20.936959491924963,-21.058597516588595,-20.943115966570737,-22.742373820277834,-30.295396913085312,-20.982401821959137,-22.684076386775317,-44.87666298320123,-59.629345880896736,-21.367306274611483,-20.975368892648603,-21.102207974239068,-21.094273857151837,-21.318302240519344,-31.315555195953056,-21.11255431752357,-21.025329394789573,-20.924572507883276,-21.899424889881136,-24.19322782398352,-29.262286121881857,-60.22559264794885,-226.0264575038859,-94.97486195645554,-22.247400533120555,-29.24273423931233,-23.640190899331053,-21.782850460973542,-20.98129634200941,-20.944739794096108
-21.090775155978143,-21.212072822142904,-21.097648037892665,-22.8981029390867,-30.363381241411517,-21.1352364539917,-22.82179585794567,-44.8618132032258,-59.10555636465952,-21.50988186222393,-21.128491250567595,-21.252205632688966,-21.24545156368248,-21.459840212610533,-31.279461590074238,-21.262271973616063,-21.17886406027787,-21.079496383082393,-22.03729326651636,-24.29290785970451,-29.37051212206417,-59.5228193098459,-224.8736956449986,-93.95334519967949,-22.373867788076733,-29.306159095056067,-23.771789193803436,-21.920264457359735,-21.134211964842773,-21.099028263616322
-21.17838330388741,-21.2920862958106,-21.1916927721404,-22.89404529699971,-30.406426896727666,-21.228875779089034,-22.851708037032594,-45.08234022026919,-59.36564901741458,-21.60997622998551,-21.210371689582136,-21.338626843959094,-21.319901243026706,-21.537258770574248,-31.37743299374876,-21.321877751828737,-21.254266934013852,-21.164045852473983,-22.109654691363342,-24.350820802485,-29.20907025808983,-60.14056077027773,-222.90523624039952,-94.89061885377757,-22.44202928753603,-29.204032546629733,-23.76965825882742,-22.001714409229386,-21.224581999583958,-21.19304620252143
-21.060196188391117,-21.1852516293468,-21.064131602437083,-22.91879136901664,-30.376702012071622,-21.101562336153176,-22.82068000083128,-44.808861086434334,-58.928901885289676,-21.472042826842834,-21.101029140892592,-21.22147344494616,-21.220941632444106,-21.432306593578947,-31.221299737493325,-21.24466337260546,-21.154549414174785,-21.050588223737282,-22.01224956141023,-24.27714290865412,-29.467136212474646,-59.13432609293321,-226.20635930607557,-93.44455604565961,-22.34854987163829,-29.361243790866194,-23.784833806707717,-21.89068123262218,-21.10220598171034,-21.06548720512754
-21.749493657958762,-21.85925225028507,-21.767932744893496,-23.43661786347599,-30.659615760948284,-21.79888732351895,-23.34604730682092,-45.15220174620947,-57.6897418472994,-22.14631352119444,-21.776568513142383,-21.896111891494627,-21.876625281550563,-22.061261447467523,-31.305786282733106,-21.86750816887979,-21.819887397575204,-21.73803320980262,-22.62081665480538,-24.718927828423706,-29.542898864784416,-57.96537656264708,-218.38617592036223,-91.73853693532618,-22.911975013327083,-29.409542985515884,-24.23411127202599,-22.51397697162259,-21.793606577659983,-21.76835551230237
-19.70814420984181,-19.85523647008971,-19.693716371313347,-21.839866638418883,-29.94894303607073,-19.741734745265077,-21.752025096373607,-44.917372798369314,-62.061322093076086,-20.165142347363663,-19.769397549884186,-19.896549088120544,-19.917724340224293,-20.181224210074454,-31.183628136274823,-19.983452962607192,-19.836932680134012,-19.699073388144914,-20.810840419494905,-23.39983466185346,-29.204514565128328,-62.375567892191526,-243.83191722390802,-98.88000652820831,-21.225549434885302,-29.224492149321847,-22.845685447657587,-20.66766383061179,-19.750050290484804,-19.696516253865166
-20.13448810186,-20.28423375869765,-20.120693762101364,-22.34165967486498,-30.327053672454102,-20.162774294337297,-22.161965584453014,-45.11413433728691,-60.25024495177751,-20.551820375915426,-20.197854079021393,-20.309226884957553,-20.340394771958685,-20.568283025136672,-30.959473772535027,-20.405787200983426,-20.2674880456156,-20.13015298082993,-21.188006650528056,-23.704356467685347,-29.614792449280635,-59.796046010407416,-243.76601052244797,-95.59011912461507,-21.561193381352673,-29.41185399442555,-23.238676115462162,-21.040102841472198,-20.17270461327457,-20.122755462947676
-19.894950674171202,-20.032953795127856,-19.886457420248014,-21.88599664711462,-29.9381156271331,-19.934856875006542,-21.853973164308172,-44.87204650431601,-62.22222906195047,-20.36477712799768,-19.948629803370874,-20.08268143616855,-20.09024170327252,-20.359728199708172,-31.34347868999186,-20.14186257784216,-20.008877341148533,-19.882466654196044,-20.976993302307726,-23.525961430653464,-29.0169294149648,-63.04956763047703,-238.70584169929785,-99.36809356713235,-21.391684743751636,-29.120927124440527,-22.908124653919636,-20.844739682275613,-19.939450128947815,-19.889299885801787
-20.06156922642445,-20.201990861219716,-20.052074607450024,-22.102760175477023,-30.027455873652507,-20.09781454862863,-22.022717657899154,-44.81403823156408,-61.29860785756851,-20.509496439173162,-20.11679608802218,-20.24354169260099,-20.257679482928953,-20.510183621784776,-31.211630271987197,-20.311941691999397,-20.17987883027513,-20.05182420168871,-21.124782563906344,-23.627398410675074,-29.227360658414476,-61.67866321678331,-238.33077923731776,-97.54389746601001,-21.521640777384434,-29.23237842252771,-23.078691289846162,-20.98860077904276,-20.1037882131266,-20.054571626864117
-19.992675344205786,-20.1324400941459,-19.983352876929043,-22.018443591339192,-29.986728179402487,-20.030101394901457,-21.955198256585188,-44.8244143940979,-61.637380838213815,-20.448365462921668,-20.047486802663453,-20.176885189487027,-20.188927086536225,-20.447701890938376,-31.256025323846544,-20.242656788076157,-20.109764424040875,-19.981995836572025,-21.063670916997285,-23.58332931198127,-29.152240337557075,-62.17089713390058,-238.52826092485356,-98.19975128676823,-21.467383744001722,-29.193647970624763,-23.011939030216837,-20.92863140353151,-20.03566596377888,-19.985979865479877
-20.465609766581377,-20.596499848151804,-20.4635422059106,-22.37943154178119,-30.12593403754149,-20.50678656527914,-22.32008973507203,-44.7910478631934,-60.61030061841227,-20.908453634676437,-20.51236088082714,-20.640584851672486,-20.643085471485513,-20.885133769410846,-31.28419320117645,-20.680123197116515,-20.568604908544494,-20.454114114328846,-21.482682086915254,-23.888794232497705,-29.202304252045327,-61.1859534652566,-231.9263270375536,-96.49617246983286,-21.85971134641073,-29.21409495405973,-23.326657087614695,-21.35680839700263,-20.509131956305694,-20.465703079950245
-20.465609766581377,-20.596499848151804,-20.4635422059106,-22.37943154178119,-30.12593403754149,-20.50678656527914,-22.32008973507203,-44.7910478631934,-60.61030061841227,-20.908453634676437,-20.51236088082714,-20.640584851672486,-20.643085471485513,-20.885133769410846,-31.28419320117645,-20.680123197116515,-20.568604908544494,-20.454114114328846,-21.482682086915254,-23.888794232497705,-29.202304252045327,-61.1859534652566,-231.9263270375536,-96.49617246983286,-21.85971134641073,-29.21409495405973,-23.326657087614695,-21.35680839700263,-20.509131956305694,-20.465703079950245
-20.68020137408289,-20.809925565189737,-20.679592414538185,-22.58798726545912,-30.21792986164983,-20.72057562514765,-22.50710228823611,-44.77192700836021,-59.906216467167155,-21.109021331851935,-20.725561977248407,-20.849902741016045,-20.853029123376437,-21.082414356024522,-31.238027992490046,-20.886920663818998,-20.781652631346617,-20.66987810049757,-21.673929003424067,-24.027805125078444,-29.32712697629458,-60.27698483931489,-230.06770895697684,-95.17194257971387,-22.035247528211965,-29.28259099749102,-23.50153137904442,-21.548456387171306,-20.72274351401575,-20.68144465419907
-20.580359025340766,-20.70726304869993,-20.58149893314499,-22.442099203967445,-30.160077126269154,-20.624129507216608,-22.396359191636552,-44.83770084257421,-60.52384555585928,-21.02524386530733,-20.62376684598488,-20.753531841420983,-20.750474321822885,-20.991039857941708,-31.327978933738535,-20.78007929468267,-20.676863132073727,-20.56771560392948,-21.583374390871946,-23.964540267055604,-29.15774351248944,-61.23693316931006,-229.97229183452907,-96.49208923885189,-21.955165950454713,-29.185850601045964,-23.383942381351083,-21.46205068087775,-20.624847839724378,-20.583581547284297
-20.647234299617264,-20.780225300620423,-20.64431714857989,-22.60369577751019,-30.241198559295725,-20.685007115916452,-22.501313291538363,-44.76694461506189,-59.755826581163944,-21.069728028825228,-20.695400930914822,-20.8165846307704,-20.82508255627158,-21.05124866220096,-31.1800597690715,-20.8644677820909,-20.75414208027446,-20.638358455607,-21.645553562163553,-24.00984875256176,-29.412718582459373,-59.92749845837011,-231.5649971735251,-94.78311849192683,-22.005646252606155,-29.32850409472016,-23.50783969358301,-21.516125814853893,-20.68860365863614,-20.646133649989167
-20.914462300357496,-21.037234449054672,-20.91967220177674,-22.73412194511311,-30.2876819025744,-20.959077193373822,-22.67133074078682,-44.85266529769682,-59.620664856002016,-21.34357590462884,-20.953786614910083,-21.08004759001256,-21.073814004405108,-21.297833950314335,-31.301832594294567,-21.094283369433562,-21.004675236629126,-20.90246872891615,-21.8800222563,-24.178544655876355,-29.28064400751127,-60.17074022616634,-226.4445256184656,-94.90210214028095,-22.229052000535354,-29.254126701819512,-23.632456283088313,-21.762131219508344,-20.958450972243803,-20.921310035665474
-20.47530215868177,-20.608715399301488,-20.47154255130328,-22.428357491761545,-30.1511934439675,-20.514142357727714,-22.347270137814895,-44.767089066638846,-60.349627611828055,-20.910099990776676,-20.524063813895385,-20.649086563134237,-20.656173789086292,-20.893218286363027,-31.225739873724258,-20.697271913544856,-20.582585228919832,-20.46523205561753,-21.492113058916452,-23.895098359156233,-29.295434911280562,-60.718638757259995,-232.73342063596013,-95.90809640265934,-21.865387506431748,-29.265863510491073,-23.362363154053927,-21.36296343702179,-20.517651817122715,-20.473616648652484
-20.74667362628129,-20.87408557273432,-20.747914039328087,-22.62367360613343,-30.232108783888023,-20.788548948177638,-22.551024718216965,-44.790923746948565,-59.855193709996016,-21.176577486768668,-20.790028466109213,-20.91537676319825,-20.915243996207625,-21.143790615715716,-31.26408645811957,-20.944838289608025,-20.844349296193165,-20.735688921355067,-21.7323704101403,-24.070265770907714,-29.30136768011661,-60.30526695412317,-228.8707913169696,-95.15924399482034,-22.090768702494078,-29.26779730297836,-23.53486828643022,-21.609491040208248,-20.78976982589642,-20.749718395583717
-20.928524005490726,-21.05293308020399,-20.93252766296528,-22.771408050475493,-30.300832441050687,-20.971553746797124,-22.69552938856739,-44.817505455076564,-59.43974961520714,-21.352166445267144,-20.969079401595753,-21.093362931937744,-21.09014567001831,-21.311003830676242,-31.268094363701312,-21.11347819888159,-21.021505005390374,-20.917490797422623,-21.893674736374365,-24.188062607570636,-29.34375191060023,-59.85981956368161,-226.7740207608987,-94.47063599279616,-22.240533249293783,-29.29119580750759,-23.66221451085274,-21.773628844206478,-20.971694614323244,-20.934108854754424
-20.860342630599128,-20.988161306855815,-20.861642260751637,-22.749200517631397,-30.29424251885979,-20.900902331331707,-22.65782157604684,-44.78058354055102,-59.4128043671362,-21.280255664431447,-20.90381302563632,-21.02595681130552,-21.027917352635548,-21.24830549260693,-31.222866815803158,-21.05756186938604,-20.95894212378832,-20.850513130660023,-21.834380453834253,-24.146020863357553,-29.402539241597616,-59.6837214853997,-228.3016782674796,-94.28284298741488,-22.18357912263543,-29.324372884544168,-23.638844174017784,-21.710398264210944,-20.902491554294595,-20.86325577590608
-21.24342649753941,-21.360320893174794,-21.254272383480924,-22.99947683470629,-30.42290285566983,-21.29055762315513,-22.93104858128183,-44.955607160170885,-58.89912843851466,-21.661816623223267,-21.277369114631735,-21.40178481555587,-21.389147565519735,-21.59888395935354,-31.312615123853135,-21.396895344900997,-21.324514488105212,-21.23120316529606,-22.171101344074316,-24.39062699184936,-29.353605025809905,-59.398690295480435,-222.86571289420488,-93.76687490230171,-22.49816137318622,-29.29493487540939,-23.859970576483057,-22.058700693475593,-21.287769243647467,-21.255474386126295
-20.351635228459678,-20.475904588961846,-20.354213734767942,-22.169097553006623,-30.112039585062938,-20.399871854485458,-22.173481639615098,-45.03822824889234,-61.68208225628303,-20.824309926373548,-20.39419047971606,-20.531312791419253,-20.520908614066784,-20.781420495416423,-31.466695970662595,-20.54699296026815,-20.443480583346304,-20.335662593747823,-21.377744262759048,-23.83661676974712,-28.90235966521641,-62.90995675883876,-231.73679213170874,-98.92761123382508,-21.76937254748723,-29.03184232104484,-23.156442518609346,-21.26140908453947,-20.39902342741964,-20.356732555162512
-20.50573605990109,-20.640215681084275,-20.50138188946829,-22.47748209676992,-30.181488853386405,-20.543383264143262,-22.383052626925643,-44.76648282154063,-60.14477295687033,-20.935133718355488,-20.55534891380629,-20.678265756568102,-20.68762848362033,-20.920712778855993,-31.192192083861055,-20.730218231252458,-20.614877058065286,-20.496483672623768,-21.519523209321733,-23.91638478811793,-29.35545084980822,-60.39071504804332,-232.99201315122446,-95.48695374084946,-21.88895528096106,-29.29781192965909,-23.400386445177613,-21.388884311151973,-20.54742371674813,-20.503377294095337
-20.446262540410217,-20.58606973799178,-20.438529050974875,-22.50210402072799,-30.251198983760037,-20.47987857795328,-22.369704058538176,-44.83718888846376,-59.920213586409886,-20.865846083106295,-20.50061095922981,-20.617918173792113,-20.63592639720012,-20.86311305679518,-31.09192340442246,-20.68669396192926,-20.5641291675331,-20.43932524999829,-21.4670664368644,-23.88758170297826,-29.49663452850696,-59.834089403834994,-236.01922692333085,-94.97114515404171,-21.833219379919726,-29.367395941201973,-23.405499486865182,-21.330050954283493,-20.48617523685006,-20.440453663374075
-20.20485468262622,-20.34774342476732,-20.194512906082117,-22.29749336004875,-30.1607379695696,-20.237843686498596,-22.172494830972074,-44.8596655788157,-60.53385252692969,-20.634399926040537,-20.2620531976533,-20.38156219690087,-20.401916609606648,-20.63936204367499,-31.09854469516627,-20.458593046024006,-20.327405397451617,-20.19759157226803,-21.251924509955543,-23.72756867949989,-29.423327500079377,-60.518341971176866,-238.83894858823868,-96.08280594027624,-21.632561596125313,-29.329296835899708,-23.22895875763861,-21.112087537058198,-20.245109113967953,-20.196705519990452
-20.785218942153787,-20.91512071085644,-20.78482276758328,-22.7014599450441,-30.277162519821943,-20.824559498554166,-22.604472356476705,-44.77024029338956,-59.51350241900096,-21.205384700045034,-20.830561610557908,-20.952091709177704,-20.95682095295925,-21.17892674554918,-31.20311754878304,-20.990390998781262,-20.887188354767176,-20.775856907163266,-21.767983676488615,-24.098367120053165,-29.414071739412435,-59.7326750629601,-229.51928261246144,-94.40734429793632,-22.120878175203703,-29.33023501526651,-23.595351900204403,-21.641764014371347,-20.82697758369772,-20.78650425128689
-20.65882078400893,-20.796855800368565,-20.652923960855713,-22.69840475460398,-30.36221861579234,-20.692254984003217,-22.55128940953177,-44.86052591827844,-59.32478775746523,-21.0674095534902,-20.711526889852976,-20.825564158451552,-20.84308575889089,-21.059491636762683,-31.069262115191904,-20.88983143409735,-20.77410138600647,-20.652661933594022,-21.656812283018894,-24.033088139048278,-29.596992801754887,-59.10640116912833,-234.21762279811068,-93.88342480090941,-22.008645838456346,-29.419260809744962,-23.571555361492994,-21.521056416273233,-20.698093726777604,-20.654576000116744
-20.010659872053317,-20.14847857921981,-20.002614193208082,-22.00586403063539,-29.97892467357479,-20.049662339278985,-21.957252333630688,-44.83124635216306,-61.758573082140515,-20.47090691058785,-20.06389736975136,-20.19525953725651,-20.20407585215112,-20.465489330977455,-31.297711683298743,-20.254761791173497,-20.12449781608092,-19.999067160270968,-21.079528656718995,-23.59666232990361,-29.097004902782373,-62.429440163408344,-237.6741029689952,-98.4825403438515,-21.484756064479427,-29.163070113752454,-23.00632324046645,-20.94693195571721,-20.054379173672743,-20.00527976972631
-20.92234320936104,-21.05153207527422,-20.922895690912146,-22.835337356172023,-30.3497970597388,-20.961189931127745,-22.724958295970442,-44.78432687372826,-59.09084100726575,-21.333990931428712,-20.9669115806615,-21.0858642958983,-21.090993502168644,-21.305213472054792,-31.179453340221695,-21.12255192856617,-21.02339792544746,-20.91373693794819,-21.89057867340826,-24.191058468162357,-29.496568580347947,-59.184504813457224,-228.52995370136037,-93.61619009583788,-22.233547969219934,-29.375476541041607,-23.70790477451741,-21.764565087618248,-20.963501902612695,-20.924377569152774
-20.681833645641095,-20.815620487840594,-20.678529509976123,-22.653061501690413,-30.276760045901824,-20.71863753464632,-22.539147081723623,-44.77781796421456,-59.56939740922417,-21.09958127883299,-20.73066621062937,-20.849925869561527,-20.860260142419232,-21.08275000329465,-31.15301920037917,-20.900659416551182,-20.79014568641461,-20.67365778979035,-21.67669671177257,-24.03537961459811,-29.46679889046441,-59.63673345535323,-231.7684023279221,-94.40918923367212,-22.032989139300916,-29.356673811061505,-23.546582945282253,-21.546111962850404,-20.722645890052004,-20.68026959988468
-20.573882198971738,-20.70846896612984,-20.56969324401355,-22.55145407186814,-30.22336573055332,-20.610873660818566,-22.44625284705016,-44.7710525723715,-59.88824030098504,-20.997703352111767,-20.623510766755693,-20.744531271200074,-20.754940122916732,-20.98323558938046,-31.16827391792573,-20.79726529070804,-20.683331741086693,-20.56524528609578,-21.580391138807215,-23.962770519178328,-29.41138304475406,-60.035774673367825,-232.6745995123635,-94.9962259116499,-21.944212301677897,-29.327202168156262,-23.46094746647237,-21.44930553466714,-20.61507074973137,-20.571579141741807
-20.465773962023324,-20.597610841590694,-20.46304892798655,-22.39390713930438,-30.13196353721876,-20.506099151455736,-22.327039142900432,-44.779091459127734,-60.52488593885557,-20.90585704729439,-20.51327210089387,-20.640411567236793,-20.644586579448973,-20.88501840887338,-31.263564523830635,-20.683190231551364,-20.57037108562531,-20.45478453846765,-21.483153457060798,-23.888549108067682,-29.234386330420307,-61.028038484520344,-232.22713302592484,-96.2964501520137,-21.859106051570393,-29.23228272869426,-23.337027968134908,-21.356060952244864,-20.508876477547595,-20.465183069381986
-20.270398402517017,-20.404587438118668,-20.265497774833655,-22.22374478898158,-30.06221567592535,-20.31032947021495,-22.166490886864977,-44.79552869987137,-61.06697144930561,-20.719715123179917,-20.32019381632403,-20.449396633320312,-20.455219693914092,-20.705058628171113,-31.28141581402003,-20.498734605656086,-20.378594052608992,-20.259031146395365,-21.30971688011003,-23.762928238719855,-29.1664774812836,-61.659665748828075,-234.4368931792403,-97.2647712707068,-21.698545449790558,-29.196824314515204,-23.192335900263583,-21.18056568661102,-20.313847601975464,-20.267871033660565
-20.964984650496323,-21.092196051337567,-20.967055028578372,-22.850362470488143,-30.347030031516784,-21.005221228002995,-22.74925301760025,-44.78936446943483,-59.09409773091623,-21.3785047556669,-21.00778771708466,-21.128068041795117,-21.130211700464603,-21.3446549879106,-31.206046477267776,-21.15820783697226,-21.062781441725267,-20.95570365079913,-21.927926640623394,-24.216119914488495,-29.463735043415653,-59.27256585963974,-227.5061728237008,-93.68653376327235,-22.269615960913008,-29.358494551424617,-23.724177932717133,-21.804165854377054,-21.006699822585173,-20.96851583023708
-21.19340281230725,-21.316840410515336,-21.198969037070583,-23.03539419497782,-30.437011823428342,-21.235121121658985,-22.931128860330247,-44.834855501100336,-58.595760641487615,-21.59933331725846,-21.23266722992583,-21.351708867010597,-21.349880410188643,-21.554874394669085,-31.217475513080323,-21.36997162546596,-21.28531795136727,-21.184067900156762,-22.131009343736814,-24.365335716354824,-29.519110845299515,-58.74103488598739,-224.95077504295725,-92.8578750731328,-22.45844612406013,-29.391326168011275,-23.884903786895674,-22.010731286114584,-21.235232996405106,-21.20014206455483
-20.419225779138557,-20.55295334712866,-20.415081961930035,-22.373955211464104,-30.12635258878015,-20.458267652660034,-22.29846802156805,-44.77147244801067,-60.53334674408529,-20.857637290306712,-20.468344070095785,-20.594391918778168,-20.601321320935,-20.841652334038898,-31.23792187562301,-20.643248848521985,-20.526930611496034,-20.4088572622103,-21.442178708823445,-23.85849988149807,-29.263494478331328,-60.954659145183626,-233.2174175475857,-96.25161160313313,-21.819556475165236,-29.248808579098466,-23.316889122611165,-21.312896341462366,-20.46182696916839,-20.417234906841855
-20.73030602928561,-20.85678327781304,-20.732183473309167,-22.593052030948215,-30.21958367883844,-20.773159705988554,-22.52950409448237,-44.80883804277826,-59.99356504310986,-21.164098391073335,-20.772965654467612,-20.899703437669864,-20.897732526252213,-21.128780995252086,-31.287493038218216,-20.925793676534326,-20.826374068867583,-20.71869589487974,-21.717241721555695,-24.059604442026693,-29.258198434225726,-60.53252608543564,-228.71372358481943,-95.46868818546957,-22.077721357931424,-29.242991238780824,-23.510518302828068,-21.59564175329429,-20.773927699032768,-20.73403627337897
-21.060345294206172,-21.183087713286262,-21.066011568166847,-22.88608933034653,-30.356202048684825,-21.10376808916371,-22.804129878507663,-44.836633570770786,-59.10262054893765,-21.47809356994332,-21.09927478216475,-21.222226545139925,-21.2176385810607,-21.432136585616412,-31.2623996558347,-21.23725440042656,-21.150793429468823,-21.04955089162633,-22.010949146866658,-24.273963465752683,-29.392593185551576,-59.46377456859995,-225.4593380716903,-93.88100150051034,-22.3489467811653,-29.319125666273504,-23.760332957702776,-21.89227657845675,-21.10335479693367,-21.067413881541267
-20.946389704737236,-21.06297353192288,-20.956649038125498,-22.68903343075452,-30.315931345465458,-20.996272148687666,-22.66014253049436,-45.04787393477737,-59.998602227341706,-21.389525666838882,-20.981289739784145,-21.112106700637778,-21.095689749118648,-21.325261132373104,-31.398395844944424,-21.10446835023322,-21.02659069617817,-20.93153269656298,-21.903873216118374,-24.205106296059295,-29.116035535904363,-60.90695888294967,-225.1978833217589,-95.99437124166099,-22.252979032426587,-29.149521190566972,-23.595579825325764,-21.793771542712047,-20.992923523855573,-20.958346853914147
-20.451639755471536,-20.58047302366733,-20.45100729488336,-22.33463688583955,-30.114570021819603,-20.494801003194222,-22.29303650548261,-44.83440940811286,-60.8511771121835,-20.901698158244052,-20.496868415344675,-20.62763729595881,-20.626346595610283,-20.872748273102367,-31.333264879711876,-20.659973123145598,-20.55114249946523,-20.438930939812867,-21.46938566978087,-23.882248139333274,-29.123297946624692,-61.60167476132996,-231.4826100137208,-97.0498648479593,-21.849607255476062,-29.16807554635833,-23.292292426667846,-21.346262757911088,-20.49618437881476,-20.45324637617526
-20.672994844969573,-20.799438356707988,-20.6747340314953,-22.532555098662023,-30.195271816562787,-20.716372779914725,-22.477190920209793,-44.82208753744782,-60.210840884489905,-21.111537711712522,-20.71578355480576,-20.84388648044467,-20.841159999511707,-21.076120229999418,-31.306370051699112,-20.869469238372375,-20.768897319015725,-20.660887636927114,-21.665945835616007,-24.023069746504984,-29.213286142778827,-60.8299011568941,-229.13054339613313,-95.8968774466657,-22.030898108101773,-29.21732190506018,-23.459998744704432,-21.544702217613946,-20.717032635670364,-20.676679388992255
-20.44029069476671,-20.57193670965711,-20.437622269375936,-22.36413100980161,-30.119307149361127,-20.481009282619784,-22.302491305915307,-44.78633699142176,-60.63962302764274,-20.883018882158968,-20.487694381933444,-20.61567588375665,-20.619189395671487,-20.861701118221518,-31.276632253319644,-20.65762078753641,-20.544514640974107,-20.428986017669605,-21.460359682060485,-23.872287095903808,-29.208546221231593,-61.19266459326678,-232.34832764344696,-96.52545336441639,-21.838567147006824,-29.218010391802103,-23.312743677641716,-21.333640835195226,-20.483656954054762,-20.439802075470613
-20.775794564623922,-20.90468644324323,-20.776067879505913,-22.676198186253092,-30.259726493668847,-20.816105571055857,-22.588351146964136,-44.77378644462219,-59.62825195724199,-21.199387545534666,-20.820299637768013,-20.94326629764991,-20.946095731023433,-21.17042177977829,-31.226043033875,-20.978042926609497,-20.87603379119373,-20.765826284134963,-21.75912724875273,-24.090601393446693,-29.372890377463285,-59.9329743608418,-229.18474790479786,-94.66257128676601,-22.11383139389595,-29.30782319525037,-23.576256977704546,-21.63422487813985,-20.818048698813207,-20.777789688598165
-19.88479009324837,-20.02409165491452,-19.87543177922847,-21.89605087208718,-29.939442170959424,-19.923611557739918,-21.854086708038764,-44.85904310065959,-62.1291797372881,-20.351282014244227,-19.939478447338107,-20.07222843875218,-20.081966164816208,-20.349539576692933,-31.314334463420067,-20.13563676899798,-20.00089632938991,-19.8729373415112,-20.96806884134645,-23.51697629183516,-29.055058942483427,-62.86084079743597,-239.2022853991627,-99.15010066388962,-21.381633865935658,-29.142803935974825,-22.913530836371812,-20.83414355825186,-19.92877749689817,-19.878244624236686
-20.054690627024257,-20.18758210260792,-20.05010561154334,-21.976694287085824,-29.987512804866945,-20.097785391911597,-21.96254635592241,-44.906564655292435,-62.076739895156656,-20.526865159109036,-20.10416288179344,-20.23999759482954,-20.24067359447931,-20.50831341448063,-31.399974318196055,-20.28321643926209,-20.160286072797998,-20.04077393382674,-21.117645955305363,-23.634972837873846,-28.96046489861757,-63.08802371729174,-235.95825705317063,-99.2774589109303,-21.525730413282748,-29.081915382435884,-22.990833374355514,-20.991392647874548,-20.100330546537396,-20.052862862619776
-19.97203868544978,-20.10498331244345,-19.967213611272804,-21.890623257593543,-29.968003520009994,-20.015874312071766,-21.888677115562228,-44.95265152723162,-62.42490685120734,-20.451594919912207,-20.021862591818202,-20.15956976687823,-20.159228236628298,-20.432839336735555,-31.435660143935415,-20.202280313051357,-20.077576391535665,-19.95743161267506,-21.04433018646133,-23.587461589737156,-28.900818613488045,-63.556771436678645,-236.79599947694027,-99.95787586110823,-21.45920849956724,-29.04852542024389,-22.919731731574643,-20.918516062204027,-20.018293090824972,-19.9701027532791
-20.97586814943509,-21.093738547115684,-20.985149987224816,-22.73479664083826,-30.317242605197148,-21.024354261900616,-22.69472397512734,-44.986174437913746,-59.7860587600643,-21.41311706827363,-21.011479054066154,-21.140727573143664,-21.12679928008136,-21.352911232491603,-31.36857398759875,-21.137855394136277,-21.05814896176956,-20.961899381653467,-21.931432326539685,-24.220866251978432,-29.176724251802735,-60.57463755108915,-225.0794118579319,-95.4906719720617,-22.278030041199283,-29.188310620747252,-23.634795473612268,-21.81946094698705,-21.021616608344146,-20.98677809835265
-19.828151799260215,-19.976129531444066,-19.81374916463505,-21.9840506143749,-30.03812685241362,-19.860026584319982,-21.868025921276907,-44.93841149979993,-61.502073994707146,-20.272798563214874,-19.890022651496167,-20.01260288563941,-20.036941386769726,-20.289785466939573,-31.11008031067648,-20.10289503308646,-19.9584615831662,-19.820533986886012,-20.916702859700465,-23.480726190444315,-29.325580266872805,-61.5730632892178,-243.65224772876863,-97.84477458272217,-21.319295941745356,-29.281502921803092,-22.95809684802854,-20.772002859108436,-19.868891366560398,-19.816332733460083
-19.831244291238434,-19.979149561471207,-19.816888948616025,-21.98607574864239,-30.038331245847445,-19.863152259839648,-21.87028254851643,-44.9367469033683,-61.496751070258775,-20.275852623947582,-19.893050682613726,-20.015649712764855,-20.039903053425675,-20.292689481539504,-31.110745894274828,-20.10574459873617,-19.96144218865805,-19.823613244150508,-20.919461049051133,-23.482681618831723,-29.32523735846148,-61.569599462883744,-243.59312023000004,-97.83511916977034,-21.321936520728688,-29.281344522977193,-22.95999052594998,-20.77483900183375,-19.871991395368063,-19.819470525740755
-21.0260975484589,-21.1442294902973,-21.03530560569155,-22.789909979652286,-30.33369025223078,-21.07392689771151,-22.74181909870358,-44.961259887823886,-59.58074148103224,-21.458559873144395,-21.06168722748463,-21.189679213757646,-21.176753573654103,-21.399235637405443,-31.34988848551728,-21.188033313219183,-21.108865750533283,-21.012679518057958,-21.976747842345343,-24.251716839889752,-29.223031086243687,-60.28620373589636,-224.70127690885823,-95.06384624901435,-22.319525218063866,-29.216721888418867,-23.6816287430504,-21.864120804495546,-21.071378577311993,-21.036846745450408
-20.134592587945455,-20.277890763303876,-20.123758622108248,-22.229614480112595,-30.123756741466014,-20.167803881787954,-22.111403004277655,-44.85742036437636,-60.75767548012863,-20.568406656710795,-20.192192103150056,-20.313037310897638,-20.333208275512433,-20.57465292822763,-31.11312890063234,-20.390940248076628,-20.257725875339812,-20.12698006528318,-21.189421186536414,-23.680024819191544,-29.38515138986837,-60.80181416524543,-239.3982472817981,-96.49396753340758,-21.57515713040554,-29.310620854959424,-23.172593689215823,-21.049351427735132,-20.17514220828488,-20.126044352484197
-19.989887195724567,-20.13265903301249,-19.978796315423093,-22.066118734852022,-30.02592196993426,-20.024726102484006,-21.975292075418903,-44.83991007563633,-61.35717066930923,-20.436682263000602,-20.047173855037194,-20.17266634956822,-20.190015428512716,-20.44271723267066,-31.1805308164904,-20.248055712905064,-20.11198141662717,-19.980815782595787,-21.061039253341775,-23.58171354475789,-29.257713901001686,-61.641626337588335,-239.89298472884508,-97.61534015217339,-21.45985806956958,-29.248371243868334,-23.042037480741275,-20.922188511841526,-20.031618435262708,-19.981322129473035
-19.83285696474827,-19.97502507474768,-19.82158403582328,-21.888174020103584,-29.940376908445266,-19.869591185602616,-21.828069869118064,-44.85922617006793,-62.0488754756312,-20.294662751409025,-19.889902345910475,-20.020375180345507,-20.034516660371743,-20.299840614981164,-31.261807669387977,-20.09272422780915,-19.953699104977325,-19.82214302659672,-20.922011858357724,-23.48076149527953,-29.11856010372562,-62.610405890517136,-240.67894749640277,-98.92708947680808,-21.335237550777755,-29.1786296648994,-22.899921372141566,-20.78458777143048,-19.875956981686496,-19.82437518529634
-20.742332256120708,-20.879724643957676,-20.737138547502383,-22.776449143869915,-30.409880031381515,-20.775660099767222,-22.623225651766177,-44.87707270999937,-59.093243471373924,-21.146552689520103,-20.794454660912315,-20.907125674978705,-20.924533908041145,-21.13664339368558,-31.060629463945588,-20.96975256387025,-20.8566902521672,-20.73650742068362,-21.731464090346265,-24.091071453107887,-29.638907626345066,-58.82012352521686,-233.58141746213605,-93.46044511132105,-22.07760338972969,-29.441108519061515,-23.637534485940403,-21.596116240896162,-20.78134074682303,-20.738680399336953
-21.182174055450275,-21.301341431257164,-21.191001156438595,-22.965008165540183,-30.399080354873405,-21.227783288495456,-22.89052560235117,-44.90182041240051,-58.94549248551811,-21.599617853142234,-21.218003638801633,-21.341711862804203,-21.332303131911388,-21.543385322389838,-31.291701943356365,-21.344676727169873,-21.266894896410307,-21.17057784024229,-22.117864825199007,-24.35166276997602,-29.375271697750026,-59.38210937214148,-223.7584467102454,-93.74030812876441,-22.448650971363588,-29.30855899897192,-23.829797960968477,-22.00298119406076,-21.22593010876355,-21.192269009675098
-20.936061903953952,-21.06599791506597,-20.936159223708067,-22.861395078090126,-30.37172631054377,-20.974148532558043,-22.74328913956497,-44.79134721096263,-58.98806451197835,-21.344791282856242,-20.981281950731347,-21.09894510751063,-21.105561542901338,-21.31771768203437,-31.16137605359845,-21.138248987310632,-21.03840985433894,-20.927955467565884,-21.90318532283824,-24.2026112642456,-29.532502001615335,-59.011342606294036,-228.8064263624452,-93.3977962586259,-22.244246369478134,-29.39437969950544,-23.727927369808295,-21.776169982314663,-20.97682101171496,-20.93760090971067
-21.398297773479797,-21.521095816677022,-21.405042972727692,-23.241731540694982,-30.562756490985905,-21.43894639603357,-23.11532000061912,-44.88532058264674,-57.971283962542984,-21.790857744501967,-21.436795157778946,-21.55152036544494,-21.550917986775005,-21.743738382871612,-31.18379846221784,-21.568617378078702,-21.489632804051894,-21.390336758760647,-22.315105207647264,-24.507686417867298,-29.661075342044526,-57.904677412193564,-223.84773024264055,-91.6665003384382,-22.6274890873672,-29.471878211016975,-24.05903305554149,-22.19445212653437,-21.43908618787027,-21.405893206745123
-20.841717484372673,-20.970522131780744,-20.84226389837328,-22.74437597750015,-30.295447354804995,-20.881559104413096,-22.648060714685325,-44.77544696679641,-59.4007875474953,-21.260457732500303,-20.88604817144122,-21.00749032479402,-21.010966903076,-21.23106922745019,-31.208862510239847,-21.042380486519846,-20.94194792860726,-20.832248101626707,-21.818137880530347,-24.134917621966995,-29.42097602466415,-59.6255626419091,-228.77782904247584,-94.22551385415929,-22.167794277215407,-29.334329346532954,-23.63308399144948,-21.69301234094012,-20.883568164065135,-20.843883219194307
-19.77754834149929,-19.923605282707353,-19.76391440101499,-21.89600664647643,-29.967727206806313,-19.811414880282875,-21.807182166611966,-44.89634650617505,-61.883316413221415,-20.231933149497674,-19.83785190733221,-19.96455323288364,-19.984848322644844,-20.24563780851285,-31.18172825719663,-20.048747309651397,-19.904737766925695,-19.76849291579898,-20.872447050213808,-23.444566259516172,-29.21821914469669,-62.18808541663293,-242.86038505704437,-98.5586125104654,-21.283208246315652,-29.230453257872146,-22.89426330889942,-20.730305291041095,-19.819395104951408,-19.766646898192036
-20.32117607200828,-20.462848714509732,-20.311939150149673,-22.40060592081762,-30.21048078291585,-20.354243586977717,-22.26955723628114,-44.853752245141365,-60.21413468478678,-20.745190309767434,-20.377242556159608,-20.49530732563587,-20.515010081693138,-20.746978582175117,-31.088598517404122,-20.569216109242387,-20.441901092607736,-20.314208851307388,-21.355542980964746,-23.805343762896932,-29.467777287924772,-60.143754325467526,-237.62462162424387,-95.50008988547415,-21.7287397985711,-29.35169846834301,-23.31674630755543,-21.216742689729916,-20.361158243550292,-20.313994962309284
-20.34659531870788,-20.48667085663419,-20.33832321581457,-22.40054758536356,-30.188763219362755,-20.380772525841685,-22.28036505355616,-44.82024172462712,-60.25374013180276,-20.772951705309953,-20.401226602407554,-20.520852835227657,-20.53808190525959,-20.771481958885605,-31.117401014934053,-20.589939753803982,-20.464765990822265,-20.338998596750503,-21.37822528192084,-23.818575491081024,-29.430358825662026,-60.27509231106299,-236.58975534590567,-95.58871702458512,-21.75207480054607,-29.334282642285935,-23.321895159333526,-21.241293273804587,-20.3870394819741,-20.34039225146526
-20.481758704019867,-20.612186736197835,-20.480063106578875,-22.389539600789483,-30.130458574920418,-20.523210163234662,-22.331471321103667,-44.794256588571585,-60.58968231469092,-20.92461412942331,-20.52811040280474,-20.656461536784615,-20.65835185170308,-20.900061063552442,-31.28850814944952,-20.694528459866817,-20.58400451515901,-20.470152432611684,-21.49691931815456,-23.899323670158324,-29.199076294751322,-61.1779999125344,-231.66695967186897,-96.47352215348108,-21.873160368085177,-29.212000746002012,-23.335757211568925,-21.37155842698105,-20.525371791566258,-20.482211093070948
-20.495046106066397,-20.630823886982324,-20.4898396333683,-22.48708219364965,-30.196170870330103,-20.531657147556594,-22.383143872139975,-44.774412248405696,-60.07426625818521,-20.921700468378607,-20.545788185096193,-20.66730134815141,-20.67882791266811,-20.910293852618878,-31.16692522952971,-20.72346964377861,-20.606345838748435,-20.486392552030285,-21.51022951605168,-23.911206483034213,-29.392357682558682,-60.234567530426006,-233.64387480917773,-95.32266294178876,-21.878709030398372,-29.31684894951314,-23.40502139439086,-21.378010307066695,-20.536262083321848,-20.491813262674068
-21.16265713138195,-21.279469260802138,-21.173332611414207,-22.914822697075877,-30.388785487744315,-21.21052509724999,-22.85708398151144,-44.97179651677307,-59.189461355244944,-21.587596944978102,-21.196815417243073,-21.323021149741063,-21.309360521312243,-21.524415616398553,-31.334194628804383,-21.317397542119597,-21.243483412610033,-21.14971948825881,-22.09835924729521,-24.33866356376642,-29.288484256525805,-59.7982811681502,-223.43250131512002,-94.35303348583406,-22.43139518828074,-29.255475861159486,-23.787959235041008,-21.986561083867553,-21.2075842715441,-21.174669389692504
-20.541432628089446,-20.6666153250052,-20.5437708938536,-22.377910443168982,-30.149950468908727,-20.587109985101314,-22.34967799541102,-44.90126230718086,-60.828820507903735,-20.994622122292604,-20.583747161688546,-20.71603436145158,-20.709515494359803,-20.955345161666976,-31.37616813482692,-20.736275897793227,-20.63501275748236,-20.527556688102315,-21.547646832548075,-23.943756172628845,-29.073011573990307,-61.72013445982394,-229.968745538897,-97.17757346730167,-21.92378537972265,-29.13474949546596,-23.331556298255343,-21.428815167432944,-20.58698334192661,-20.545958199401042
-21.024325102776928,-21.15416429065527,-21.024807512205033,-22.953293037223936,-30.43108300014793,-21.061796402516425,-22.823919526762438,-44.81459287867613,-58.69989547783376,-21.426851647006902,-21.069412695894947,-21.184915556148745,-21.192416212029364,-21.3990075383008,-31.141220903915034,-21.224367647055203,-21.126701545628038,-21.016889380306576,-21.98235563894827,-24.264823374126593,-29.598375274454355,-58.61976506763918,-228.41637812501887,-92.85047004925185,-22.316634673994553,-29.429831308029865,-23.80436025056922,-21.855009033488408,-21.064562880526307,-21.02611129020133
-21.066890062541592,-21.193578597231546,-21.069672976740613,-22.949950800462904,-30.40248269090884,-21.106761136586343,-22.83899280437283,-44.80422964703277,-58.78547742995301,-21.474119376033176,-21.109121218713067,-21.227491359608994,-21.229920887414558,-21.438523270224493,-31.189878622233227,-21.256411455295975,-21.164028694938978,-21.058178712022027,-22.01915276395266,-24.285356474855536,-29.526126298053594,-58.87066198840586,-226.80359866624912,-93.10735248744459,-22.353486207625327,-29.39330957276463,-23.80815592866163,-21.895510550404563,-21.108162115275043,-21.070982421119744
-21.302127311771716,-21.429955706338976,-21.305001706766294,-23.216174477660314,-30.59793003588443,-21.339166999704332,-23.065376035327944,-44.90019414563189,-57.94676515641892,-21.6897916580124,-21.345333785595404,-21.456163809539227,-21.463372495467848,-21.65529094644079,-31.116898993899383,-21.490176102588865,-21.401759299817545,-21.295931639117597,-22.231288090992148,-24.45851550578005,-29.75069711851441,-57.6668518166955,-226.56979449721686,-91.46839140803999,-22.546233054691587,-29.514133878347682,-24.027481154923148,-22.104921491446696,-21.341456315453723,-21.305905979224523
-20.620808415578622,-20.752418210241313,-20.618717441158616,-22.554108511649314,-30.206922234697647,-20.660011431387577,-22.46674782967901,-44.76465071142111,-59.96559521688495,-21.049114436585533,-20.667833289804033,-20.791403956344134,-20.797127642904247,-21.027407785066547,-31.217349183948837,-20.83446814639568,-20.725330880957056,-20.610987298945567,-21.621516721953686,-23.990032108187098,-29.3451886223302,-60.27564985496217,-231.13391876066547,-95.22442626769838,-21.98540839053598,-29.292539337297356,-23.469905477087952,-21.493952202702552,-20.662940638768507,-20.620613456231126
-20.413773101665477,-20.54791373699025,-20.40933970753962,-22.374678425499503,-30.12797170358132,-20.452495761728557,-22.296550896508663,-44.770410243378976,-60.51723251726424,-20.85143685455451,-20.46324000187506,-20.588920382061584,-20.596512376003396,-20.836480508319397,-31.230557858409313,-20.639127152124804,-20.52216556615173,-20.40357987090018,-21.437416017499785,-23.85507896482718,-29.273560995951392,-60.91387499493375,-233.4110712355563,-96.20846794664625,-21.814697682623883,-29.254316188986547,-23.31660368151811,-21.307633626268093,-20.456233207948525,-20.411489005807816
-21.103608535439612,-21.215396463344327,-21.11833657093144,-22.796218584962634,-30.400623085319953,-21.156402546607627,-22.772985039199284,-45.19597044956858,-59.78473129944832,-21.546278291563183,-21.134790502198058,-21.26571463705478,-21.243046471091326,-21.467272895500106,-31.42614004681068,-21.24173452065132,-21.176485920440694,-21.087721374458095,-22.0405155879057,-24.308995725048625,-29.09733659263302,-60.76854784968963,-223.44358043596654,-95.86328555917856,-22.378353096715426,-29.13118816521941,-23.684401796545124,-21.935587059429462,-21.151181122332623,-21.119839032181027
-21.24702621023701,-21.364229948213538,-21.25763057677223,-23.007109832674104,-30.424848141438616,-21.29385284800315,-22.936386962820617,-44.946372989874305,-58.864090878768366,-21.66436620599202,-21.281186148721016,-21.405253989777762,-21.393185779922675,-21.602346775399475,-31.30694991503929,-21.401501494166432,-21.328626977603193,-21.234986875192774,-22.174607226519758,-24.393088905557562,-29.36575931306668,-59.340064503562,-222.9020536317409,-93.68015895230833,-22.50131046506658,-29.302360074466677,-23.866374190183606,-22.061796809770954,-21.29120866914382,-21.258822115489075
-20.386512773499597,-20.525121645926216,-20.379222787657163,-22.418402422923812,-30.18277426561636,-20.42159612708011,-22.305541565480592,-44.79895989545858,-60.231379891714184,-20.813794705533137,-20.439823119255195,-20.560403106156844,-20.575557775509132,-20.809086710130952,-31.13814133888085,-20.625076193913035,-20.50233491869694,-20.378468304652394,-21.41375046091808,-23.842638638486555,-29.408834715484033,-60.315139996465575,-235.6077039152156,-95.5667589582752,-21.786734623516022,-29.32421482502449,-23.34092835275907,-21.27847168858971,-20.427284551849983,-20.38127732600001
-20.951550183482713,-21.071234441167988,-20.959296652937137,-22.732201098707,-30.30251048287994,-20.998620499982646,-22.684366660178437,-44.93079000249435,-59.73167569352272,-21.385941679618963,-20.988502002160164,-21.11677108558914,-21.105650346386312,-21.33118766592967,-31.345217315015795,-21.120239606946768,-21.036733244452797,-20.938291311200164,-21.91106868081515,-24.20371128981395,-29.213060613789313,-60.43675888007828,-225.54624418032802,-95.28055822778461,-22.258860860601292,-29.212016554919963,-23.63241615959285,-21.796910344285966,-20.996656902939367,-20.96093320995994
-20.982895963175327,-21.1009477288823,-20.992049167813374,-22.744271162563994,-30.31879906453871,-21.03116078951623,-22.70222397526536,-44.97721089505929,-59.74569928233888,-21.419085917819057,-21.018600497806126,-21.14755961056544,-21.13401638879034,-21.359448284473277,-31.36353573023831,-21.145376987212252,-21.065477177335968,-20.969076811649355,-21.937891812367198,-24.224961659544693,-29.187537802779428,-60.51348209943705,-225.04415203494156,-95.39926671165423,-22.283912349303144,-29.195084241973753,-23.64285413093359,-21.82564099240414,-21.028513970855357,-20.993662683344436
-20.440292213411347,-20.57915000020987,-20.43306272798771,-22.479779381746873,-30.223728393443583,-20.47473761480038,-22.356781445676326,-44.81314480065977,-60.01731087691644,-20.862817421109767,-20.49378970568461,-20.612588192902734,-20.628858433807093,-20.858268886895303,-31.11521678732509,-20.678354804723657,-20.55660425445381,-20.432812774842404,-21.461710037822286,-23.88052853000708,-29.458574662271264,-60.011705292488585,-235.4976795381806,-95.1626261422389,-21.829911955196007,-29.349134706088606,-23.39027653786193,-21.325894146460914,-20.480615569910867,-20.435026514585477
-20.710467722719862,-20.843957415202905,-20.70745356893792,-22.67865106414528,-30.289700333122614,-20.74729639184991,-22.563158650280144,-44.779575854327646,-59.492585176917935,-21.126842716507912,-20.75901563225539,-20.877919223410778,-20.88808068302702,-21.109184760174397,-31.151000331433693,-20.927835553477106,-20.818336496374066,-20.70236971970611,-21.70223669969289,-24.054532469184853,-29.478657960384552,-59.54516991145305,-231.49268256011132,-94.27014269301944,-22.05665072310604,-29.36309455573696,-23.568415980008734,-21.571888493791974,-20.751216376543457,-20.709157149880415
-20.365740470225912,-20.50268269232849,-20.359369784845704,-22.36876661585791,-30.139705918072835,-20.40241754207117,-22.2737442329947,-44.77780186993737,-60.450610206287756,-20.799259560505295,-20.417627197566944,-20.540983585360994,-20.552927535139368,-20.79104368455935,-31.183394680960298,-20.600146408745868,-20.47875769490115,-20.35664414253232,-21.395095575418004,-23.825613002334173,-29.33441284787748,-60.69289625035829,-234.89310993846658,-96.01073498364896,-21.772344518506156,-29.286575668795486,-23.305023423688763,-21.261989954392874,-20.407336445464363,-20.361508821719713
-20.344021583585107,-20.481572647628703,-20.33720527098437,-22.35567904976723,-30.13716733207132,-20.380354407330493,-22.258532573334584,-44.78219124399696,-60.478410250124846,-20.77753802438475,-20.396454191917183,-20.51957751838353,-20.53232108699046,-20.770775670413745,-31.17678846757842,-20.58058432890478,-20.45801838893071,-20.33507070908034,-21.375812320767977,-23.8118396034674,-29.33926515579003,-60.70192929552862,-235.29991233576447,-96.05070336835725,-21.75391396597648,-29.289028178721466,-23.292693934991966,-21.24203715977636,-20.385509723250475,-20.339358937970356
-20.537382169151563,-20.674837288279537,-20.53132750863035,-22.559634350511867,-30.25767073667737,-20.57222974484701,-22.434954670518277,-44.80598134624933,-59.78614960028254,-20.95632789344604,-20.589576919780427,-20.70771221064588,-20.72272848435924,-20.948259833780032,-31.11665948889754,-20.769550425804898,-20.651538082649115,-20.529952403903213,-21.54824314786728,-23.9444757952926,-29.483433542322995,-59.76308600624054,-234.30923080070295,-94.74972932069475,-21.910795182371203,-29.362694337742084,-23.459777583318438,-21.41374735465369,-20.577640846934198,-20.533184850401824
-20.855819223100795,-20.985008240650533,-20.856146098982602,-22.765092642230243,-30.30884278352491,-20.895206586551456,-22.663863954140723,-44.7758404272123,-59.32116545356597,-21.272475442589858,-20.900460202801977,-21.021088288814553,-21.025415162656532,-21.24399090455846,-31.197388471148912,-21.057383003174728,-20.956730925980185,-20.846666382495638,-21.83093913452323,-24.145211318608197,-29.444806737683784,-59.50012631858507,-228.85648000789013,-94.05935022882271,-22.179091847358503,-29.347259750298477,-23.64956621505044,-21.705260732067256,-20.89741314187333,-20.857733584048624
-20.569581196168404,-20.69765411234351,-20.569828284277545,-22.4473886821021,-30.157769732894153,-20.6123888129734,-22.394641574060543,-44.814567694388074,-60.462145924371995,-21.011992501013182,-20.613894257903663,-20.742708835236286,-20.74156061631502,-20.981053593977304,-31.3077970603064,-20.773255329051818,-20.66802558404177,-20.557463434156528,-21.57432529769681,-23.956566848040108,-29.187726857416262,-61.10471774068991,-230.34257027076293,-96.31951227167654,-21.945947770238867,-29.203940612317695,-23.38706840428854,-21.451542884267724,-20.613621996568504,-20.571898753989636
-20.79840058979883,-20.928985205675506,-20.797585508064326,-22.725907565586947,-30.294794522735383,-20.837034062497047,-22.62169687419366,-44.77186928720569,-59.41298772357486,-21.215756993902154,-20.844315126458863,-20.964674567921236,-20.9707728207265,-21.190910915068272,-31.185646807640325,-21.005377767709216,-20.90155302835415,-20.789503860613554,-21.780047469941064,-24.108622546099024,-29.44736321092435,-59.56544675128551,-229.7348316428815,-94.1933597294655,-22.13113825076374,-29.348051320812242,-23.614219528420957,-21.652906863773968,-20.83978320496275,-20.799228669779797
-20.52477787741202,-20.6512933656589,-20.526060071248327,-22.37862430472608,-30.14099751027163,-20.569392839334565,-22.343461745938434,-44.867632545522326,-60.7744659037335,-20.975473552921343,-20.568087181721918,-20.69949521044747,-20.695076974985774,-20.9400556404961,-31.355234997800565,-20.724287619664956,-20.62053742272243,-20.51146090464752,-21.533522632587797,-23.930965129349804,-29.10309006577409,-61.593181319027266,-230.35815202991904,-97.00447233966734,-21.909976647447653,-29.153935532751973,-23.33124210286225,-21.413028179422476,-20.569843037126763,-20.528241631431293
-20.504935656650193,-20.6327625142198,-20.505186432590044,-22.37615877601612,-30.133132902153157,-20.548536205694578,-22.334377276635642,-44.840088158040395,-60.73392479369521,-20.95346047928234,-20.549258172055026,-20.679823506638954,-20.677441480261646,-20.921759484143582,-31.335307149597313,-20.70905011145065,-20.60284832862448,-20.492143329150455,-21.516477522607353,-23.916607455806258,-29.130623377871352,-61.484438212794835,-230.80460659663146,-96.86390964997932,-21.89340111410145,-29.171211534597592,-23.32797589695188,-21.39437422980884,-20.549550059757344,-20.507366612010653
-20.386370442100013,-20.51367559102373,-20.38670176676197,-22.24501039848365,-30.09698076966068,-20.431513216610732,-22.22387283436148,-44.90421959620249,-61.25287119636812,-20.84663321655843,-20.430739178504304,-20.564495038656066,-20.55972345334578,-20.813121343062868,-31.3899434881844,-20.591029603875526,-20.483213646134374,-20.372295419204583,-21.410444768821257,-23.846134109706338,-29.024364941651314,-62.209899159216086,-231.75539474600262,-97.91224265737532,-21.797176429637624,-29.10933594050575,-23.2189866236369,-21.28973289623629,-20.43209128258913,-20.389086257919217
-20.233630854550473,-20.366449647391605,-20.229564004547527,-22.163983213616717,-30.042278574733995,-20.27513201364421,-22.123434708802897,-44.82756676698338,-61.344399891140334,-20.69024838507059,-20.282469981024573,-20.414132617793033,-20.417049146403816,-20.67195628516016,-31.327342903475603,-20.45853684251236,-20.339437403082407,-20.22121128894548,-21.276641872959072,-23.741843386207396,-29.0919899419407,-62.09844788057797,-234.31955763773112,-97.85101463724368,-21.670148545043606,-29.15486847032833,-23.145489504029825,-21.14947114966737,-20.277961544594014,-20.232037186388542
-20.705007585696574,-20.840527858513248,-20.70073111128833,-22.705810907716902,-30.33018005813679,-20.740158651940252,-22.573956061358153,-44.81138599067033,-59.35518173227483,-21.116554412639164,-20.755390303649573,-20.871706602429732,-20.885383728826692,-21.103299805992386,-31.109912731015903,-20.928223004233466,-20.81624727334629,-20.69792179781177,-21.697789179053625,-24.05676027319538,-29.544788778771235,-59.264618136610096,-232.5800167148533,-93.97175625901937,-22.04978840800808,-29.395727380186642,-23.585273923466374,-21.564939379205025,-20.744971668822824,-20.702385694294964
-21.51105301510258,-21.629277076062834,-21.521679021996007,-23.295669550214473,-30.57434078487921,-21.554847626465,-23.18545447171652,-44.93855416071081,-57.912139141076764,-21.906144189062967,-21.545420147809356,-21.662520625085715,-21.655126039459134,-21.846387252638923,-31.233791123703842,-21.66384062825686,-21.594914141007145,-21.501727718604943,-22.413435283378785,-24.573276206389103,-29.605581567776266,-57.99450273894258,-221.69573689127915,-91.73838480943013,-22.720225714220973,-29.444112595604576,-24.110467576688734,-22.297765414880484,-21.553058680848455,-21.52241739058291
-21.56455926682339,-21.68201485705361,-21.57597594383398,-23.341279045136705,-30.6000660311351,-21.608610606629497,-23.22922707382076,-44.959530773165575,-57.791309142457926,-21.95754743322879,-21.59819482265134,-21.71483154061488,-21.70668017714457,-21.895443968489086,-31.23503896113528,-21.71363370864696,-21.647258953705695,-21.555299230542648,-22.461100453365322,-24.608652668952672,-29.62454663751454,-57.854738650420764,-221.21680599240193,-91.53511603402532,-22.764270732288693,-29.455692718534547,-24.14981905554338,-22.3460467096914,-21.606550508494724,-21.576635418955753
-20.740726111042793,-20.863355823853986,-20.74556467743738,-22.551395130313097,-30.221340676852645,-20.786958383090298,-22.512873486095856,-44.90417849205768,-60.279289636321124,-21.184404150126507,-20.780518970327776,-20.910754964403424,-20.902236287428643,-21.13806478518741,-31.357524139811932,-20.923363995673586,-20.83041184557435,-20.727204886540356,-21.72424470293014,-24.069524817666924,-29.143354307975933,-61.07281914450431,-227.7868772385435,-96.21635930876315,-22.086591542130687,-29.173213101555383,-23.478665877721106,-21.607557152226267,-20.785997086135776,-20.74748687891673
-20.709615404886986,-20.84056681902841,-20.70825700345111,-22.63775878607976,-30.24780049455192,-20.748657619449798,-22.54307579757846,-44.76603862301124,-59.698470898144706,-21.13279496425501,-20.75595460271072,-20.878101359509074,-20.883760302185024,-21.109187037603363,-31.20390999787602,-20.919501899486573,-20.81320460538194,-20.70018059538766,-21.700704943362858,-24.048809959719133,-29.391163620776084,-59.93983453520248,-230.35899616607165,-94.73077443118699,-22.05835178346406,-29.31752089641308,-23.54045547092965,-21.57353847228173,-20.75143134202451,-20.71003071683528
-20.654481391594754,-20.78893852569452,-20.650660088554567,-22.634855353377702,-30.271981808775923,-20.690931091269483,-22.5192004261394,-44.78098122056928,-59.61237480448223,-21.072524658049012,-20.703928714054662,-20.82301853580117,-20.834199949389237,-21.057338119738514,-31.146808454133975,-20.875801925871304,-20.763863817911545,-20.646433502189556,-21.652391290921603,-24.018060366886044,-29.468886185129826,-59.66493946676623,-232.22455036941798,-94.47608126998716,-22.00994709724632,-29.357339946398398,-23.529870430061145,-21.521097528685786,-20.69519627851789,-20.652423942856434
-20.952293133589777,-21.07460530286651,-20.95796827544836,-22.767356653366612,-30.303022233198924,-20.99700160438035,-22.702595140094026,-44.85676849263962,-59.52013643366141,-21.379620923470497,-20.99116120280975,-21.11701640962409,-21.110426049566353,-21.33256067558038,-31.299268855633663,-21.129855790686523,-21.041809680497344,-20.940379066638396,-21.913650580772764,-24.20293845008356,-29.29525692762452,-60.05112345862477,-226.06490132800485,-94.72523537618804,-22.260088336043772,-29.262453952558594,-23.660791790644204,-21.796129084022457,-20.996225221402774,-20.95955405083387
-20.846703934269527,-20.98258483858111,-20.842792116723345,-22.86228208297864,-30.449575191252332,-20.880477476539507,-22.707585542053117,-44.8783974102533,-58.85732821701565,-21.24721285747161,-20.89743302075061,-21.009408293041904,-21.025427793874993,-21.23344791610473,-31.06536026829725,-21.067735508347194,-20.95876791404021,-20.840937417930352,-21.824728284545845,-24.16065308738731,-29.66716088799309,-58.56694843447153,-232.36437358308098,-93.03796382505408,-22.164857407588045,-29.45760982362389,-23.712731404790865,-21.69075320025265,-20.885654840917358,-20.844215317393402
-21.630858050610325,-21.74443485301192,-21.64566049433517,-23.359955729094278,-30.608609206120104,-21.67782004001607,-23.26288716547461,-45.039056620337874,-57.8290270403151,-22.027862949309547,-21.66118517526239,-21.780068727256594,-21.76589048544693,-21.95449492995312,-31.277678332795105,-21.76502434853733,-21.70723911566055,-21.620241168149548,-22.51747127415494,-24.645254956124333,-29.559644493706323,-58.038838346073405,-219.81921982591777,-91.80417389349006,-22.81695579774049,-29.419070517286844,-24.168108246191345,-22.406758292675363,-21.67408934920894,-21.646254235584877
-20.06836753878411,-20.201229058335198,-20.06383801693095,-21.99063570696131,-29.991155960783193,-20.111360604362527,-21.97464613096428,-44.900117456909975,-62.02201038809396,-20.539404980321144,-20.117769531159745,-20.253314357218,-20.254120474557265,-20.52081864402682,-31.394735468331575,-20.296543328092667,-20.173937452058844,-20.05455293367513,-21.129778873447904,-23.643020124099525,-28.969649954517145,-63.01524727402512,-235.81987910296493,-99.17158743570971,-21.536768889739736,-29.08700166192297,-23.002376854470693,-21.0034844248251,-20.113916744356356,-20.066574194614187
-21.0579023537039,-21.17758468784642,-21.065951878479122,-22.842514339424124,-30.34436009014052,-21.10408044736441,-22.780844463760193,-44.90556425116624,-59.345480888347055,-21.483760646312003,-21.094488152685795,-21.220462318430034,-21.21054285180565,-21.429080863401747,-31.31543508441814,-21.224557695108512,-21.143251296496224,-21.045530344972843,-22.00655519521764,-24.271072601937597,-29.29477337701549,-59.91035700583991,-224.73017017461518,-94.51004729073867,-22.346385561406233,-29.26090317325543,-23.725829033008008,-21.891757103683755,-21.102274669489947,-21.067414578397564
-20.79218183427333,-20.919472181567013,-20.793647582522443,-22.66970660755866,-30.253411144221886,-20.833780967952002,-22.591662487857633,-44.787762554859256,-59.69931132154963,-21.218815199158808,-20.83534183827788,-20.959737296898737,-20.959943136392805,-21.185640241847008,-31.252795217215976,-20.989074486968164,-20.889744560839738,-20.781511960159975,-21.773056969445364,-24.10005602559301,-29.332383885324063,-60.09749659642908,-228.5333394433621,-94.85985654263695,-22.128034896393032,-29.285210718897826,-23.573429018159377,-21.650093645046653,-20.83501971890562,-20.795382280967647
-20.58417158032504,-20.716032443808757,-20.581794341190967,-22.519282835963757,-30.19032967027315,-20.623461262981195,-22.435138886668717,-44.76525406330322,-60.078875123901355,-21.014670319768378,-20.63146466685575,-20.755647005057323,-20.76135751944749,-20.99368494139513,-31.22363747788657,-20.79932103797059,-20.689045146277735,-20.574180017140716,-21.588860832207452,-23.965906254817597,-29.325626661799866,-60.41909979822415,-231.45333936232828,-95.43467193005843,-21.955360119537872,-29.28195113799154,-23.440609716997198,-21.461156379160634,-20.626444859226666,-20.583741168749317
-20.359629396545834,-20.49654602106525,-20.353253544868362,-22.361856405004907,-30.13583820652117,-20.396379712658916,-22.26796636683264,-44.777581675555254,-60.47566502434829,-20.793703610122883,-20.411501790041996,-20.535050738115313,-20.54687091614878,-20.785454756086896,-31.18607908726304,-20.594090331137387,-20.47259295232782,-20.350469195464647,-21.389647972021628,-23.82148716865053,-29.328867596156893,-60.72822536080987,-234.9162270710688,-96.05877076785052,-21.767432465316293,-29.28370702044429,-23.29943552845357,-21.256601476901114,-20.401277405713405,-20.355402873265984
-20.582199370401625,-20.716224597124075,-20.578394717607466,-22.551259667815973,-30.218953760683313,-20.61960844009378,-22.449589409193788,-44.767684570388354,-59.90457830345359,-21.006901674455882,-20.631331879823097,-20.752863941202982,-20.76238278462964,-20.991111155533403,-31.17784881512347,-20.80379022594771,-20.690721668987283,-20.573334781010335,-21.58769603331306,-23.96740101244513,-29.398342074653808,-60.08376604685519,-232.37177501333517,-95.04060989246194,-21.951614637679338,-29.32054267047227,-23.462175947785568,-21.45727541232574,-20.623566880637707,-20.580283810156264
-20.461566709264474,-20.5941165935008,-20.458342355559616,-22.400401523981028,-30.135747894278886,-20.501291254020693,-22.328394112329967,-44.77325492430879,-60.47745120133112,-20.89993689342667,-20.509646584434645,-20.636053112817514,-20.641436274469022,-20.88092862883132,-31.24940462720351,-20.68122698341774,-20.567362302721918,-20.45092238437977,-21.47962050813107,-23.885811057413093,-29.255421246782696,-60.931680804978676,-232.5021030271107,-96.18087429584858,-21.855066082394742,-29.244047748880913,-23.341063399783824,-21.351636197749293,-20.50438609533662,-20.46046288300881
-20.987153481738957,-21.11117447294784,-20.99162669358703,-22.8273448355237,-30.32750000480069,-21.030041224307336,-22.74631244264263,-44.8195211471991,-59.261759328379306,-21.407247498198803,-21.027268088909572,-21.150589126815724,-21.14738302134893,-21.36493253024801,-31.25905408825906,-21.169699248166868,-21.079601165752102,-20.976407410305768,-21.946045699067337,-24.226518950813823,-29.376677121960473,-59.63172772511074,-226.2869009186908,-94.13784806361596,-22.288717594530702,-29.310021430387998,-23.70957957695698,-21.826169244705603,-21.030097184764735,-20.993121589782
-21.506952936383424,-21.62399799129932,-21.518504582634204,-23.27556388467974,-30.560459061318692,-21.55182553116179,-23.1732219981253,-44.95421142454258,-58.003000374871476,-21.905080372384194,-21.540341041579655,-21.65874251668155,-21.64924314949017,-21.842063233081554,-31.25222156721896,-21.655769215362724,-21.588821291797203,-21.497005349275863,-22.408747378101168,-24.567490324063634,-29.565766268760843,-58.16190975735819,-221.35195976813253,-91.97363809672112,-22.716346263222785,-29.42143932167952,-24.09443997120172,-22.29455557295594,-21.549490616711047,-21.519266245680026
-21.565839329924053,-21.686016436326202,-21.57514417698249,-23.380406520034192,-30.6387005968675,-21.607474781658293,-23.25058589006926,-44.94368126932309,-57.614057815808216,-21.952541724507487,-21.60186551065781,-21.715474113868755,-21.7121309375969,-21.89770396237585,-31.193674618781273,-21.72408911699507,-21.65316189182385,-21.557952904706678,-22.464424701011403,-24.618568073384683,-29.711362335602246,-57.509728744979235,-222.20679557858278,-91.07044470755434,-22.766017825994837,-29.50319198917285,-24.17967158139021,-22.346002439991658,-21.60667083081539,-21.57576125902593
-19.84753853122422,-19.987848254897237,-19.837438152006232,-21.872872757904556,-29.93122763720607,-19.88579546464608,-21.827705725409633,-44.862840537767255,-62.18034857347246,-20.314039534238653,-19.903093539703633,-20.035553171007543,-20.046576495309154,-20.314784581238513,-31.304541771393826,-20.101978494656333,-19.965278794432123,-19.835923867859428,-20.93510071789757,-23.492391056174473,-29.063017786081346,-62.88098142412284,-239.85622752832907,-99.22041096967234,-21.350217981450186,-29.148214203900736,-22.89233574636658,-20.800029998659504,-19.891351515682075,-19.840273777941547
-21.018568461746874,-21.147458461300136,-21.019661806050408,-22.932433876311894,-30.40800487426315,-21.05690452184233,-22.81125933808152,-44.802931786529584,-58.78725066730918,-21.423859677074027,-21.06279601644672,-21.179669278255712,-21.185421077977338,-21.393854527506356,-31.160669924938915,-21.215878727807233,-21.119329113823657,-21.010596116338398,-21.976796573231336,-24.25762598788106,-29.56177976284162,-58.780556583289545,-227.97879648242363,-93.04262624948998,-22.312605248448296,-29.411079703489236,-23.789184906855017,-21.850663009967956,-21.059232192215024,-21.02099774816254
-20.53376791453734,-20.663476168428172,-20.53273261350877,-22.433588827265808,-30.149060278482782,-20.57541311801909,-22.373610572229687,-44.79361342557024,-60.45463099993679,-20.97442346866221,-20.579431055507218,-20.707332897311144,-20.70860993907839,-20.947936736567204,-31.285906208917105,-20.743291412255306,-20.63489940441277,-20.52221535684099,-21.543060380658485,-23.932780813893253,-29.214591366206207,-61.02524169799047,-231.06651435739232,-96.23821933039255,-21.91592794236493,-29.220178912994584,-23.373389145153872,-21.418356577207078,-20.577333054091113,-20.53481746232616
-20.183694338744825,-20.328874781678586,-20.172120042088576,-22.314565279200124,-30.20865874709212,-20.215023426508754,-22.171096159161674,-44.926049365231705,-60.42254522447729,-20.608763835573285,-20.242941642372827,-20.359724844531943,-20.383782194990665,-20.61793946865062,-31.050955274846665,-20.443529900139488,-20.30984842418722,-20.17744926107709,-21.23279527674305,-23.71991720887339,-29.48929047123066,-60.254026655209344,-240.35628590205505,-95.8708537359642,-21.610932864203054,-29.35925094300667,-23.23463664357179,-21.09023303253619,-20.223214658604277,-20.174266457641266
-20.622329603073428,-20.75969302053883,-20.616659167789418,-22.64841051622178,-30.31602524911529,-20.656590863317778,-22.512348760287196,-44.827948004593274,-59.498472263941906,-21.035239508545217,-20.674415836946736,-20.79039497270588,-20.806297901538315,-21.02634638748944,-31.093811816577507,-20.85238068199361,-20.73646575476899,-20.61553415901564,-21.624121086219706,-24.00428022057812,-29.54540688782934,-59.37486713871466,-233.93077069493245,-94.21347075324229,-21.979961870267992,-29.394140244150613,-23.53273024636508,-21.489362101614343,-20.6620873823182,-20.61838786075228
-20.80323792546755,-20.93999499259623,-20.798652791791103,-22.83060946816483,-30.440433959799204,-20.836625346876204,-22.67441648760126,-44.88559145494962,-58.93817781153325,-21.20470056648505,-20.854781382441708,-20.96669296161863,-20.983722939938975,-21.193010130203408,-31.058264492833366,-21.02759040422189,-20.91665668803387,-20.797572366281123,-21.785920777099356,-24.132799880006576,-29.663893205848943,-58.63745888876484,-233.02485427267183,-93.17915440754633,-22.128173997375562,-29.45459880148411,-23.683976022151665,-21.6510692065453,-20.84211887705004,-20.800118568796805
-20.865422706870966,-20.978638138228614,-20.8782930440998,-22.568608673621412,-30.334084907950064,-20.918977531597108,-22.567891020050403,-45.247721089115046,-60.581823800879135,-21.324654790859068,-20.89877828868999,-21.03327036137675,-21.01043007521273,-21.24923593307344,-31.47776956507991,-21.013236823528242,-20.94040578155957,-20.848234575024133,-21.828106225301017,-24.16757724312995,-28.957877781792778,-61.80340406847765,-225.8502468336183,-97.39303760368915,-22.183559237245575,-29.044452242310257,-23.490149401642366,-21.723101344876152,-20.91405739137973,-20.880177445219932
-20.97159639291992,-21.08999494453782,-20.980436226859393,-22.73686221180208,-30.313556793668052,-21.019647069664945,-22.694217449594586,-44.96842944731384,-59.75997590486935,-21.40778697315213,-21.007581918043144,-21.136497522857784,-21.123415479557302,-21.34918479942387,-31.361061705187847,-21.1354897349194,-21.054721905598683,-20.95785680564659,-21.928034845849755,-24.21755365971516,-29.189343726385466,-60.520830468556724,-225.1861846564876,-95.4082754886926,-22.27479100925231,-29.196521586706204,-23.636553545625596,-21.81540815038978,-21.017138238836587,-20.982062457772905
-20.833564012934993,-20.954326909119175,-20.84012557882239,-22.62364393419992,-30.258220666085027,-20.880673985957742,-22.584633444106444,-44.93272119510755,-60.083704641924264,-21.274713070559034,-20.871710791419986,-21.001574866926706,-20.990944674090045,-21.222990412188263,-31.361936200049726,-21.00816023889553,-20.920334007482978,-20.819865284716983,-21.806079176503374,-24.12932306810243,-29.15607780881185,-60.87647043956122,-226.69511191092226,-95.92553772807301,-22.1623027877455,-29.17882876347462,-23.54027674566598,-21.691254227011157,-20.879016508960397,-20.841934637368098
-20.31879509911942,-20.452438984715307,-20.31440354833811,-22.26645500767235,-30.079326932251643,-20.35878724378124,-22.206496174117728,-44.7898567869233,-60.92792412572899,-20.76569864510337,-20.368050986971372,-20.496697759624322,-20.502184580700632,-20.74962273880348,-31.275833905373887,-20.544551823225998,-20.42616223486554,-20.307541420670653,-21.352669063193375,-23.79393134898421,-29.184385850231976,-61.495431678617635,-233.89377096204308,-97.01437594349453,-21.73826092824457,-29.206116764380624,-23.228531673168884,-21.223982622369448,-20.362139798133832,-20.316717002079923
-21.032895639633338,-21.161739060818746,-21.034071892421746,-22.946864345311205,-30.41696333307887,-21.071158345637304,-22.82411066968225,-44.80634172057593,-58.74283248276234,-21.43725619865366,-21.077072811738283,-21.19363698454882,-21.199476867943815,-21.407056333571663,-31.15803980748554,-21.229765593034347,-21.13360953019918,-21.025016543827096,-21.989640375812606,-24.267614277754735,-29.57145881825557,-58.72150063351677,-227.90027900953524,-92.95890555930247,-22.324386310967647,-29.4163599879312,-23.80127452181697,-21.86349037432271,-21.073487334782946,-21.03538608761647
-21.417794202921137,-21.535559851000638,-21.42847643278165,-23.19204577762756,-30.51431638063177,-21.46273950308786,-23.09639752194686,-44.93121033857011,-58.246221488645645,-21.82080755831098,-21.451947625904076,-21.571686276367117,-21.562463272333027,-21.760109004998945,-31.25964184226359,-21.57087175690368,-21.50066467059502,-21.407459805909795,-22.32892782630649,-24.50776646974121,-29.51710298482061,-58.471962107318454,-222.0071475703657,-92.42103233479963,-22.64282939966315,-29.392482310503645,-24.023075522079427,-22.214389457372643,-21.4606002971477,-21.429376825794137
-20.972189118567982,-21.100178950150724,-20.973737230529004,-22.869669531870787,-30.362405441233392,-21.01168236194532,-22.761706197255027,-44.78945303308214,-59.01051794538574,-21.383175618363218,-21.015657005809434,-21.134825243806393,-21.13843071766946,-21.351240441510644,-31.189446245705845,-21.16769412581098,-21.071321779525746,-20.963370675755574,-21.934765175321203,-24.222758259111462,-29.495270268790655,-59.125300813413844,-227.78420505471595,-93.49892797144005,-22.275128123311614,-29.37549494854691,-23.738831577736693,-21.809994232727718,-21.01352747075064,-20.97516846287907
-20.777957241034404,-20.91182828661479,-20.774954784874893,-22.75637704283278,-30.34374987361069,-20.81392516921695,-22.62820810559082,-44.80107441624419,-59.230747887255035,-21.18834685541999,-20.826813259157227,-20.94343609250005,-20.95509646656731,-21.171096216124514,-31.124305516832663,-20.994977838281933,-20.88659110676998,-20.770605279053033,-21.76273522812565,-24.10306846171025,-29.544071616595115,-59.16965489498783,-231.40802698987505,-93.76685397020378,-22.111268651998415,-29.396993457381967,-23.631453073788798,-21.631592886999037,-20.818119114706004,-20.77654210648272
-20.821877694868547,-20.95183961165507,-20.82156245193061,-22.741095841609464,-30.299629598376953,-20.860864399153105,-22.638536544612744,-44.77302080223038,-59.37955898560086,-21.23908689906418,-20.86722615452039,-20.987762468312575,-20.993044736134955,-21.2126342893983,-31.191526925584647,-21.026491221870714,-20.924025995163262,-20.81284872762103,-21.800840535619027,-24.12347463491049,-29.44449795788187,-59.54677432181441,-229.35095889205192,-94.14770089318672,-22.15079901326309,-29.346772294062553,-23.628106298033803,-21.674363653067385,-20.863368301825002,-20.82318440075421
-21.445778216111353,-21.557830279945307,-21.461279034706834,-23.15001758456708,-30.51430802997235,-21.49555479363405,-23.083704757911452,-45.085734282909634,-58.544393588962144,-21.860278297916253,-21.475547042562276,-21.599628237658532,-21.580926075287316,-21.782645361393858,-31.336048540794106,-21.578158360835324,-21.519358787790004,-21.432869589374732,-22.348877728169416,-24.520404266951303,-29.368597177877437,-59.071127983248275,-220.65457839993454,-93.32975239953463,-22.661905630068034,-29.302080667175208,-23.988484684132125,-22.241242495981464,-21.49088999142289,-21.462201871331633
-21.596773259331936,-21.706012847137654,-21.61516670883907,-23.273253329010068,-30.585930411836372,-21.647816194010428,-23.203305511839066,-45.1714460417846,-58.22320984959196,-22.00623839757859,-21.624014422440474,-21.74708199212808,-21.7251945562443,-21.91983897216143,-31.341040634698224,-21.715964170357754,-21.666103004738236,-21.58378154772327,-22.48220633476733,-24.617203548794137,-29.406898610557317,-58.71506444311314,-219.24235772943558,-92.85037240599064,-22.784243696840324,-29.32474950312772,-24.093360106916062,-22.377040645806492,-21.64211061026285,-21.615856403222878
-20.79728396946599,-20.92408402019323,-20.799121577035248,-22.667934358868134,-30.252328500653405,-20.839278285472847,-22.592798828880984,-44.79369072660538,-59.720818819070544,-21.224843834604034,-20.84003878830697,-20.96485279373181,-20.964258547816826,-21.190351381710965,-31.260819342724893,-20.99251473412665,-20.894028850436307,-20.78640057198614,-21.77737843699728,-24.103137281680795,-29.320196891986004,-60.147158698291186,-228.34566676427227,-94.92127017726024,-22.132398580488648,-29.2782612457901,-23.572645505500446,-21.65500967859841,-20.840301421403403,-20.80085971438538
-21.651487740920544,-21.755929112924065,-21.67429850977993,-23.278175717372385,-30.632859577607896,-21.706251915985614,-23.224105326811866,-45.367355808726074,-58.35221351159596,-22.067656956903914,-21.67539348916964,-21.80035523092276,-21.7710940699369,-21.966027706997608,-31.38726295529301,-21.751869047367993,-21.713517187436604,-21.63671916814255,-22.52610374308816,-24.65213216083316,-29.318157824696257,-59.022112162472006,-218.4440846483026,-93.42587956647489,-22.823040903227685,-29.264989603773383,-24.09364409903742,-22.426483313867557,-21.698549912063214,-21.67491909356808
-21.216074055612275,-21.329026808506853,-21.23012642137349,-22.924187257801147,-30.42350103474971,-21.266917591053524,-22.881162816507224,-45.101545521964425,-59.28544649052802,-21.646518160074052,-21.247407358890452,-21.375439471279392,-21.35586082758762,-21.571516099549683,-31.378536310009217,-21.356169151164767,-21.290817107783088,-21.201686004397285,-22.14283376236647,-24.374923495496507,-29.216408933995645,-60.054919771471305,-222.51998357594985,-94.77451132681817,-22.47249107602463,-29.207870059411277,-23.79513526494994,-22.035597907283986,-21.26234593208096,-21.231425987014607
-20.919893325576837,-21.034828821707745,-20.9314549877668,-22.642952926901028,-30.32380613472396,-20.971464009219144,-22.626463781826715,-45.13279731884627,-60.23147927445858,-21.369718417574195,-20.953913697361887,-21.086369171094137,-21.066926522550144,-21.300139669853465,-31.43306561076593,-21.072711347674897,-20.99750399057657,-20.9040004667395,-21.878608468518514,-24.19329643520151,-29.047907558831653,-61.276341791681915,-225.33490704318262,-96.56779295370265,-22.22992872992481,-29.104642366600892,-23.555380989454747,-21.7708697591581,-20.967358198664318,-20.933222570975552
-21.023721166068785,-21.14628354377075,-21.029414111778006,-22.845315371544444,-30.336933968034714,-21.067608280773797,-22.769414321199974,-44.84219886659884,-59.24521823045805,-21.444773257136823,-21.062593338328888,-21.186575834554233,-21.18124930611444,-21.39837036923764,-31.275221126747525,-21.200743398764548,-21.11379276825923,-21.012530093505067,-21.977935602108932,-24.249575698966474,-29.35840870876028,-59.665884445412914,-225.6411460813174,-94.17017455939629,-22.318817945660662,-29.299323727902557,-23.72621073418661,-21.85969390355394,-21.06705615420347,-21.030879264767865
-20.757184146392184,-20.881496794229527,-20.760765817276027,-22.590994619598405,-30.225466783447562,-20.80175594770689,-22.538987350022598,-44.85057924175417,-60.07506797483751,-21.19480220297638,-20.798130073116383,-20.926438106020576,-20.92101876450756,-21.1534028512041,-31.320742508247477,-20.945103178872433,-20.84967928538767,-20.744671321276122,-21.740064490780952,-24.07777279723613,-29.208992941898813,-60.73024613494107,-227.9788472569869,-95.72721564834158,-22.100107803440974,-29.213309638344164,-23.510938712828732,-21.621095893917992,-20.801581943952442,-20.76262496278964
-21.601145341519626,-21.71577380134983,-21.614976923971916,-23.34234888836532,-30.597829604633066,-21.647411853872555,-23.242852524911363,-45.012346316749756,-57.856877851701725,-21.997936969269194,-21.63237745069405,-21.750960686274308,-21.738283159106693,-21.927714849913695,-31.26875423976246,-21.739633068153374,-21.67920070140014,-21.590793672993264,-22.49162789873604,-24.627058799686733,-29.567394406758154,-58.042677068965304,-220.2297387065372,-91.80435420607115,-22.79306084688309,-29.42338594247754,-24.152679577441752,-22.37981683183268,-21.644115026622426,-21.615609801695427
-20.817635258466108,-20.942315995383353,-20.82110805599332,-22.659191153620753,-30.25105647908969,-20.861357669681688,-22.596413579095973,-44.82808083461876,-59.82005541099382,-21.249341229477714,-20.858681421870124,-20.985250854328246,-20.981192496617098,-21.209010244453218,-31.295215666296556,-21.005612764754805,-20.91085544261701,-20.80581885532093,-21.794429508491184,-24.116034575795,-29.267051598628633,-60.368276254128574,-227.61051019621956,-95.20677247606403,-22.14957474331061,-29.247179413477973,-23.567827040508597,-21.674648037083138,-20.861446984408083,-20.822861754319586
-19.978510025819403,-20.115387203434064,-19.970987848094154,-21.956807278489183,-29.963163267686262,-20.018661823408237,-21.92143248281618,-44.854994954999036,-61.98761063458471,-20.44457574458842,-20.03111224554328,-20.16440062090761,-20.171102229273757,-20.436717621260158,-31.335182289055073,-20.22050327106101,-20.09069148185009,-19.966124409326348,-21.050916434219907,-23.57877876411628,-29.040025493465343,-62.78485533432327,-237.64353317124895,-98.95256019288465,-21.46020780050524,-29.13165689922131,-22.96818908403613,-20.91972462373844,-20.02289266335167,-19.97373625307866
-21.08441843492443,-21.212338251971477,-21.086406860901356,-22.987119093257473,-30.43503430000832,-21.123073896354967,-22.86452207647655,-44.813052941270286,-58.638015886352704,-21.487306251793967,-21.127731761461114,-21.24414217893124,-21.24895795015726,-21.45461506430192,-31.16291055081603,-21.27739770720026,-21.18368568415555,-21.076485520173655,-22.03550300284029,-24.301194682386146,-29.580950724134517,-58.616508672840766,-227.26868242290467,-92.78458922542701,-22.36724707422021,-29.422383738847962,-23.836713195706196,-21.910233252062906,-21.12506396848662,-21.087660313738255
-20.857509349847934,-20.988590131051374,-20.856570470569576,-22.796176166053232,-30.340723190431305,-20.8952335038985,-22.67979120122279,-44.78399339426264,-59.16977744135585,-21.26914189346254,-20.90380713601587,-21.022028066159415,-21.029722885551646,-21.245172855565603,-31.159469560169804,-21.064751120630213,-20.96162272450787,-20.84935507592551,-21.83317856933145,-24.15075306003329,-29.510127638249593,-59.2106164428707,-229.681085301525,-93.7143660978946,-22.179042091663035,-29.38148543398296,-23.671300205126713,-21.70512738772563,-20.898300349599552,-20.85810747813884
-20.050168485273474,-20.20126631477656,-20.035429397873415,-22.27569563483675,-30.306434478272998,-20.078073628085377,-22.095292681556614,-45.142883580204625,-60.44161367165117,-20.470213814987385,-20.114729362754428,-20.226456973804716,-20.25885789036971,-20.4895180603441,-30.954181831623004,-20.32645043212809,-20.185157218941164,-20.04585944912495,-21.1126417254688,-23.649225234258864,-29.600591618144556,-59.986451401831815,-245.002981556076,-95.94963298294623,-21.490061740315664,-29.40378648910568,-23.179955181291835,-20.963421910855036,-20.088426294741417,-20.037568437694347
-19.63434653009148,-19.788692761264578,-19.616345318620542,-21.8906635449308,-30.087522833545748,-19.662853138558116,-21.74086526291973,-45.134376086539355,-61.680554270357646,-20.076533108670308,-19.701790647346176,-19.820452359339136,-19.8531471540501,-20.105170258487068,-31.020034198985652,-19.927874047168448,-19.774278208215286,-19.628480398998246,-20.742894311256443,-23.364273136032807,-29.414491377114658,-61.48339089267236,-248.72058231887073,-98.2051242308725,-21.148562318031008,-29.320206258178864,-22.857970540214854,-20.59114375533251,-19.673997248830407,-19.61897889635037
-19.698957124590205,-19.847894797531232,-19.683574870961415,-21.862780354735104,-29.980839106340817,-19.731106449086223,-21.757831846633362,-44.954488565728674,-61.91812183632866,-20.151170161817237,-19.761759928056364,-19.886543895683637,-19.910834371002323,-20.17076854273334,-31.13747131788491,-19.978940174570457,-19.830690608264227,-19.69080105443854,-20.802158188307242,-23.395437084964357,-29.265167191613052,-62.08567811274223,-244.90333265023594,-98.60641635786602,-21.213897737562604,-29.253693550323625,-22.85740458879979,-20.65672595473648,-19.740186248657405,-19.686318217630113
-19.76154195376647,-19.90935679546375,-19.74695269261045,-21.909864108572446,-29.993376816262675,-19.794088170528447,-21.8061127037827,-44.9298315173994,-61.777233876000246,-20.211986893405406,-19.82333538053186,-19.94799393837327,-19.971163374208952,-20.22914303389198,-31.141401892671546,-20.03741865312746,-19.891543863512037,-19.75329819246114,-20.857825425395276,-23.435648583137855,-29.2704010890671,-61.95359551025163,-243.91000896783504,-98.35078779987685,-21.266464432943916,-29.2557990817661,-22.899219433458015,-20.713558023898827,-19.802790207323632,-19.74964348391222
-19.44087130216728,-19.591683651203983,-19.423584394678887,-21.61934118031896,-29.875792148914357,-19.473663151450687,-21.537961422841047,-45.00713766664572,-62.78639848807648,-19.908880609142383,-19.50554694169898,-19.634833037918053,-19.658858309899244,-19.93339911639424,-31.201302164883064,-19.73116728782334,-19.57537427582557,-19.431593414553852,-20.573870328356882,-23.228205001829135,-29.14444080867462,-63.15999252543409,-247.52192837172262,-100.19738584873008,-21.00427983458263,-29.199434492837785,-22.656379423310092,-20.427012779750378,-19.483141367475877,-19.42664842617437
-21.468768805340538,-21.579238934534054,-21.48569663777695,-23.155564340689164,-30.528426016573928,-21.519749166477073,-23.09466065989886,-45.14120282324937,-58.574269807669125,-21.885242205849984,-21.497365424339563,-21.622124279940888,-21.601007756673393,-21.802710087592992,-31.352215350550264,-21.594985889796515,-21.5398782125311,-21.4552925166132,-22.36797933423566,-24.535026913224204,-29.34131382708693,-59.159958118290334,-220.2893225875019,-93.48657988652073,-22.679304184529823,-29.284202795252256,-23.992640140161622,-22.262160796659064,-21.514419967900437,-21.48659530247227
-20.370178493432196,-20.507838193588416,-20.363388332689787,-22.38527407677652,-30.154389828192684,-20.40620134982514,-22.283277336256425,-44.784369857052496,-60.371906518542296,-20.801339039733115,-20.4226761633198,-20.54496901453028,-20.558239867630984,-20.794695027303288,-31.165380549250923,-20.606493098367885,-20.48440096282573,-20.36149956244883,-21.39912496883254,-23.829653282494675,-29.36297476829347,-60.551740424845434,-235.20918345165921,-95.8474169769669,-21.774927350654224,-29.301181633413847,-23.31658733251302,-21.265100225182994,-20.411446229337336,-20.365498045556397
-20.610365820719792,-20.744460244570334,-20.606614739588892,-22.58222582665601,-30.237202005813074,-20.647484201695967,-22.47592941029593,-44.77076291941548,-59.79778295357974,-21.032718445663996,-20.659529775895535,-20.780244654696798,-20.790237412474685,-21.016955362373405,-31.167713868653784,-20.831572629088768,-20.71905798797403,-20.6017681702144,-21.612877765626315,-23.986772197221644,-29.422374368644373,-59.93479098875197,-232.25903548322518,-94.8357906120587,-21.97445287151635,-29.33317365001676,-23.48749243121515,-21.482240419877968,-20.651518278710743,-20.608457836765467
-20.58332806181645,-20.71347954953786,-20.582124842641054,-22.492346027794323,-30.174014871691412,-20.624146399207685,-22.421868496834165,-44.77837432776831,-60.228572631336355,-21.01868740744005,-20.62922723542348,-20.755438260428264,-20.758116505588923,-20.993343835252652,-31.260028567946758,-20.793269909062747,-20.685306765639453,-20.572424703279797,-21.58750222544872,-23.9645493982905,-29.267219484392932,-60.698213117463034,-230.85079566778444,-95.78182646616717,-21.95599339812969,-29.249625389573218,-23.42145028868057,-21.46197481816959,-20.626350550273827,-20.584119280064904
-20.57035857388475,-20.704651277514913,-20.56634308450367,-22.542991796275217,-30.21625613707188,-20.607633178586834,-22.440779843779854,-44.76852036077193,-59.92518330547317,-20.995247580780227,-20.619735314878355,-20.741228262325272,-20.751072531837842,-20.980125543901345,-31.1757421326729,-20.792968287155542,-20.67930787524724,-20.56153793379949,-21.577180103464926,-23.95981624682387,-29.398498412929587,-60.099675182068125,-232.55615802530474,-95.07334323641821,-21.941685138392273,-29.32053956446282,-23.454719352337307,-21.446478862169144,-20.611692896385545,-20.568242985573416
-20.21011556227876,-20.352270349030732,-20.200182018601478,-22.290507358894164,-30.146498320181603,-20.24366228667254,-22.171583584760572,-44.84249503596944,-60.576636502117644,-20.641254295497884,-20.26666407233842,-20.38706907044265,-20.40620794356407,-20.644790831874584,-31.11431599529008,-20.461873363513504,-20.331490121639725,-20.202510430809955,-21.256668177862366,-23.729335161038065,-29.40108514338212,-60.61260976412908,-238.38819681385525,-96.16777783252437,-21.63818214727492,-29.318818577646404,-23.225757078637592,-21.117715416860634,-20.250622895352308,-20.20239142463757
-20.601625632374763,-20.735366448242303,-20.598069369987883,-22.567303956735195,-30.22594449488698,-20.63912171036143,-22.465221428653198,-44.767431056189466,-59.85805404966723,-21.025602075537506,-20.650490995538398,-20.77188798843567,-20.78114590012039,-21.009068138425043,-31.177971907697856,-20.821989464856753,-20.70970689593858,-20.592770428713887,-21.60498401829548,-23.980121260207675,-29.403447018910406,-60.033195921561955,-232.14066459831963,-94.95901663754194,-21.967730266512465,-29.323330491451934,-23.476072074483476,-21.47482985840894,-20.642983216510917,-20.599936204962766
-20.237793452007608,-20.375790789128672,-20.230344581202914,-22.250097927484024,-30.085212038983848,-20.27463458775244,-22.164953122175262,-44.787189373781715,-60.840122893843855,-20.67850663876109,-20.290741286354898,-20.416052208657593,-20.428211340213196,-20.673156529609102,-31.203966442762535,-20.477811405030494,-20.352351623597354,-20.228205373446094,-21.281293417763035,-23.741605323273145,-29.27439974767048,-61.172923067823206,-236.1303711319008,-96.72619885342301,-21.667413591100853,-29.255653409707044,-23.205251947056404,-21.14741978894728,-20.27981760026058,-20.232648882978303
-21.08581057312541,-21.206243306487476,-21.09334651932244,-22.881361132688728,-30.35788850361645,-21.131085769357664,-22.81131270419916,-44.881685592813554,-59.18868579250519,-21.507527954451522,-21.122873894695406,-21.24753726435825,-21.239227601077594,-21.455022606340112,-31.295409627079707,-21.254483363533815,-21.17244976279855,-21.074051080921954,-22.03219993476394,-24.289205954164746,-29.339600167264052,-59.668725224326536,-224.69549818286148,-94.16009974856095,-22.369598165401868,-29.28779551419667,-23.75828124526982,-21.916288763036317,-21.129661119024522,-21.094750445081058
-20.70443950884281,-20.839333286767264,-20.700535814097083,-22.694962661828402,-30.315098148168126,-20.74012129128794,-22.568522455541796,-44.7989055998856,-59.40474103779374,-21.11762702546093,-20.75425196038289,-20.871439163674925,-20.88400591150068,-21.103066570463454,-31.123260272154482,-20.92592539773035,-20.814640321920916,-20.697024105467232,-21.697162365940418,-24.054309951253316,-29.52257912785094,-59.36113499029192,-232.23946823078097,-94.07559599371368,-22.050114869706093,-29.384887186105978,-23.57812480653256,-21.56509382255057,-20.744657034710706,-20.7022092602646
-19.470315230731803,-19.614191873327318,-19.456936952232628,-21.52947062672505,-29.821546847905275,-19.50892783357947,-21.51322254474062,-44.98921724741892,-63.43176159994855,-19.959082029333317,-19.529560891953615,-19.667353137068147,-19.679382159662097,-19.968234800413473,-31.389550046006917,-19.742227517182776,-19.593365420149894,-19.457412290930574,-20.601845609887803,-23.25914643206378,-28.911073316114692,-64.39802656754765,-244.37389649385625,-101.51418919605715,-21.043671047077304,-29.076167449838344,-22.60614190524854,-20.4639144108179,-19.51540224029683,-19.46023676673741
-20.97446119396047,-21.099929017228053,-20.977819813507786,-22.834690105921112,-30.332710597747273,-21.01616466427529,-22.745108478054306,-44.80134946894993,-59.194612965941815,-21.391766947320455,-21.01578061522054,-21.13783118909122,-21.137014113150975,-21.35337216922197,-31.23605324006615,-21.161953177217853,-21.069324659252402,-20.964356232336165,-21.935508038149102,-24.219662489430416,-29.413726793771843,-59.481956807816374,-226.82208896531813,-93.94669961248188,-22.278025993436792,-29.33102243872302,-23.71386191873654,-21.81388173025388,-21.01686159034924,-20.979304416554577
-20.092800718123158,-20.229551684966932,-20.085686106046737,-22.075959094223506,-30.00503406188129,-20.132018891480282,-22.023933115159,-44.81677975028046,-61.52996198579522,-20.549326559780198,-20.145013597370315,-20.27559617118926,-20.283619185181124,-20.54122423188444,-31.290144848624873,-20.332184525123644,-20.20498938111942,-20.08132229508891,-21.15230688126039,-23.649033379525342,-29.121312610706774,-62.16975802056636,-236.66122164108774,-98.07542642476272,-21.55224915987933,-29.174841751703433,-23.06590984400234,-21.02070242721,-20.13639498513319,-20.088257913476234
-19.581058567334686,-19.72179023115786,-19.56995466811442,-21.596049462707462,-29.85061246576609,-19.621483753990244,-21.590599378530108,-44.98279241676141,-63.295534894672144,-20.070492320010104,-19.637694658025588,-19.776427550633258,-19.784420718408185,-20.071800707750608,-31.421837454610465,-19.841963902406647,-19.698992827258675,-19.567352250214356,-20.699691272491606,-23.334521278466614,-28.88009194159037,-64.37110659213809,-242.4141291981751,-101.34705822385075,-21.137180473090854,-29.05346256600123,-22.666882621311547,-20.565464469009186,-19.626734421633174,-19.5732001251739
-20.446865738537188,-20.58469667974515,-20.44025164461472,-22.46964116922916,-30.205425443607687,-20.482118613434583,-22.354818982895598,-44.795053755065624,-60.07776707973558,-20.8716408652313,-20.49944711226962,-20.61948160625943,-20.634027572696805,-20.86494325977934,-31.136336222869758,-20.682016919201818,-20.561498271104238,-20.43890140295851,-21.46750328134727,-23.882455802341536,-29.427428234853373,-60.14290673035924,-234.91160707922228,-95.29074025894671,-21.83680264141328,-29.334012712395385,-23.385064931896764,-21.33293407250559,-20.487557796585154,-20.442237370217953
-20.87897355471273,-21.008802713319035,-20.878942526464623,-22.79937608556354,-30.332759797976202,-20.917611950782696,-22.689958574423233,-44.77985703344679,-59.19130886339354,-21.292220828738667,-20.924145747295043,-21.043402143531264,-21.04914160852588,-21.265192182653024,-31.178494478111645,-21.082018215713983,-20.98101840657529,-20.870344174508617,-21.851952998199806,-24.162518323533778,-29.4843728350573,-59.29467107444442,-229.01327462736703,-93.79010420336157,-22.19759597796302,-29.36846713398485,-23.676721447031575,-21.72535786419892,-20.92014612398062,-20.880477397826667
-21.510874265625414,-21.619944926055652,-21.529145508141738,-23.18322024976729,-30.55110019044949,-21.56274166953119,-23.124252331718957,-45.189867237206094,-58.52518912204471,-21.927365060713022,-21.538363399968095,-21.66323748620072,-21.640216663734954,-21.84045536629651,-31.361160044290255,-21.631165722438553,-21.579845268093546,-21.497084405420495,-22.404465761163646,-24.562005507621954,-29.33478725488228,-59.133652157821444,-219.8330116010635,-93.4747289884763,-22.712615725775052,-29.27919032971174,-24.015650499724742,-22.3001021731555,-21.556856357763763,-21.529983724377036
-20.870475135317943,-20.99596462092441,-20.873497476535626,-22.725888470817594,-30.279229000703914,-20.913025221102018,-22.650222998438913,-44.80557902214706,-59.562100683542766,-21.29579693902691,-20.912021518085055,-21.036521089690204,-21.034506231722588,-21.257664259573307,-31.26447155472446,-21.060069322900443,-20.9651578329622,-20.859518472844417,-21.84225285464217,-24.150513999880822,-29.333852877374596,-59.98381048328723,-227.46859508824346,-94.66456310064923,-22.192727999086536,-29.28573951063538,-23.622798952216634,-21.72115484081098,-20.913567157547895,-20.875148427528025
-20.870475135317943,-20.99596462092441,-20.873497476535626,-22.725888470817594,-30.279229000703914,-20.913025221102018,-22.650222998438913,-44.80557902214706,-59.562100683542766,-21.29579693902691,-20.912021518085055,-21.036521089690204,-21.034506231722588,-21.257664259573307,-31.26447155472446,-21.060069322900443,-20.9651578329622,-20.859518472844417,-21.84225285464217,-24.150513999880822,-29.333852877374596,-59.98381048328723,-227.46859508824346,-94.66456310064923,-22.192727999086536,-29.28573951063538,-23.622798952216634,-21.72115484081098,-20.913567157547895,-20.875148427528025
-20.733187233598155,-20.859047297566462,-20.735531871697034,-22.587340581434454,-30.21860331834757,-20.77657146572391,-22.527819162735785,-44.82047465705007,-60.03470624317441,-21.16845933472462,-20.77536496720581,-20.902676499816277,-20.89966166787022,-21.131429274931726,-31.29861702553451,-20.926624073220417,-20.828224248207487,-20.721278810582042,-21.71948570623281,-24.06163107340236,-29.24036018726664,-60.61366912271467,-228.52962896611362,-95.57638714120264,-22.08024205882813,-29.232464802379248,-23.506436809130854,-21.598660903204134,-20.777062820442453,-20.737394510704735
-20.658411027851606,-20.789469264628323,-20.656814119346464,-22.58531884543992,-30.22070338406106,-20.697785797047388,-22.497024124396276,-44.76547599110797,-59.8745625332315,-21.085283329127396,-20.704915292611908,-20.82821388790312,-20.83342891065942,-21.0621018028389,-31.217214284903683,-20.869649672186767,-20.76207636220176,-20.64860985889935,-21.654944545236326,-24.014543563226077,-29.355356894324075,-60.17569771341071,-230.69551645599904,-95.06638926203668,-22.016505593177303,-29.29807602011022,-23.496830124923335,-21.527893322367376,-20.70052545594858,-20.658665745725145
-20.259084975827733,-20.390277929651983,-20.2562339994456,-22.166674381757815,-30.049654875676524,-20.301836629966438,-22.135178799145358,-44.8525837840241,-61.39836855166282,-20.718520098989877,-20.3066477850095,-20.439456501264473,-20.439840971109962,-20.69580263407631,-31.354468254338663,-20.478486518439546,-20.36219865747379,-20.246003900094255,-21.298761535957873,-23.76054332935089,-29.056430102786155,-62.2433717253774,-233.69206597135414,-98.02142697517633,-21.692030033409367,-29.133101933918837,-23.15001646699439,-21.17360396687334,-20.303967635839594,-20.25871496885765
-20.335213646991384,-20.466191692601225,-20.332719152838912,-22.24353210169021,-30.07525160122629,-20.377469727980426,-22.202496247421145,-44.827786066752005,-61.11268236781234,-20.788744507476107,-20.382382723260765,-20.513625352506182,-20.514615864728455,-20.765576483981533,-31.329796073648076,-20.552501175375802,-20.438107042821468,-20.322664842612003,-21.366468062267145,-23.807246851571495,-29.106541951171216,-61.865010835638245,-232.983209266598,-97.47172851968914,-21.753830652376898,-29.16091098089256,-23.213957675190848,-21.24117132409258,-20.379634098886854,-20.33508478237205
-21.669911932514104,-21.784820689328857,-21.68374367507112,-23.417652547192173,-30.64152668192606,-21.715387186455317,-23.308120355321385,-45.01949201380573,-57.61998650708016,-22.061067475405093,-21.701237214753426,-21.8179830913626,-21.806527081366593,-21.99139133747749,-31.25228971108969,-21.808003474259028,-21.74859811934247,-21.660277507051045,-22.55402892153337,-24.675424331869085,-29.63105603071755,-57.70543884212026,-219.9864904478896,-91.3180886420167,-22.85035258457113,-29.461184831623612,-24.21665183003996,-22.441433559889077,-21.71231882072579,-21.684256643204687
-21.123544791624273,-21.24863224412613,-21.127665997700777,-22.98588920746301,-30.415154962200887,-21.164368660848798,-22.879113417678376,-44.816125158718485,-58.71134447445391,-21.5305713604656,-21.16431839747156,-21.283178034885125,-21.28344540644096,-21.490677158627744,-31.20509637883045,-21.30684572687223,-21.218096344908,-21.114477023668247,-22.069190288656,-24.320797919954266,-29.51785795786818,-58.83423036642286,-225.9012892973527,-93.0200228613942,-22.40062341756345,-29.38971126698607,-23.84092921155856,-21.947240451281907,-21.165126690213096,-21.128918812565203
-21.08206917900851,-21.204975148607918,-21.087677959812343,-22.911099957998843,-30.36862351908623,-21.125167009000716,-22.82515832341708,-44.83350687109308,-59.014557592290714,-21.497729030317938,-21.12108374070823,-21.243357785205813,-21.23930743131419,-21.452179319261283,-31.253937454434713,-21.259095488439804,-21.17283796361917,-21.071538951396832,-22.030574015043076,-24.288648699686494,-29.4147404716841,-59.33679799552704,-225.37611987253393,-93.70054058708727,-22.366820218576038,-29.331885710303,-23.781185589208246,-21.911575709021456,-21.124862097212787,-21.089041892138017
-20.221817647483952,-20.349686602806003,-20.221321579307407,-22.08113315333546,-30.054466102164014,-20.267966381629474,-22.079712176638388,-44.974888050529884,-61.87681092895626,-20.69498829816521,-20.267244156947623,-20.404117954137252,-20.398236556272387,-20.662443674844308,-31.443783015522186,-20.43135796490355,-20.319342050500694,-20.206630679903142,-21.26417123245141,-23.749041103710713,-28.919671706294626,-63.031209885382964,-233.46691864136156,-99.12060313361779,-21.66358930188071,-29.04929570490162,-23.08182415685957,-21.143750130603937,-20.26851921782457,-20.22395768750761
-21.331837401481156,-21.444099524836854,-21.346815308121457,-23.0352064194745,-30.468015084046346,-21.382345547016094,-22.98162113564689,-45.09840231176259,-58.924170405416874,-21.75474223513429,-21.362207938951162,-21.488432559284075,-21.468906448095886,-21.67772948398642,-31.35941398370786,-21.467207524917455,-21.405611581471447,-21.3180797261806,-22.246379681950252,-24.447669141158528,-29.285929364190725,-59.58387327747556,-221.5202624759237,-94.08531197501236,-22.56764143902362,-29.250748417041986,-23.890053584254083,-22.139238159309098,-21.377623689195733,-21.347928210831398
-21.235878444177022,-21.35174236511942,-21.2475488175118,-22.978890394567763,-30.419914892004858,-21.28398659909699,-22.91741967701315,-44.98853347204765,-59.00081823796451,-21.657432215023135,-21.269101493760484,-21.39454490933817,-21.380069355845574,-21.59141735570075,-31.330263623235666,-21.38589077937381,-21.31527817017285,-21.223081182500753,-22.16340000345821,-24.385630664584088,-29.316850775647655,-59.57271444494676,-222.73562635580203,-94.02770347931614,-22.491270950301242,-29.272180339941933,-23.842591073436022,-22.05234140999975,-21.280726414783544,-21.24877789728412
-20.323987026729956,-20.46160595852092,-20.317060417961713,-22.33550099177958,-30.126809212928762,-20.360428493166456,-22.24074466172225,-44.78242813910792,-60.54735791487941,-20.75889411163533,-20.376501164635954,-20.500059207547928,-20.512665294351347,-20.75236841530373,-31.182137315929634,-20.5611577645015,-20.438062580072845,-20.31490772531794,-21.357975548726767,-23.798487697801786,-29.326429749385937,-60.79257372483984,-235.44494476469896,-96.17972073935286,-21.737609673265506,-29.282421297785866,-23.27601838004922,-21.224202357235566,-20.365582047248143,-20.319243013556264
-20.986539024389106,-21.108390386375465,-20.992671735227635,-22.796856499873336,-30.316951045359783,-21.031372831662118,-22.730606320276177,-44.861998040113306,-59.43303344805318,-21.412370854046056,-21.024960441136923,-21.150490859144384,-21.14349870712848,-21.363984040730433,-31.29782087431788,-21.161902764953652,-21.07535185054171,-20.9746746219994,-21.944067106354133,-24.225045736857982,-29.307168608986537,-59.94967282828052,-225.71406146760287,-94.57501747082178,-22.288181660645865,-29.26923415995078,-23.68599182547982,-21.826934705106815,-21.03044011665333,-20.994210956033626
-21.141766796232854,-21.252056448275898,-21.157891071751873,-22.819245254660412,-30.4263193623676,-21.195552748041496,-22.79864999230937,-45.25239342232408,-59.756306801208474,-21.585111937332176,-21.171874586502295,-21.302947300649546,-21.2782293359523,-21.50138312370721,-31.436782649261772,-21.27377940851139,-21.212395816515077,-21.125481865789528,-22.073260762128097,-24.33497135040427,-29.08447744426475,-60.77395353611248,-223.04045397338155,-95.90489762987843,-22.408168555023426,-29.120721320297434,-23.70276002308111,-21.970014096200224,-21.18973900105961,-21.159346055267594
-21.264160276414977,-21.376296110436783,-21.27904702556407,-22.96430118700405,-30.444661925858192,-21.315328689185925,-22.91962731482925,-45.12117356744207,-59.172951980443294,-21.692776167545848,-21.294748445939767,-21.42239384081279,-21.401958000529284,-21.615286138868594,-31.377906147147392,-21.400400256437603,-21.337670880722097,-21.24977778929097,-22.185300938192487,-24.405505686852578,-29.23002577277683,-59.92692789317009,-222.04805611749677,-94.59734702649902,-22.51146609944798,-29.215612366602755,-23.829122052217755,-22.078778811985114,-21.31046376189693,-21.280275232843888
-20.361828430683918,-20.493027864675568,-20.359249688783283,-22.274794441135512,-30.085448898727595,-20.40364449020055,-22.22813318714478,-44.81437705464391,-60.98639734892105,-20.812429801102063,-20.409087141299,-20.539458014583353,-20.541180250701927,-20.789899782905216,-31.314886189080383,-20.579295600869518,-20.46514555821116,-20.34962390299852,-21.390259602980063,-23.82333803695035,-29.134049759573543,-61.68382534390119,-232.82211988732826,-97.21647181650184,-21.775246885897367,-29.176474877454073,-23.239533028028877,-21.264528638124112,-20.405955507159348,-20.361566614487163
-20.920668125377144,-21.048931709433386,-20.921852117820446,-22.819459705053397,-30.33474319003289,-20.960339362130494,-22.71643600870231,-44.78279949299255,-59.167040584149234,-21.33482086293174,-20.964432166149265,-21.084558247682423,-21.088030674900264,-21.303784362438275,-31.1977587499959,-21.118066103129816,-21.02015165144401,-20.91156768658439,-21.88867187442266,-24.18782885420664,-29.464228541412158,-59.32838290890393,-228.1490790795985,-93.7920037890346,-22.232749375804254,-29.358303017060074,-23.696531961942704,-21.763823247539865,-20.962227588273883,-20.92335898605782
-20.95549518952637,-21.083120140385727,-20.957242217381726,-22.84655658751402,-30.3468902790016,-20.995444642441026,-22.743628495602994,-44.78740698140075,-59.09541304273772,-21.368667771591838,-20.998665801002055,-21.118690295408896,-21.121451220046893,-21.335896547816347,-31.200721015613972,-21.15020382682719,-21.05397231622403,-20.946350260235473,-21.91961386533091,-24.21044121967748,-29.47007448420262,-59.25708497051981,-227.71713401645718,-93.67490455394997,-22.26163461934778,-29.361817267181756,-23.720268818022703,-21.795385039674176,-20.99709692675303,-20.95870861198586
-21.029714774617936,-21.152159857080846,-21.03551588017764,-22.849968022706108,-30.33924958072278,-21.07365693087828,-22.774063872318173,-44.84393897923606,-59.23305442363971,-21.450604880329188,-21.06848024247295,-21.19244368662585,-21.18698231991838,-21.403866406664346,-31.275678591527658,-21.206230867004823,-21.119601825264965,-21.01851351997154,-21.98323890332292,-24.253446810149143,-29.359334825949194,-59.653745290496126,-225.57073048039229,-94.15156873789738,-22.323741251991663,-29.299840828808733,-23.730235677842103,-21.8651113985008,-21.073060667915723,-21.036973607194774
-20.793647677948886,-20.92910709359897,-20.789757814845732,-22.79896222607976,-30.39501989568235,-20.828166475787597,-22.65519991795244,-44.84171890027618,-59.06120916110499,-21.198934795155218,-20.843967254915142,-20.95798403156235,-20.97262944134514,-21.1848408648515,-31.087415788495555,-21.01473891155773,-20.904936744445646,-20.78724192565349,-21.777121326061877,-24.12013448359537,-29.61129806563357,-58.86529309077647,-232.24939411919308,-93.42254647591965,-22.122125853538993,-29.42982889610699,-23.66198303280153,-21.64392913661458,-20.833083890758914,-20.791275932953262
-21.102470934780953,-21.2342058662245,-21.102058533344238,-23.06629734358428,-30.539471900502903,-21.1377372741691,-22.91124706200107,-44.88718904354155,-58.318070411211195,-21.494931727926524,-21.14934800546165,-21.2602054122304,-21.271980955231765,-21.470543842148004,-31.08716569404194,-21.30631324946,-21.208187780352397,-21.096641051037658,-22.05322973374928,-24.32956310640764,-29.724612960745066,-58.0119600761393,-229.24000938274952,-92.08930473830084,-22.37899043152114,-29.49383669952387,-23.89307001294196,-21.92309930060871,-21.141472473734282,-21.10319021560762
-20.14453778192205,-20.273292600020834,-20.143192877355457,-22.01254622164238,-30.032298398077643,-20.19060050030414,-22.01612394956991,-44.99005308594701,-62.1155658727289,-20.621932342590174,-20.190879448240885,-20.328658469388564,-20.32331018316236,-20.59164996907634,-31.45704873037616,-20.35836100556065,-20.243405380453005,-20.129156494198416,-21.195870355909378,-23.701926673718752,-28.890857010393315,-63.317526876881736,-234.38628527303692,-99.54887655266454,-21.600786449297644,-29.0342503038773,-23.024176433567497,-21.074743501062684,-20.191420039631367,-20.14592983034652
-21.284868787986454,-21.40608748956825,-21.292412166079384,-23.09996922788246,-30.467281233295438,-21.327816404253575,-22.998987110316403,-44.86675338346514,-58.44776534013976,-21.689446485812198,-21.322116215531373,-21.44140252506428,-21.436723077061664,-21.638730821567158,-31.233917597085764,-21.452294379589283,-21.37324145928952,-21.27516382741261,-22.21182983902567,-24.42355449137062,-29.52009395678718,-58.62298501077873,-223.7353196090766,-92.65995062199902,-22.533879336889196,-29.392957227286743,-23.942037832980557,-22.09379432593657,-21.327053607563084,-21.293476975497462
-21.284868787986454,-21.40608748956825,-21.292412166079384,-23.09996922788246,-30.467281233295438,-21.327816404253575,-22.998987110316403,-44.86675338346514,-58.44776534013976,-21.689446485812198,-21.322116215531373,-21.44140252506428,-21.436723077061664,-21.638730821567158,-31.233917597085764,-21.452294379589283,-21.37324145928952,-21.27516382741261,-22.21182983902567,-24.42355449137062,-29.52009395678718,-58.62298501077873,-223.7353196090766,-92.65995062199902,-22.533879336889196,-29.392957227286743,-23.942037832980557,-22.09379432593657,-21.327053607563084,-21.293476975497462
-19.98596669687561,-20.129536690217762,-19.974423334020134,-22.075651384606275,-30.038146619721147,-20.020164505462947,-21.977830556686655,-44.851211680544694,-61.29765815820993,-20.430732076579687,-20.04393154552283,-20.168430993933974,-20.18713785502231,-20.4384220819506,-31.161740817203352,-20.246289762044828,-20.109363928075908,-19.977291191076034,-21.057463459055434,-23.579901544972728,-29.283508008170486,-61.520824679255625,-240.3236578753919,-97.49436147824392,-21.45516712208826,-29.26119271538048,-23.047203110756314,-20.917629680266952,-20.02739715610054,-19.976926842966527
-21.33386165843533,-21.450438273726466,-21.345241284322118,-23.089280231463853,-30.46445088936668,-21.380539295696057,-23.011373059514387,-44.95613701512095,-58.61043998687521,-21.746062412158963,-21.36729210935541,-21.490025223112053,-21.477829190915116,-21.682114158079578,-31.296115908419523,-21.484465245745543,-21.414588400471516,-21.322234624565965,-22.252263633949603,-24.449732289390603,-29.41464324090174,-59.014091837180146,-222.20272308177712,-93.20674047515122,-22.572761093020077,-29.331590591467496,-23.93644413958481,-22.139707423690908,-21.37773810518471,-21.346297854661536
-20.102573667703606,-20.237722164652023,-20.096549741958345,-22.06116994972453,-30.001467630392078,-20.14315265398967,-22.021309168397693,-44.83464237389569,-61.64893720569907,-20.563273547374692,-20.153532018151175,-20.285756171978573,-20.29106205598515,-20.551037253814137,-31.325182274658403,-20.33704105842406,-20.21206814888088,-20.09030332447047,-21.160721686282212,-23.657546807652206,-29.07310660747349,-62.406009316996794,-236.07732748455936,-98.35692750297025,-21.562059463300645,-29.14726234882859,-23.056941496314703,-21.03117100155632,-20.146815994267833,-20.099158329224192
-20.887056005651566,-21.016387173089313,-20.887390634795512,-22.800247973983225,-30.329914462521927,-20.92606404772714,-22.693609288566943,-44.77946959666463,-59.20153252865359,-21.300982076379217,-20.93178434846899,-21.051453454132705,-21.056409342749294,-21.272713747283966,-31.186081913688625,-21.088420643675942,-20.98827539618176,-20.87823397618812,-21.858997096802117,-24.16696634357361,-29.47386868715128,-59.33014176567396,-228.75909264359464,-93.82462515445499,-22.204560947311567,-29.363045396142596,-23.678476691150806,-21.73298380371565,-20.928384858836026,-20.888925050190505
-20.86680070482313,-20.982991309187668,-20.877174643584866,-22.602743835337954,-30.29875827110839,-20.91771324124688,-22.58624314140794,-45.10120468985598,-60.33325467242371,-21.317728383852998,-20.90184824764438,-21.03450556829907,-21.01655915164318,-21.251939483415917,-31.42953134811612,-21.025023046116083,-20.946322901293566,-20.851081923432915,-21.832134408331484,-24.158886736907327,-29.04428066258358,-61.373451938752744,-225.9177100397173,-96.69486631066269,-22.187249059162816,-29.104346155500053,-23.521782855898003,-21.723107837838995,-20.914080171392563,-20.87901077638112
-21.108536137181897,-21.22047022093983,-21.123152731842083,-22.802824518609665,-30.40035737426454,-21.161161231441582,-22.77825574703355,-45.18682603570363,-59.75524610560258,-21.55041496210019,-21.139777173283814,-21.270522669899105,-21.24814464233231,-21.471897635790285,-31.422605314273135,-21.247087878085868,-21.181637519614803,-21.092760263885356,-22.045093930416023,-24.311582463772368,-29.105199583199067,-60.72420599931034,-223.40301019114486,-95.79366499505618,-22.38257941488583,-29.136408078613684,-23.69021184133305,-21.939937309554832,-21.156008884127154,-21.1246451441084
-21.500217768693375,-21.620815643384326,-21.5089684361202,-23.317329589881943,-30.598557844050106,-21.541998789646303,-23.192982281947955,-44.919520525799626,-57.792280483625305,-21.890610203006023,-21.536666648993133,-21.651422365301862,-21.648084997602563,-21.837255769346633,-31.199302571794178,-21.66122106893395,-21.5880766281839,-21.491993646598914,-22.405500050258873,-24.57294079720794,-29.67190655777116,-57.74118633022276,-222.59283687134666,-91.40165476691234,-22.71176090242036,-29.480303010322487,-24.12593826774508,-22.286963419766902,-21.541285533582684,-21.509688290853013
-21.70914328580364,-21.827978473227525,-21.719997396647138,-23.512307249525623,-30.722867503249127,-21.750838233393182,-23.373441110471887,-45.00506733994793,-57.2584195626287,-22.088815792622036,-21.74388243829055,-21.855448855708634,-21.85133149582662,-22.02956040154758,-31.189339924712,-21.859919661106638,-21.79459425081908,-21.70179122529211,-22.592884483390353,-24.71735693967469,-29.785064181665845,-57.064408307294485,-221.25093067062494,-90.42949385031048,-22.884526384679805,-29.546780966153463,-24.292804404037998,-22.475196039033925,-21.749641570993436,-21.720392984704734
-19.852100879629525,-19.99923056472786,-19.83820610146829,-21.99467966211245,-30.033037122318902,-19.88446463226234,-21.88328281021332,-44.91834606883569,-61.48716405591878,-20.297270553459786,-19.91322707189695,-20.03636419496208,-20.059542650438182,-20.312576146997774,-31.122695957308526,-20.124269773361856,-19.98108899812999,-19.844229012690064,-20.938138031785634,-23.495348068722773,-29.312537363923582,-61.596527295140234,-243.02673570210274,-97.81942020109359,-21.340389912905284,-29.275408473278947,-22.96974295467417,-20.794393986599097,-19.893010912602602,-19.84078477335691
-19.960823927659632,-20.105497776826482,-19.94859868032403,-22.067906796429366,-30.045382596495784,-19.994310112324193,-21.96340685560864,-44.87027157433243,-61.29284966521745,-20.404399937863186,-20.019753812512633,-20.143394672177816,-20.163711400813337,-20.414409143684793,-31.14337691618369,-20.22450532472008,-20.085983989528064,-19.952531925641864,-21.034997442992058,-23.564556791263044,-29.3045273149514,-61.458609239761294,-241.05594667130924,-97.47478114818367,-21.432773798877676,-29.271490514248175,-23.037289756888487,-20.8938873546086,-20.001978538257713,-19.95110122730754
-19.74090424835257,-19.885496343795776,-19.72793615172495,-21.83126656492684,-29.92683813699297,-19.776340501360355,-21.762813103187796,-44.8861773669973,-62.18022865341719,-20.202918937485208,-19.800064121638027,-19.929767406119677,-19.94695860058729,-20.213710109894038,-31.237337018439366,-20.009146547597545,-19.86563734031389,-19.73074458783361,-20.84036773782155,-23.421007538620586,-29.13768812733152,-62.665707832501695,-242.39396326219213,-99.13098072913247,-21.25710102073194,-29.190410085729702,-22.84694638572053,-20.700223403079523,-19.7836242244972,-19.730780468935496
-20.619814827446337,-20.753082805680258,-20.616624918271157,-22.579048976631352,-30.229227134469703,-20.65757214865642,-22.478292305910745,-44.766221502366704,-59.83150131652293,-21.043669837328533,-20.668251322373134,-20.789785374527057,-20.798432805538265,-21.025956758447787,-31.182506339017188,-20.838424158101574,-20.72713546103712,-20.61085982162483,-21.621118525374932,-23.991665536528153,-29.401142417113107,-60.01836771573305,-231.83244251495034,-94.92036530409493,-21.983034932149256,-29.32226284225576,-23.48687114708446,-21.491472293255487,-20.66124982642522,-20.618476642731647
-20.542581429198307,-20.679967975160906,-20.536586371230204,-22.564023158165167,-30.25966829867374,-20.57744529253108,-22.439194620102974,-44.80582507965341,-59.77331404064495,-20.961318635218255,-20.59471221683075,-20.71280290409646,-20.727763149759006,-20.953073998387442,-31.116605205784566,-20.774450282651312,-20.65663264149883,-20.53515779564827,-21.552878463006586,-23.94792274335069,-29.48501198766989,-59.74880316199059,-234.24984639881728,-94.72670225841344,-21.91511676877185,-29.36354831911899,-23.463572851046724,-21.418444922112673,-20.582834173473792,-20.538437756090396
-20.3598214934013,-20.49274399225757,-20.35603991379034,-22.29868062367447,-30.092347496073714,-20.400099703447854,-22.238556478115214,-44.78856660079984,-60.83463033375494,-20.805455171130202,-20.40841548110289,-20.536893871168594,-20.541633665921644,-20.787498889981457,-31.277123283419613,-20.582603473824214,-20.46604776430064,-20.348524892529,-21.389019739335808,-23.820410448931995,-29.190814845910083,-61.40111781141353,-233.35215669731568,-96.85841170792503,-21.77218648416157,-29.209120575841617,-23.256434021820237,-21.261060321420683,-20.403193385415097,-20.358310069283537
-21.20197307298703,-21.32775337478182,-21.205868776425184,-23.078828581879428,-30.47727534474494,-21.24156101300573,-22.95661030626641,-44.83353063027894,-58.40200874130703,-21.601550064610198,-21.24328465441814,-21.359358624243296,-21.361767760288146,-21.563002789304043,-31.174517515597767,-21.385870634133756,-21.2978872726985,-21.193907913058855,-22.1401030345731,-24.377741738465737,-29.602549587214348,-58.380300649070264,-225.85059485767323,-92.39704808321157,-22.464911092293608,-29.43626843257708,-23.917406554785405,-22.016862304293998,-21.242759680719363,-21.20698029183527
-21.064540986109435,-21.190515555795436,-21.067824357811965,-22.936842891437017,-30.390737396514286,-21.105059269804194,-22.83147703546031,-44.80470668366924,-58.845865258183125,-21.473737318663506,-21.106153343190428,-21.22543054835615,-21.226570823857696,-21.436354709679225,-31.203530497857734,-21.251857681032163,-21.160462638196677,-21.055442312873872,-22.016666008377722,-24.282014612907584,-29.50068679130246,-58.98300170214905,-226.52796954084255,-93.24902228854116,-22.35184106906979,-29.37962338137541,-23.798466313857308,-21.89392681467535,-21.106130213339405,-21.06915327604676
-20.15240167546823,-20.29447548312972,-20.14229078593289,-22.227586345328046,-30.10774329013345,-20.18647967404688,-22.118180027570133,-44.83332653865357,-60.798037038604946,-20.588239213072466,-20.208921936164085,-20.33100300627455,-20.349257113489298,-20.591995208755424,-31.13661849083795,-20.405225243766914,-20.273573223182318,-20.144287438649904,-21.20536666015681,-23.68963247646913,-29.354719302733386,-60.91729065181694,-238.6244839203129,-96.58018073052372,-21.59181522265029,-29.29610689389645,-23.174996010048105,-21.06674187586123,-20.19331997834044,-20.144591255642652
-20.89092116319306,-21.01890529338664,-20.892202607230985,-22.78388619884807,-30.313481311101185,-20.93108219778289,-22.687060523740055,-44.780932268726744,-59.29219770862785,-21.30805659990211,-20.934484992450926,-21.05568289509787,-21.058303913223735,-21.276430765817526,-31.211189146376633,-21.08804840193486,-20.98986653869865,-20.88143031513197,-21.861869030452397,-24.166977280983417,-29.431768595983016,-59.51165541214116,-228.19415383596038,-94.0433341074905,-22.208534916612095,-29.340521942744886,-23.667438494418246,-21.73752246036462,-20.932795702708695,-20.893763491912317
-20.23184541871209,-20.362450845700067,-20.22934724024501,-22.129584081320417,-30.042325814171015,-20.27538554413257,-22.106625985026376,-44.88002125124931,-61.5666679801966,-20.69549363565708,-20.279080202570285,-20.413128432658304,-20.41212906406013,-20.67104084002868,-31.378662594445707,-20.449921307776115,-20.333924219118117,-20.2182144014251,-21.274303534028185,-23.74573471661262,-29.01645857567116,-62.496952118836575,-233.81203085584715,-98.3767428340457,-21.67038824381502,-29.109739985588682,-23.119971297798557,-21.150089432854823,-20.27720075541662,-20.231889055521922
-20.922737174048724,-21.049673272077992,-20.924866174737478,-22.801786167674496,-30.31925546871404,-20.96356364886107,-22.70847203830086,-44.78788481429874,-59.26221383412529,-21.340180590103976,-20.965367824990768,-21.087007152763622,-21.088160294715752,-21.305771661299133,-31.222541593353967,-21.115936889985317,-21.019975125837306,-20.912964595644045,-21.889888810200826,-24.186868490927527,-29.4217313930594,-59.514386311237175,-227.6287918092445,-94.02245454587936,-22.235097251717253,-29.33523266699953,-23.684136676551503,-21.766692445093422,-20.964849427099495,-20.926400795735532
-21.070379287788132,-21.197491559397886,-21.072876491517427,-22.96000667884196,-30.411431888059745,-21.1098508990135,-22.84541090499371,-44.80558832575046,-58.74288236655587,-21.476293281894,-21.112980605523553,-21.230749319908156,-21.233969560010156,-21.44172748063896,-31.18122402567443,-21.26115356315108,-21.168244961136825,-21.061915057730925,-22.02250138917763,-24.28891480148399,-29.54294159787533,-58.7945314281303,-226.96665310150476,-93.01118154557773,-22.356154736334958,-29.402277194077257,-23.815748927764467,-21.89831242400359,-21.11145084504979,-21.07417085367442
-21.27831314762238,-21.407602836505994,-21.280147373721366,-23.213911978064377,-30.61820790027332,-21.314298081346696,-23.054946286008317,-44.92151357585133,-57.92802291777676,-21.66428484226328,-21.322922626731078,-21.43239946183171,-21.44191869126751,-21.633149142308095,-31.095547786627357,-21.471198294698723,-21.380343720653695,-21.272665847112542,-22.21049254041922,-24.448066234344086,-29.781053400474022,-57.57926194449922,-227.45227479619666,-91.40143840454688,-22.525566613181763,-29.527729114107704,-24.021935873768555,-22.082429747736917,-21.317209556018227,-21.281056480087884
-19.889656716035134,-20.023359204770482,-19.88409468161201,-21.81505438373655,-29.94684350596379,-19.933587877100788,-21.819836242824813,-44.98064855747326,-62.70352775855787,-20.374341382806154,-19.94032128641473,-20.079182337173897,-20.079050859992233,-20.35736995286081,-31.455359249442374,-20.12378001323113,-19.9963179640622,-19.874744247638198,-20.971533304078555,-23.538034831220024,-28.865250795153738,-63.89983396161853,-237.78381195060769,-100.47095365892552,-21.392423489719967,-29.030101177558567,-22.856596042691756,-20.845195720149498,-19.936200961879457,-19.88709280461377
-20.259042993510732,-20.38969908324906,-20.256577919157248,-22.158841703692758,-30.05022718684602,-20.30228604797242,-22.131484348376915,-44.86607185856126,-61.45042702612666,-20.720144830263518,-20.30621945110557,-20.439585780911997,-20.43902781392314,-20.695916246009865,-31.366599271802965,-20.47676637679733,-20.361255084838163,-20.245672187231516,-21.29852522898631,-23.761779285112496,-29.03852254485817,-62.33721249405022,-233.5727436407177,-98.14637268304298,-21.692359626356627,-29.122293064591833,-23.14417607178899,-21.174084025446962,-20.30417179974444,-20.25907460101996
-21.44054743964449,-21.561685633646178,-21.44867889863457,-23.2622589995703,-30.565489202679263,-21.48232330589489,-23.141856331302833,-44.89945326746802,-57.94609107685078,-21.83395523591583,-21.47752711297021,-21.593138125463135,-21.59008141788679,-21.78233812353191,-31.202333562874585,-21.60456508525172,-21.529167373281783,-21.432097713521717,-22.35206139883767,-24.532211621127324,-29.64132490001787,-57.93374458125971,-223.0214906397785,-91.6805227036634,-22.662457936074397,-29.462383165799213,-24.078811334359642,-22.233216361672902,-21.481765383779397,-21.449488778601236
-20.819873634437077,-20.949879031001892,-20.81952212920856,-22.73964819063687,-30.29906402649226,-20.858838619927337,-22.637025551140198,-44.77288181588883,-59.38317377395897,-21.237120939589026,-20.865262018710915,-20.98579535314707,-20.99113017834961,-21.21078246974701,-31.19122093124636,-21.024660060516,-20.922091293554054,-20.810850885855814,-21.799062194252144,-24.12218723515748,-29.444411946761647,-59.549838842152056,-229.37946460536673,-94.15332976862004,-22.14912888957712,-29.34670714387396,-23.62681676977744,-21.67254080363918,-20.86135908063431,-20.821146148413824
-20.413986074419697,-20.54610791398555,-20.410911901938825,-22.34361141566121,-30.110783524869113,-20.454507579744856,-22.28200488368552,-44.78607717608472,-60.697929312062044,-20.85749275527365,-20.46182516050308,-20.589902454725376,-20.59392128160774,-20.83743093152883,-31.275477965754533,-20.63328165637581,-20.518963473315203,-20.402715122856716,-21.43705685980545,-23.855295678004108,-29.204679417735164,-61.25092668725186,-232.6934124552309,-96.62158077995775,-21.816821616895197,-29.21617948428038,-23.294957945483777,-21.309857967078884,-20.45732792095948,-20.413119752090513
-20.6687878524122,-20.802460882011246,-20.665508995423842,-22.637403971234626,-30.266247726586645,-20.705794855119244,-22.526293338596723,-44.77453644478926,-59.624323824099754,-21.087820192020732,-20.71753003836373,-20.837278115738087,-20.847250041386047,-21.070803985346984,-31.159230372590216,-20.88755932380012,-20.77688417319454,-20.66044611486475,-21.665002087765057,-24.02607127795886,-29.45280743871201,-59.71697566406617,-231.77413540921458,-94.51603286665448,-22.022485899530068,-29.349388637166896,-23.53397332170922,-21.5346202702514,-20.70973187729651,-20.667272687131668
-20.816720369132803,-20.94714755726701,-20.816073314680434,-22.742831736331905,-30.303552711434108,-20.855342034777184,-22.637318905685234,-44.77348978496893,-59.361206439889784,-21.233101729021023,-20.862478263052665,-20.98256920755095,-20.988612045540293,-21.20779648780215,-31.18367443643606,-21.022848370552353,-20.919644924169894,-20.8078918226381,-21.796397977147457,-24.120883592871532,-29.456232977197637,-59.50143186816706,-229.57532486387063,-94.09860531158351,-22.14623320103775,-29.35291868181618,-23.628575747101248,-21.66936422488095,-20.858048884099805,-20.817691575642648
-20.969252722652328,-21.097898055018664,-20.970338476509905,-22.876553454295916,-30.37091905939733,-21.008195988520153,-22.763970536997256,-44.79053411963693,-58.971486229308894,-21.378792165901583,-21.013299032912467,-21.131736982310883,-21.136467000747455,-21.348471262166257,-31.17772224847946,-21.166837276314837,-21.06948973294504,-20.96074962571088,-21.932426756193266,-24.22232922404013,-29.5149256556525,-59.043978581737576,-228.07794024906454,-93.40325194001433,-22.27233382750849,-29.385827305048494,-23.743262258406233,-21.806852614268934,-21.010334915071457,-20.97175886701451
-21.419497205196105,-21.53852111974523,-21.42918703843359,-23.210716082113464,-30.52595333116696,-21.46331194519031,-23.106918400078825,-44.91185291082945,-58.15514177684214,-21.819399813171668,-21.454682984997365,-21.573108179092266,-21.56609843614182,-21.762206744473982,-31.23994329947168,-21.576847554587253,-21.504483579196418,-21.409806902074106,-22.331485634364324,-24.51157805098052,-29.557550555437146,-58.30121029751864,-222.3705249737994,-92.18139078070288,-22.64469410129015,-29.415681824406974,-24.037825749590237,-22.21538180846759,-21.461750170229166,-21.430065936347635
-21.216103718311373,-21.330459686551286,-21.228972110617935,-22.940412091091595,-30.416247180462726,-21.2657095129048,-22.889863786373095,-45.04591943265122,-59.18170970387021,-21.643009567492065,-21.248359844178147,-21.375388614213836,-21.358154754383836,-21.572377996124004,-31.357916712258397,-21.36118324202762,-21.29305872862674,-21.202399643944897,-22.144214972555368,-24.37366966172933,-29.25707638324421,-59.86917817879991,-222.66999383354172,-94.4793756974103,-22.473776767981818,-29.234454323399024,-23.809571985265727,-22.035190502635388,-21.261753362035194,-21.23025420723906
-21.083398984974878,-21.20833305515492,-21.08749892712437,-22.94141809264644,-30.38890359355743,-21.124683661949955,-22.841084872203915,-44.81179297354841,-58.85858918896716,-21.493807199396034,-21.12409465324948,-21.244113153538354,-21.24363982064806,-21.45367343208454,-31.21766923061133,-21.26701312605951,-21.177598623089693,-21.073920510907794,-22.03302397867807,-24.292790251560938,-29.481336433399107,-59.04269947532255,-226.04206264519522,-93.31222213575951,-22.367652282575982,-29.369285506308884,-23.803954380621487,-21.91148235185712,-21.125308301660528,-21.08881969939224
-20.695141387141746,-20.82581291934161,-20.693925845344392,-22.618160386446938,-30.236137951622837,-20.734550591359834,-22.52774178615201,-44.76630776751095,-59.77343414687654,-21.120200703555724,-20.74126461691276,-20.864113548279875,-20.869098797631366,-21.095949437335815,-31.21401162810069,-20.90446998509129,-20.79822724831865,-20.68544012915776,-21.687655958930666,-24.038684714088937,-29.37053001642775,-60.05452553562361,-230.32981412969517,-94.88378593432569,-22.046762720092577,-29.306360562919423,-23.52478750815812,-21.56091251559176,-20.737173886321326,-20.695729770241297
-20.725555306618052,-20.849488616787614,-20.72934098559602,-22.55288842162484,-30.21362068689403,-20.77074296044709,-22.507771769851775,-44.87001641802605,-60.22631510144447,-21.166834283266084,-20.766326952921727,-20.895704176261244,-20.889250655410052,-21.124300892919983,-31.337987574498616,-20.912819459779424,-20.817366319372578,-20.712580505004887,-21.711514920528668,-24.058370068746207,-29.172826776889757,-60.95083975588596,-228.15273986506114,-96.0450309411521,-22.074239810117433,-29.191876117657998,-23.479211441589214,-21.593220419387606,-20.770346751818778,-20.731259549902845
-20.358410643662435,-20.492321068223056,-20.35395848154142,-22.312480923923356,-30.099037395722092,-20.397816576511033,-22.24444196139837,-44.77935351722525,-60.749540014529614,-20.801249135612974,-20.407794065099537,-20.53514189773604,-20.541613852684208,-20.78581714407176,-31.25530122341378,-20.5841844817671,-20.466306139900613,-20.347632489118485,-21.388021403677804,-23.81912791488593,-29.22355747473012,-61.240648773476785,-233.6994968474835,-96.6618358030275,-21.770070080609088,-29.227423950853392,-23.265903423678296,-21.25879760478175,-20.401357316215208,-20.356201561288163
-20.900306881344008,-21.018740658054245,-20.90892390577408,-22.663673365264472,-30.290283838692638,-20.9489322821277,-22.630066666401593,-44.992322934686385,-60.0229953161179,-21.342282808691657,-20.936611290989756,-21.066975259460914,-21.053153041243693,-21.28363007398409,-31.381706323831672,-21.06567363273736,-20.983400945910905,-20.88598845712628,-21.864100906598477,-24.17382483130216,-29.136063782114427,-60.87703929445465,-225.80212091520045,-95.93428624870053,-22.216179523222614,-29.16411826841624,-23.574385586438897,-21.751886775023106,-20.946334972494668,-20.91066669054625
-20.819637530589674,-20.938116824639753,-20.828003353708805,-22.581052667375065,-30.26691194350368,-20.868915876009467,-22.557695482311615,-45.024374900075095,-60.32582481897839,-21.268262274497467,-20.8563324576536,-20.988306094427504,-20.973651898554625,-21.209503724258898,-31.406192619436617,-20.986686056792244,-20.902717619171625,-20.80466539277567,-21.791817581296286,-24.12529034652632,-29.076286031136384,-61.28624618749385,-226.5401618156144,-96.54067881188877,-22.149944404035196,-29.12758341355732,-23.504187886908085,-21.68007970083696,-20.866220646633007,-20.829878069515438
-20.91072337051361,-21.035948951364023,-20.91406328530012,-22.76432209718771,-30.297344099188102,-20.953172089486433,-22.685081311498134,-44.80618332417019,-59.43880817925785,-21.333594965768615,-20.95197029546286,-21.07580409403661,-21.07380577501177,-21.294686517468556,-31.257988463522725,-21.098681037720663,-21.005043395705158,-20.899964411186836,-21.878189941663862,-24.17687418110308,-29.35639019869857,-59.82592324470726,-227.1299830594035,-94.434035904423,-22.22578725797733,-29.29852908684763,-23.655299629512808,-21.757209226946802,-20.953657451712512,-20.915655482385716
-20.91072337051361,-21.035948951364023,-20.91406328530012,-22.76432209718771,-30.297344099188102,-20.953172089486433,-22.685081311498134,-44.80618332417019,-59.43880817925785,-21.333594965768615,-20.95197029546286,-21.07580409403661,-21.07380577501177,-21.294686517468556,-31.257988463522725,-21.098681037720663,-21.005043395705158,-20.899964411186836,-21.878189941663862,-24.17687418110308,-29.35639019869857,-59.82592324470726,-227.1299830594035,-94.434035904423,-22.22578725797733,-29.29852908684763,-23.655299629512808,-21.757209226946802,-20.953657451712512,-20.915655482385716
-21.077806056527255,-21.2018018805719,-21.082581040096635,-22.922021426711144,-30.37562665293938,-21.11996872978045,-22.82909248306721,-44.819441783045065,-58.947545987913585,-21.491013166247075,-21.117722515929668,-21.238925326889596,-21.23673590650602,-21.44842236660507,-31.235821925729674,-21.25849271282115,-21.17040471914068,-21.067799171118384,-22.027437465902533,-24.28730020036833,-29.446467437350577,-59.20222237787894,-225.74544935403122,-93.52300972823802,-22.363231781609883,-29.34986603932537,-23.78903108419057,-21.907098398779127,-21.120155290625355,-21.08393018024721
-20.97462420115505,-21.10855725293611,-20.972368050393904,-22.966178580082964,-30.497160444857794,-21.009033415813747,-22.810368191116996,-44.88291226721888,-58.577832356994755,-21.370816907275962,-21.02355045857561,-21.134798450693175,-21.14892829937026,-21.352050107282565,-31.073634710463466,-21.18747195933068,-21.08372170526237,-20.96888627283595,-21.93904305766289,-24.245661848438534,-29.69956952050766,-58.27180467973713,-230.85379116020346,-92.54160721524173,-22.271869184925844,-29.477235049217903,-23.804122715599647,-21.806846666994293,-21.013547882643767,-20.973644602053508
-19.809665565970153,-19.948823395246023,-19.800187444919704,-21.81386889536967,-29.913272669433432,-19.849322198176893,-21.7852263617205,-44.89158768104893,-62.46338068486356,-20.283334947865356,-19.864446838263042,-19.99927357252709,-20.007708947932883,-20.281136274995006,-31.35233960849478,-20.06158490048267,-19.92538292226648,-19.797084096590368,-20.90157837054133,-23.472177262373837,-28.99396209648642,-63.32091409303965,-239.80692318343858,-99.79564483667515,-21.321768521560884,-29.110533977003037,-22.846986768322274,-20.768228147402468,-19.854285922440305,-19.803124667280667
-20.330601107262204,-20.475269822045192,-20.31991840337709,-22.462114599314756,-30.30760239688854,-20.36124342014715,-22.301884093199305,-44.96366288773735,-59.94919477896834,-20.746295533020586,-20.389386770307883,-20.502831658302302,-20.527818094010144,-20.753122359716627,-31.016659735427332,-20.585737468831784,-20.45603969783657,-20.32524201106693,-21.36365260341808,-23.823458594608248,-29.581226525583705,-59.63825158289658,-239.54374707938274,-95.00802484449054,-21.730608531192424,-29.403086789917698,-23.355991861186432,-21.221144753740397,-20.36941184075596,-20.321860332499412
-20.71623400324883,-20.849222603867094,-20.713558541562996,-22.676750726085046,-30.28398696919505,-20.753447198496474,-22.564597446344624,-44.77536790195549,-59.51178624730612,-21.133487955873363,-20.76433322900823,-20.88374148733254,-20.89308762053472,-21.114667191642006,-31.159799344125418,-20.932029852400202,-20.823273065690536,-20.707921175107888,-21.70726384605588,-24.05729048442567,-29.46586037335233,-59.594028626419565,-231.22376956447255,-94.31824739091229,-22.06188139416504,-29.35666792445205,-23.568094954531652,-21.577513755063606,-20.75715155627256,-20.715266941614004
-20.15176553241941,-20.28662468200808,-20.14607391137469,-22.108704041486956,-30.018433633932432,-20.1921578957772,-22.06376092185578,-44.8217182333606,-61.47697135902581,-20.609113833476794,-20.202372203903497,-20.333720527363134,-20.339169021704837,-20.59616599093842,-31.312037105501766,-20.38441557410113,-20.260865401468894,-20.13975689378956,-21.20436330204297,-23.688187788453092,-29.100093706768767,-62.18592437169592,-235.58276937587763,-98.03429090350285,-21.602026753991325,-29.161544021208158,-23.09650549128281,-21.074938204969975,-20.195775865166116,-20.148613767331693
-20.04658431332992,-20.180959137899958,-20.040938779321316,-21.990215065513844,-29.982293691937734,-20.088389810540832,-21.965354389694923,-44.87327305797882,-61.959106365864045,-20.514682810589754,-20.097137847598987,-20.23158850597249,-20.234771975852706,-20.50025189179027,-31.36764472433678,-20.27979996207014,-20.154662989181915,-20.03340974672482,-21.110846611042493,-23.625695244145298,-29.0046648333603,-62.862069635464024,-236.3640744837785,-98.98734239606834,-21.517815040153287,-29.10886064731656,-22.99992803590511,-20.98263151746164,-20.091599331098386,-20.04366156913484
-20.590563835933636,-20.7189184615278,-20.59066475372788,-22.473461999119735,-30.167219286725512,-20.63293403356084,-22.415656239342816,-44.80377582519729,-60.3574465765866,-21.030439475774806,-20.635034963746474,-20.763059071372588,-20.76266487714465,-21.000284042524367,-31.294943306766807,-20.794732566776375,-20.68952226086387,-20.578770906300775,-21.593203707438903,-23.96962495063714,-29.212971999930843,-60.95042754568005,-230.25717242798464,-96.1026864991419,-21.96292009425737,-29.218417588678562,-23.408429332610016,-21.469944021484423,-20.63433033643129,-20.592694554782014
-20.596714709522587,-20.725780364266505,-20.596320627324808,-22.490302212689677,-30.173154176605955,-20.63839149614159,-22.426271287924504,-44.790522661868195,-60.27230358630716,-21.034064471548945,-20.641722784607445,-20.7688289919591,-20.769760549565213,-21.005834031421287,-31.27824385628913,-20.803009703628916,-20.696884427565617,-20.585348838815815,-21.599017456448625,-23.973261060154414,-29.241198283874404,-60.804412110529015,-230.41613851995518,-95.90784788374981,-21.967567680739933,-29.23468301926019,-23.421452814824132,-21.474810906540892,-20.640122368702293,-20.59832234118768
-20.662147682189417,-20.785581112817255,-20.6661508799993,-22.48028299543819,-30.19332506228502,-20.708341067216598,-22.447154421625722,-44.90791666917184,-60.51198304706104,-21.110141791560626,-20.70279438036065,-20.83402091341536,-20.82594973928511,-21.06600715183108,-31.368381163584253,-20.848944525334215,-20.753034103878356,-20.64838043661895,-21.6544617040432,-24.020208837426757,-29.108947231754335,-61.35821464876861,-228.60200155851038,-96.63763933393187,-22.022375003885458,-29.153734613348824,-23.418435888175164,-21.53720099374999,-20.707618419352585,-20.668183122366216
-20.61941175323836,-20.743682444186568,-20.622654045451714,-22.446903331813033,-30.177039852961805,-20.66522387685312,-22.414053229297057,-44.89794274670302,-60.604594291332106,-21.06861461379852,-20.660800062149256,-20.79220637020467,-20.78506217383624,-21.026854528476047,-31.366824384129586,-20.809788287897977,-20.711609622872693,-20.60571886889248,-21.616777460467286,-23.992694851467213,-29.102982068043072,-61.45161878863864,-229.1180379913117,-96.77867704368194,-21.987469384441027,-29.151216020487574,-23.389965041157648,-21.498675496181107,-20.664811000429506,-20.624736617544432
-20.680007513416303,-20.803538369636264,-20.683982096792576,-22.500128132073684,-30.198724401675697,-20.725956035649894,-22.463917209287224,-44.89786261357092,-60.43467755660404,-21.126219985941535,-20.720654721648035,-20.851405197901645,-20.843714520211204,-21.082418200099518,-31.360542579286825,-20.866793438887672,-20.77108110845095,-20.66644119349373,-21.670500944447454,-24.030902349123107,-29.125532028320407,-61.249528353483335,-228.4621587689825,-96.47887389994794,-22.036980574813025,-29.163651377980656,-23.43508657622608,-21.55300320990159,-20.725305644600073,-20.685983233923405
-20.747012694656238,-20.86883575750967,-20.75250218545715,-22.547474970860044,-30.226167100688876,-20.793917660812717,-22.513311492845308,-44.92855525345117,-60.323645267402945,-21.192429563665037,-20.786224260382223,-20.917029267667193,-20.907203159649985,-21.143694080057912,-31.370349559983122,-20.92682323706428,-20.83538802957186,-20.73312949242576,-21.729315870407106,-24.074709194527777,-29.12304182699824,-61.16330650161582,-227.60395463806864,-96.34742855127857,-22.091610966630327,-29.16022066461828,-23.475647551099108,-21.61364512287863,-20.792603248329673,-20.754431039050825
-21.09484804509422,-21.218723655194427,-21.099767091804605,-22.938187719483754,-30.384024634543366,-21.136978160186764,-22.843843011619608,-44.82154126965673,-58.89792743784676,-21.507069105285655,-21.134634975098848,-21.255562508733963,-21.25336063046084,-21.46410782578793,-31.23366549087052,-21.274806044715106,-21.187281016608544,-21.084920718586734,-22.04267582879157,-24.298667926183278,-29.45590602012144,-59.138900205520926,-225.61160288374356,-93.43083894369207,-22.37726503080346,-29.355265675151866,-23.80274955455172,-21.922394022872403,-21.137136420397425,-21.10109112399587
-20.167501394041096,-20.304812035603884,-20.160253049472615,-22.164209319407455,-30.041975156982716,-20.205554110158012,-22.095831449199814,-44.795411550480495,-61.177267261776485,-20.616010017077134,-20.220001096126968,-20.348001785013125,-20.35801622894113,-20.609224026229512,-31.246865671385923,-20.407010508108097,-20.280777392058642,-20.156957435007975,-21.21873169249234,-23.69579950136138,-29.19714374455342,-61.66409890599576,-236.30975895028288,-97.38417203578337,-21.611678379143882,-29.21524496474749,-23.136812016612375,-21.0860484962518,-20.210312021155392,-20.162689239041743
-21.506193091141043,-21.62086162562955,-21.51968284073359,-23.24413330611796,-30.54547342783971,-21.55317821282155,-23.156024876348077,-45.003336196029196,-58.163764447189834,-21.909922968090363,-21.537687371212694,-21.658345909321117,-21.644726021338737,-21.840076681392592,-31.286815337058243,-21.646711699295025,-21.584112633356845,-21.495064264360128,-22.405932096145683,-24.5625166231613,-29.493037473665222,-58.46462776364129,-220.74627510613723,-92.41552864847561,-22.71428788157921,-29.378710332852254,-24.06894295910265,-22.294671837344875,-21.549763347394762,-21.520475568876854
-20.927077354960534,-21.051355200767574,-20.931175425328533,-22.76805081559968,-30.299373613879116,-20.97023661520824,-22.693282958113095,-44.81988768017804,-59.45529997244604,-21.35118085532761,-20.967532258819194,-21.09198677277399,-21.088523013897202,-21.309658699890996,-31.27090605974854,-21.111630101772064,-21.019834760144516,-20.91596436488175,-21.89229747110267,-24.18703849246648,-29.338407995777978,-59.88627074545555,-226.74613228778995,-94.50691687536576,-22.23936218397031,-29.288104490755238,-23.659545464178464,-21.772425368779654,-20.970315352390426,-20.932761728919047
-19.939168845364964,-20.076111158926945,-19.93149596126597,-21.916150171342803,-29.95033996407522,-19.979628985205085,-21.88637881058753,-44.87053943164989,-62.1461963300734,-20.40851777651773,-19.991932114030373,-20.12611988109598,-20.132399114397522,-20.400763480855886,-31.35085664762024,-20.18211776599926,-20.051384195291444,-19.926480033728744,-21.01605294544955,-23.555034721012206,-29.01289928700534,-62.99681325776476,-238.00808039475555,-99.25657386898041,-21.42855540632393,-29.11720715232667,-22.93481579135011,-20.88498286005937,-19.983818320233333,-19.934304740070516
-19.979328732992403,-20.11583297060825,-19.97205673777337,-21.951833221675898,-29.962591761331005,-20.019813141724182,-21.91953582340932,-44.86084862563713,-62.02258468647916,-20.446527253899788,-20.03165004285776,-20.165350240638794,-20.17139949021326,-20.437689029445036,-31.34420268702684,-20.220207806608236,-20.09088007001794,-19.966744709094684,-21.051590987559685,-23.580131753929265,-29.027678536105086,-62.84980816010846,-237.52870239650946,-99.03267973960897,-21.46133917841329,-29.12451392363723,-22.96482686236992,-20.92089152865823,-20.023875150979176,-19.974816453269128
-20.962147254131008,-21.084142377631334,-20.968097201987778,-22.77336419728855,-30.306580811043265,-21.007057033995064,-22.709393201868373,-44.86263506849777,-59.50959872097066,-21.38953309468973,-21.000747346465012,-21.12668701050065,-21.119661680112603,-21.341563491845054,-31.302101656884147,-21.138460228584144,-21.051154382337238,-20.950153023867497,-21.92227518473237,-24.209299443874837,-29.292870696694948,-60.04877231399881,-225.92074151377122,-94.71971437960812,-22.26815074267269,-29.260912723816258,-23.66608695051329,-21.80510016967906,-21.006152010395805,-20.969673215668994
-20.443889918686796,-20.57911378676151,-20.43885501928041,-22.423844972668356,-30.157606811564875,-20.481405286181744,-22.332137851932536,-44.76888538937359,-60.309262691006225,-20.87607395122994,-20.494215984827832,-20.617771843980773,-20.627669224830147,-20.863618716231446,-31.19600632913736,-20.67179129576223,-20.5541664663685,-20.43452311180464,-21.464495849014167,-23.875849389249368,-29.33400066196756,-60.58066474897805,-233.67218067322938,-95.7818391633509,-21.837885405199557,-29.286453564867863,-23.35452036629994,-21.333202790625723,-20.48568062219233,-20.440924924115215
-20.64092996262582,-20.773959464820653,-20.637966339735623,-22.597629520639035,-30.238035498898245,-20.678721070850035,-22.495828266430898,-44.76662649461565,-59.775251989002626,-21.063804143901656,-20.68913682250006,-20.810433132005812,-20.818920942736256,-21.045442366326885,-31.181149136845015,-20.858406114270167,-20.747890220150353,-20.63202267001973,-21.639928144775656,-24.005619843720105,-29.40918820584163,-59.95230119388265,-231.61506577758553,-94.8191934869848,-22.000472498472117,-29.326614433087997,-23.502747255302275,-21.510481803827588,-20.68232493399152,-20.63979165121974
-20.692957390425118,-20.82659337011101,-20.68978811254011,-22.662433373381653,-30.281093735099276,-20.72980124613328,-22.548200829870936,-44.77806811581692,-59.54230928982605,-21.110264263731608,-20.74164789657993,-20.86081574952663,-20.87102038192981,-21.09303292319558,-31.152969798055132,-20.911115087370174,-20.80103781476954,-20.684793247261506,-21.686609097906384,-24.042728179853572,-29.470178152535343,-59.60654166396638,-231.64369997608864,-94.36118753843242,-22.042219356518828,-29.358543235928476,-23.554684378306764,-21.55616056838086,-20.733759434021646,-20.691515025327273
-20.37798198184066,-20.521808546550478,-20.36790871665684,-22.49801652082355,-30.318041145531062,-20.408924741218566,-22.338756845226506,-44.94959800820179,-59.84961195129032,-20.79236455459372,-20.436003589778654,-20.54937140839994,-20.57349430473055,-20.797335677011443,-31.021667412764415,-20.62999624277558,-20.50214860544604,-20.37256567099585,-21.40598701377832,-23.85415529678227,-29.587080030648018,-59.5442382493732,-238.82811048934997,-94.82517605938682,-21.770621551531327,-29.406924278393184,-23.38824267276725,-21.264316151855404,-20.41681071207607,-20.36980700020326
-20.707396525046086,-20.844962306944037,-20.7019603828274,-22.742206100745868,-30.386927347135213,-20.740845481395368,-22.592358829705937,-44.86665806998688,-59.19649365960781,-21.113671553933838,-20.7596727746472,-20.87305256975224,-20.89034287020021,-21.10442106939135,-31.066152507846194,-20.936070425476654,-20.821985677902003,-20.70138308496925,-21.70021764106877,-24.066359388256558,-29.61799427668514,-58.95312117654859,-233.78471624780113,-93.65004948801668,-22.048890358651402,-29.430390782242654,-23.60892159220708,-21.56481899574894,-20.746551374262353,-20.70355127959417
-19.800623173710886,-19.943790982050622,-19.788662375041405,-21.870695457158885,-29.93688943594202,-19.836767999763566,-21.806293246053766,-44.86785478837487,-62.079555686672194,-20.26202805395592,-19.85852950029462,-19.988541280534996,-20.00402117768847,-20.269535799716902,-31.249309736562044,-20.063849275022783,-19.923082555535462,-19.790185887613003,-20.893387644386724,-23.45965699983816,-29.130548586379746,-62.60169590762346,-241.33618493015638,-98.96561896128674,-21.30760025211128,-29.18558505179177,-22.88297206196437,-20.754816395581972,-19.84352347981623,-19.791467027504694
-19.637338581328272,-19.7837058564929,-19.623041531485914,-21.751200072708926,-29.90204273683254,-19.672162201084085,-21.682287376627176,-44.91881147714,-62.42725026095623,-20.102608651124054,-19.698108789078663,-19.828196911612448,-19.84710409314786,-20.117488166033144,-31.235426939555346,-19.912372902140017,-19.76485199865279,-19.627279455730417,-20.748520318104614,-23.354498783973288,-29.125552177753846,-62.908813620236515,-243.94722510897054,-99.56847366507546,-21.17083525920414,-29.18618126311086,-22.77704677222849,-20.606533025693707,-19.68005038823674,-19.625978711241704
-19.874220020034574,-20.01923817535624,-19.86148931307701,-21.98131180688828,-30.001950803179035,-19.90813957436769,-21.887163414050477,-44.87560982542984,-61.598677075710405,-20.323776917389676,-19.933535122274126,-20.059051727112383,-20.078820742032967,-20.334940305190226,-31.168959217889288,-20.140679924493405,-19.999837029926088,-19.865402968948143,-20.958208076053964,-23.507299020940152,-29.252394141682995,-61.85565321914721,-241.7327905617062,-98.03951170352147,-21.362688128140647,-29.246442572537994,-22.96635318842754,-20.81699759178716,-19.91582370607057,-19.86411195283604
-21.334044680620895,-21.452990369669404,-21.343518660539058,-23.1203520968979,-30.475901843234055,-21.37861513930944,-23.027879182303177,-44.9040307475686,-58.44306934978552,-21.740474175434326,-21.36932850648319,-21.489818750718946,-21.481721226366215,-21.683333837041832,-31.259520940929807,-21.492823909271944,-21.418704820344345,-21.32360224525269,-22.254405315334314,-24.45285721921645,-29.48744224424194,-58.70066051034155,-222.786564555627,-92.75422231909154,-22.57400371545734,-29.374728905159653,-23.961452848974815,-22.138904912830053,-21.376888378605944,-21.34454014922544
-20.28846189235287,-20.42200158516701,-20.28405268648191,-22.232801207968663,-30.06594594482436,-20.32881679800181,-22.178212684143347,-44.798687871435774,-61.05684366155867,-20.73821664143315,-20.33770707238901,-20.467221877982794,-20.472129788117464,-20.721877689026904,-31.28956770599433,-20.514497467263244,-20.39559357707998,-20.276896550478117,-21.325635155907946,-23.774869391825852,-29.157877429474617,-61.675423938035166,-234.08942320865737,-97.26706417878064,-21.713815821282004,-29.191650062872213,-23.201005870898285,-21.19723574529844,-20.332070101521364,-20.286417165089446
-20.921679826554573,-21.03880489464328,-20.931426008052018,-22.66999045966476,-30.304986860964135,-20.971290821082857,-22.64120893107244,-45.03572038895113,-60.048253868316664,-21.365420939241165,-20.957039276742456,-21.08795772801157,-21.07217371950189,-21.30277289866736,-31.397028642753988,-21.082111717656733,-21.002712727542892,-20.906885289583414,-21.88217323317878,-24.189185769675024,-29.11326727755585,-60.95615703576862,-225.47213563370553,-96.06201244408436,-22.23300491325329,-29.148510644252077,-23.579519245601105,-21.771529539055205,-20.968145422488934,-20.933155863979632
-20.87613342222628,-21.007787731470184,-20.874889573873276,-22.82495152694079,-30.364553926182367,-20.91321545673463,-22.701367177367022,-44.79450851496891,-59.06324868919637,-21.284931968738857,-20.922935364421484,-21.039928530289114,-21.048863229576252,-21.262160247758587,-31.143105025888275,-21.084674343296776,-20.981250494535526,-20.86842864719395,-21.850063064259555,-24.165509933703607,-29.544203920717557,-59.03932759647951,-229.88217225516308,-93.49733664279779,-22.193755010084498,-29.39915268303359,-23.69373787949955,-21.72120491556816,-20.9165696227105,-20.87638227763514
-20.954130056720842,-21.084920249054054,-20.953731506357602,-22.89390687699926,-30.401134999811255,-20.991337139555252,-22.76654748202226,-44.80521474694535,-58.864546659104995,-21.35939481822021,-21.000112602358534,-21.116203344572696,-21.124548136003654,-21.334172704519688,-31.14015763369907,-21.158479840477135,-21.057956687219324,-20.94661298218247,-21.919712683079073,-24.218025735818003,-29.57563821380743,-58.80467021853545,-229.14916731367043,-93.14031657146737,-22.258346651964406,-29.416689933235222,-23.75288856583855,-21.791541093532462,-20.99442352425616,-20.95512309695518
-20.787887774757618,-20.91647449371762,-20.78841396007167,-22.68436219385563,-30.262998165569826,-20.828368600441408,-22.597168160586392,-44.77559090582696,-59.60954494519632,-21.211360465295563,-20.832118609685523,-20.955144419683506,-20.957582488286388,-21.181581450345536,-31.228565807273945,-20.988946377846705,-20.887635418742942,-20.777859889542345,-21.76982204521171,-24.09834439042908,-29.3720424696662,-59.92038319138757,-229.00222101991642,-94.6370438062902,-22.123892952880134,-29.307375875749557,-23.58357424656228,-21.645243038511612,-20.830192041632177,-20.790124117856518
-20.467948349528786,-20.599132014723548,-20.465682168791204,-22.386302898055387,-30.128591407248784,-20.508840605396337,-22.32431291936025,-44.78644586453492,-60.57497168342566,-20.90974569444946,-20.514923999925433,-20.642760093002522,-20.64580848710877,-20.887201329217973,-31.27701805859484,-20.68332182092086,-20.571444517999847,-20.45662882736254,-21.484873184487515,-23.890136419714047,-29.213962532446466,-61.12502412544249,-231.9997981138003,-96.4167152932973,-21.86139324055166,-29.22071588917438,-23.331867655554493,-21.35860907670801,-20.51132382820932,-20.467831181609206
-21.06918366424504,-21.189526913637916,-21.076741236818176,-22.862872239396467,-30.35015698301228,-21.11467695335458,-22.795560072372982,-44.886150878412735,-59.25447243046948,-21.49243629219123,-21.10622702938657,-21.231344913816052,-21.222691704676713,-21.43968098967089,-31.301311148714284,-21.23787273250269,-21.155643961252764,-21.057240279258618,-22.017193439945242,-24.278371427320774,-29.32393632657292,-59.76194445796638,-224.789848215469,-94.29521731209661,-22.35588016994786,-29.278511775373886,-23.742710206008958,-21.90149210879218,-21.11318668088131,-21.078173885052873
-21.256889142687914,-21.377701585812012,-21.26465498329581,-23.065048280774825,-30.447317229395388,-21.300423674567664,-22.97037201161458,-44.869284982645425,-58.57019177974239,-21.66454728822248,-21.293848793580327,-21.41422428206859,-21.40851607386741,-21.612811881878006,-31.246957918748897,-21.423509923920268,-21.34451307163169,-21.246745680643578,-22.18634618793793,-24.40361535292343,-29.485156415536615,-58.806696900582494,-223.7521082714314,-92.91876209017401,-22.510735115057987,-29.372922204873632,-23.913039536881726,-22.06897593475672,-21.299431972869264,-21.265772691631447
-21.27270076115958,-21.393232369879765,-21.280734998306137,-23.077733737632688,-30.453871029092277,-21.316356963658993,-22.9828698840296,-44.87445835396278,-58.536989402066425,-21.679862771173195,-21.30939961250025,-21.42969750575911,-21.423677387932006,-21.627308126255855,-31.247927863914008,-21.438065605752158,-21.359887338571873,-21.26254671155901,-22.200374316138927,-24.4138855703549,-29.48874408588141,-58.77154794705834,-223.58168360877994,-92.86598972554344,-22.52373838701294,-29.375083507682497,-23.92402291351683,-22.083262288528786,-21.315261099731458,-21.281831602011696
-21.218608369093626,-21.33960697440794,-21.22610823338151,-23.027563055201355,-30.427546023309688,-21.262288016792375,-22.93660140828115,-44.86446463283973,-58.68628911363223,-21.62868720979318,-21.255795318750348,-21.376870993991567,-21.371053684761254,-21.57756919950361,-31.252823637452565,-21.386607970246157,-21.306461146035375,-21.208240889647502,-22.15202879233099,-24.377943894618078,-29.46094470766941,-58.95923652451551,-224.01857074989974,-93.13918923576686,-22.47917949336504,-29.358836693406435,-23.881240158296617,-22.034645866417506,-21.26132273774483,-21.227285341606407
-20.634559313600352,-20.765523817790346,-20.632950389774038,-22.55869592788587,-30.20690733234119,-20.674217452977686,-22.474533308689285,-44.76665367313406,-59.96944772070191,-21.063562787862327,-20.681024002368506,-20.805028501809222,-20.809781576512126,-21.040211066204677,-31.2265809169816,-20.84598894069941,-20.738017521756042,-20.624511398457045,-21.633587386868168,-23.998565367977893,-29.33385757569765,-60.30934789778601,-230.80355021049624,-95.25232740648688,-21.99713884477154,-29.286374447767514,-23.474973573905555,-21.506771354887825,-20.67687579162279,-20.634842146323507
-20.44161571107215,-20.572210651946122,-20.439687735197147,-22.349777934099222,-30.11463074613873,-20.48326974572513,-22.29621342226837,-44.80172062768776,-60.72968813438503,-20.887313351528995,-20.488198646047074,-20.617326722964815,-20.61900267924255,-20.86320128937525,-31.299065261575898,-20.655676868493913,-20.544065575992185,-20.42976096049069,-21.46116929557577,-23.87384592265901,-29.17418895086962,-61.36121336846884,-232.02166976492714,-96.73976819525129,-21.840427202584475,-29.198282131237868,-23.302543299876504,-21.335802508606992,-20.485440124198764,-20.441894860354655
-20.988815856760603,-21.11380009110508,-20.9925757793413,-22.842788574596767,-30.336009019673792,-21.03083106260644,-22.754743165496127,-44.80661139658329,-59.181581034244985,-21.406275555306763,-21.029710120399393,-21.151952202330463,-21.150454781684967,-21.366559154659033,-31.241104946990646,-21.174465073333074,-21.082892390590565,-20.978580113416097,-21.948114880033017,-24.228677804936364,-29.409135782814083,-59.48360831053093,-226.57808852569747,-93.94055706470135,-22.28992749770597,-29.328489785939304,-23.721312064020836,-21.827018752084903,-21.03132963743238,-20.994047741880635
-20.59912066229948,-20.72703737573939,-20.599564915134792,-22.476121539827446,-30.16924032245622,-20.641811341231385,-22.4203613303538,-44.81003230706679,-60.363163333864826,-21.03954407018138,-20.643233474092476,-20.77152184162136,-20.770465674172538,-21.008188176531405,-31.30105666636157,-20.801733183179667,-20.697358271401413,-20.58716842520413,-21.600644399432667,-23.975325869934185,-29.205078853594724,-60.976540685974655,-230.07405073730183,-96.13214242990213,-21.970092349187173,-29.213661826400973,-23.411201443759147,-21.477903648861343,-20.64302198181773,-20.601592187051647
-21.21398001174134,-21.336885713150963,-21.22001138387292,-23.049393705386823,-30.443203933973493,-21.256003297138854,-22.946135718641845,-44.84158624591984,-58.56489411978862,-21.619693158685205,-21.252761825049866,-21.371901118293234,-21.369373989338285,-21.573752657732413,-31.221813658814995,-21.388398433176814,-21.305041733796717,-21.204544150402743,-22.149178667911027,-24.37835719761387,-29.518151395910934,-58.71939094861641,-224.66071417089458,-92.8188639562091,-22.47544723392689,-29.391052802294343,-23.897390881567617,-22.029447813006964,-21.255903541470467,-21.22116118545861
-20.619947561387143,-20.75143772743343,-20.617934673219242,-22.551350561137816,-30.205058293632632,-20.659263506521363,-22.46507318391566,-44.76505282069279,-59.97878981298396,-21.048651094453643,-20.666873783301973,-20.790610757711633,-20.796111992860357,-21.02665038635905,-31.220139085278795,-20.83326330294849,-20.72426587782101,-20.61005616929119,-21.6207077377321,-23.98933829601502,-29.340462488175106,-60.298950510891416,-231.0926187515381,-95.25355175413253,-21.98480816216805,-29.289978982591578,-23.46786538677932,-21.49329850531034,-20.662136994270643,-20.619835294947514
-20.548234755296217,-20.68219668248685,-20.544355252608295,-22.514256085043996,-30.19806573567704,-20.585979642172017,-22.418014782319453,-44.76556669530542,-60.0330193676375,-20.97574243284516,-20.597352194477395,-20.719838101106927,-20.72881911095552,-20.95994631623686,-31.189881635110467,-20.770340644815526,-20.656585445355024,-20.53905798095148,-21.55734621198902,-23.94428241711466,-29.370102667582955,-60.261949124826955,-232.52707789639575,-95.28699922496162,-21.92406563072901,-29.305636878780398,-23.43186995889764,-21.427162156087693,-20.58985538841124,-20.546299265400503
-20.102585844699913,-20.234153047063433,-20.09906820002366,-22.0078100592342,-30.00473541981615,-20.14644952961942,-21.996750698505654,-44.91891640219929,-62.009300518035616,-20.57471989365247,-20.150964733206003,-20.28703030789091,-20.286020345291583,-20.552560132980936,-31.410569267035484,-20.326099742811547,-20.206047583280068,-20.088361931921593,-21.15974523563802,-23.667196596749214,-28.95186008946559,-63.05483718524307,-235.2360926338822,-99.20334592260038,-21.565356511452716,-29.074733723605128,-23.01805086283123,-21.035008164098166,-20.148475316578743,-20.10178945282907
-20.521854627194926,-20.65730159304964,-20.516946743971364,-22.510162733124115,-30.20664480273895,-20.55853059178866,-22.40516529138694,-44.77369139242072,-60.00469638342351,-20.94734331398334,-20.57228281053378,-20.69353156834698,-20.704810309052583,-20.935066315501672,-31.16572336421387,-20.74877940611478,-20.63264937173005,-20.513245653484887,-21.534100247414592,-23.928874296660652,-29.401357872212834,-60.15503194295069,-233.34779855399225,-95.19796865533897,-21.900893852383557,-29.32164347116383,-23.42482411802922,-21.402174589404847,-20.56303017551173,-20.518888511660055
-20.693032229738343,-20.826103494935868,-20.690222031880392,-22.653483856064806,-30.27072915801292,-20.730361812903507,-22.54392986963325,-44.772604089772244,-59.58676540197771,-21.11182083484642,-20.74122389504096,-20.861125491705927,-20.870332138421148,-21.093309794894232,-31.164789386730757,-20.909552520734515,-20.80016484118418,-20.684573251258875,-21.686529883262207,-24.041439137249906,-29.45078308489824,-59.69283369182851,-231.37273301331487,-94.45890114405682,-22.042880861079816,-29.348649177135293,-23.548706097014897,-21.556786087111092,-20.734066881891724,-20.691964524422453
-20.74153079559564,-20.87636362014394,-20.73780532385809,-22.733345648264958,-30.340042515813646,-20.776973192070585,-22.602193631649037,-44.80838297423098,-59.282463238612415,-21.15214951984951,-20.791275713857527,-20.907559657367592,-20.920472036422247,-21.137196093864596,-31.114275704529454,-20.962042728056247,-20.851696455130472,-20.734383117871943,-21.73033991329889,-24.08040100392279,-29.549148707577856,-59.196686377990844,-232.06503906843903,-93.84665696628782,-22.080419711170705,-29.398668262697182,-23.609854429046038,-21.598173815403168,-20.781538022283055,-20.73942262309691
-20.402422249229243,-20.5459487596415,-20.392601580462376,-22.5188591516842,-30.328036280351093,-20.433418082556035,-22.358851744103042,-44.94836633686754,-59.78857325085185,-20.815800114420142,-20.46017294861282,-20.573302330723457,-20.597207903393905,-20.820022600174568,-31.021251596520344,-20.6531388205555,-20.526139405360542,-20.397044363221262,-21.42781088790912,-23.870603266523933,-29.594906864795103,-59.47600550114654,-238.55441148332326,-94.7136694105869,-21.790994352493588,-29.41103215655658,-23.406268312048578,-21.28640669392466,-20.441212520150778,-20.394472719122522
-19.93069646407852,-20.0633129870727,-19.926009641570257,-21.842541750386054,-29.962243257335988,-19.975238305632953,-21.84949441369912,-44.990172339594125,-62.63968473111532,-20.415202953848556,-19.980474441183116,-20.119456252483797,-20.117981262770684,-20.395268075353968,-31.462853721535197,-20.16069252881457,-20.035616301296496,-19.915546661274746,-21.00757579684516,-23.56576954312196,-28.859255234314247,-63.861502748276585,-237.1800137906226,-100.3952867008382,-21.426274100070543,-29.02432625735735,-22.880351083653945,-20.882490543101493,-19.97743063375064,-19.928976677698312
-20.411890399362754,-20.539626769959835,-20.411963525826245,-22.27758671423161,-30.102782015732956,-20.45640763579347,-22.249717250392436,-44.87916409995678,-61.10994808462627,-20.868629046141816,-20.456463008999616,-20.589236543658256,-20.585533187177607,-20.836458967263493,-31.371156373229475,-20.617464054475448,-20.509490700083006,-20.39826159024543,-21.433415945938314,-23.860234342451896,-29.05747925914724,-61.998530347288025,-231.59641701976273,-97.6089986181725,-21.8177660560764,-29.129110097728244,-23.24584731061265,-21.311972478906124,-20.45722457563411,-20.414295498046233
-20.533812441861844,-20.670124644101016,-20.528419023907325,-22.53697652565127,-30.23052322047679,-20.56965142346235,-22.42278792487322,-44.7854676440124,-59.890599353913544,-20.956052814607496,-20.58498985964224,-20.704775807686598,-20.717733677951852,-20.945610748380567,-31.142930770988606,-20.762917357818083,-20.646071671697744,-20.525755978027302,-21.54491468768499,-23.93895052334194,-29.44068729108411,-59.959131432142115,-233.71717391583817,-94.96491940571077,-21.909489047452745,-29.341609434348335,-23.444498711142195,-21.41185549481494,-20.574554207961892,-20.530316414473788
-20.3239160368405,-20.454644448530765,-20.321569458498,-22.228001324634853,-30.071082573567196,-20.366501393069864,-22.190553496099795,-44.83740367225403,-61.181373255572325,-20.779172318321105,-20.370934605560258,-20.502709265342453,-20.50311561885763,-20.755295233089683,-31.33964973621552,-20.540639711884932,-20.4263680237311,-20.311137227430066,-21.356312408446488,-23.80077594244643,-29.089691868271586,-61.96909950091762,-233.01693378178157,-97.61625479006214,-21.74484646297294,-29.15119308795625,-23.20142141068,-21.23140699944107,-20.368532360255166,-20.32396025203749
-20.851015249582662,-20.984059394019773,-20.848800176669375,-22.820535954064734,-30.37718963988081,-20.887110770649173,-22.68906100872658,-44.808577724913604,-59.045192701971494,-21.258155451864376,-20.89909354431421,-21.01489773454759,-21.025984553218194,-21.238610845369273,-31.12178019097609,-21.0641099743144,-20.958409472293823,-20.843826166144147,-21.827965244637152,-24.152248686617124,-29.57232497539151,-58.95273420429034,-230.6965939555855,-93.43293855645311,-22.171831645947655,-29.412576284218815,-23.686546529261264,-21.697499426345672,-20.891048147962117,-20.850295503824736
-20.79743070849959,-20.927595532552804,-20.79689575232754,-22.718395582065455,-30.287965732983196,-20.836439706441265,-22.617640023094136,-44.77102485084795,-59.44947549915026,-21.215966105571034,-20.842983325930746,-20.963886017025526,-20.969229601126727,-21.19010740662748,-31.19435505610725,-21.00315720917761,-20.899871001135104,-20.788306707617433,-21.779021662613296,-24.107141931686616,-29.432403696698888,-59.633668238205836,-229.56203084137064,-94.27595324098124,-22.13066697421826,-29.34012264259325,-23.608868602632388,-21.652411627267895,-20.838996826085737,-20.798551217129695
-20.32154304437555,-20.45526227291315,-20.317108761017167,-22.27052540879828,-30.0810239636305,-20.36144331882079,-22.209536833768247,-44.78842905680675,-60.91019160140499,-20.76799354420791,-20.3708522737983,-20.499342634941737,-20.50499862462284,-20.75210960080872,-31.273096542969952,-20.54747181738175,-20.429043065650987,-20.31035301421596,-21.355135170797638,-23.795629962116003,-29.189047680939836,-61.467896977963974,-233.89857784707138,-96.97765128255026,-21.74040973194133,-29.208691646743496,-23.23173989112204,-21.226337807605546,-20.364834836645038,-20.319415618563408
-21.07021895070508,-21.197456967169124,-21.072627833975172,-22.96173844299833,-30.413400149684428,-21.109581839878135,-22.846218445376827,-44.80592745126915,-58.734298417548466,-21.475831805993344,-21.112931886384416,-21.230550717744908,-21.233991552711714,-21.441574848224565,-31.178942182017963,-21.26138760978207,-21.16829758789298,-21.06181820836243,-22.022419603429537,-24.28915035382184,-29.547002196212507,-58.777490726057486,-227.02155476291813,-92.99060540847326,-22.355960590797718,-29.40441195191005,-23.816950258951064,-21.898074747545206,-21.11123890477756,-21.073919615104227
-20.793202292897067,-20.921676882258136,-20.793824373723726,-22.68828266840147,-30.26468090862832,-20.833738297932584,-22.60120539251698,-44.77627606319759,-59.599543168302205,-21.21656276081209,-20.837330924459117,-20.960356834918226,-20.962661673230507,-21.186481952728272,-31.22923424886335,-20.993805723508988,-20.892771146369213,-20.783159754637094,-21.774531258811827,-24.101772308401785,-29.372409954859656,-59.91146541731777,-228.9302517158412,-94.6216326583699,-22.128300574110373,-29.307586478916875,-23.58702678940146,-21.650066572770847,-20.835519144652633,-20.795528843160263
-20.114419998179198,-20.25391452971033,-20.105653839378085,-22.143585706431857,-30.041720044517092,-20.15101540080785,-22.06383801595053,-44.8040471697351,-61.179027785808806,-20.560771367750423,-20.16879831180072,-20.295375396032167,-20.308569187383103,-20.55921175773937,-31.21405781585653,-20.36115105773741,-20.231270125844535,-20.104613807685638,-21.17170559246784,-23.66152882922451,-29.234169801170275,-61.56149341595115,-237.57494807437502,-97.33635664545147,-21.565673280615485,-29.2354608552762,-23.11443796198355,-21.036472885440794,-20.156663818517355,-20.108100361561924
-21.513644872803358,-21.628457640897842,-21.527039111031193,-23.25368653359485,-30.550035115912838,-21.5604429225854,-23.1638318232121,-45.000128185294685,-58.129560397991966,-21.916481268186832,-21.54523139565635,-21.665596778134777,-21.65230433600918,-21.84704018865196,-31.28325486244578,-21.654525232110498,-21.591816970091006,-21.50264934810473,-22.4127918508049,-24.56776512509125,-29.503264087248915,-58.412730726987604,-220.7370456743733,-92.33939285414043,-22.72057277310402,-29.384855666812083,-24.077041651859908,-22.301307131931008,-21.557103759937874,-21.52781761501381
-20.662913291727204,-20.786750286979444,-20.6666052972249,-22.48640012977525,-30.192276586548623,-20.70873490634933,-22.450486003545233,-44.894678063003234,-60.4740315084043,-21.109689724153526,-20.703837591280553,-20.834684876808684,-20.8273166178894,-21.066753842560484,-31.36041957087333,-20.851037092940462,-20.754464312484625,-20.649361762207885,-21.655405441638113,-24.01994359238435,-29.12221757772354,-61.29117795481347,-228.6630118337812,-96.5414213966423,-22.023012915930874,-29.16204072957001,-23.423385944903654,-21.53760973906105,-20.708195607182507,-20.66862729796149
-20.70980616905522,-20.834001977979746,-20.713347188828806,-22.540013236767933,-30.20769979315427,-20.75489367219656,-22.495269072754176,-44.867622123718704,-60.263725193711686,-21.151650893081673,-20.75082013904996,-20.88030034900802,-20.874112401426157,-21.10985701464703,-31.338090204885788,-20.898235668498213,-20.802025757547753,-20.69683532510604,-21.697583612448504,-24.048271992300002,-29.16916609122439,-60.99148898970616,-228.33407500941954,-96.10624445467909,-22.061348046558,-29.189974615959418,-23.46821894080708,-21.579040350039257,-20.75459134271331,-20.715285354684912
-20.35975233290751,-20.498166467598598,-20.35247777582587,-22.386690493102243,-30.16207147845398,-20.395217602047435,-22.279535317684445,-44.79286688667876,-60.345646191187626,-20.78963220886528,-20.412914187925356,-20.53446977848455,-20.548940756237638,-20.784667534016037,-31.151488054458767,-20.598361017365512,-20.475210427280455,-20.351387668327256,-21.389893370175283,-23.823908332779553,-29.3816110591341,-60.4800386718749,-235.6395011340694,-95.78446026198287,-21.76537102138589,-29.310492646106432,-23.315611216338933,-21.254970846519424,-20.400779386695874,-20.35457979932638
-21.32337431677791,-21.442655793752056,-21.332548941183713,-23.113717727577725,-30.472410075556347,-21.367732382584386,-23.020464899217934,-44.89758008509701,-58.45525690596461,-21.729788888350875,-21.358952229310127,-21.479351684295434,-21.471719793571477,-21.67361891254976,-31.256592729536475,-21.483508544410554,-21.40857360095774,-21.313011700049156,-22.245057622066064,-24.44617905659078,-29.48948296274155,-58.70523137194084,-222.93982964767503,-92.76239660522461,-22.5652910052879,-29.375846730083754,-23.955565530582,-22.129203394145463,-21.366142668689964,-21.33358275723004
-20.93019164435929,-21.049027827482995,-20.938562859989666,-22.699474835381203,-30.297825148139374,-20.978202346418872,-22.65958570709334,-44.96652911686158,-59.87864985573872,-21.3686065484399,-20.9666406045248,-21.096066175211828,-21.083260952437318,-21.311255434183007,-31.365901545446853,-21.096378011022935,-21.013969360737242,-20.91632591287579,-21.891234859493444,-24.191453870171163,-29.170946934503746,-60.666857641602924,-225.59484423214477,-95.62161180822983,-22.240943300948228,-29.185792679081754,-23.60479286496706,-21.778304867818182,-20.975827891114886,-20.940249494053475
-20.115933358230553,-20.254255603257,-20.107888692428787,-22.125871239783535,-30.028338573004653,-20.153544096810265,-22.05645175335582,-44.80233908651708,-61.28450782265158,-20.565680960984693,-20.169348464852515,-20.29739727695173,-20.308526451660285,-20.56140110603156,-31.242312992182722,-20.359360995884987,-20.23081868124308,-20.105505287686466,-21.173002021729204,-23.662483226456526,-29.193839042039837,-61.761503995447256,-237.07126688925138,-97.5630339092548,-21.568691222491946,-29.21412282878555,-23.103053395474063,-21.039257666774684,-20.15867031654196,-20.110372143825934
-20.577956771093156,-20.714273440724757,-20.572723838512715,-22.583941911787264,-30.25976968565555,-20.613438755875304,-22.463342138906988,-44.79373885207494,-59.73383102433255,-20.99685532445388,-20.629110240818022,-20.747722018931167,-20.761237681901488,-20.986150040855318,-31.129425752236692,-20.806128307174074,-20.690298621926765,-20.57026035027403,-21.584338453342976,-23.96964953265303,-29.474703786229533,-59.744993025774875,-233.5212191788989,-94.66968696686145,-21.945351202501712,-29.359084685599743,-23.482990554804125,-21.451077019604547,-20.618411053739916,-20.574552583446273
-21.147982712687746,-21.276160752516727,-21.150028993732995,-23.05832157173438,-30.48566795876757,-21.185914312934695,-22.92523602196448,-44.83610321585636,-58.41184003300725,-21.545660647083935,-21.19150632048669,-21.305945230676084,-21.3119686565963,-21.513163517517153,-31.143416028154384,-21.340412030608196,-21.247834486487683,-21.14070334041277,-22.092750515067674,-24.347498189985572,-29.639794647472193,-58.2942281244876,-227.16585449930642,-92.34445342403734,-22.41928827733642,-29.454007229086358,-23.89538584517913,-21.96681773354966,-21.18812135103786,-21.15117448048113
-20.82975000002618,-20.96144799836772,-20.828309685274384,-22.776512643258222,-30.3339529061806,-20.867163584331596,-22.659005456277896,-44.784003408261555,-59.21809204185108,-21.241862452498687,-20.87661813203199,-20.99476008841657,-21.00321028471103,-21.21946964556004,-31.154572523095048,-21.039395604359253,-20.93484575852162,-20.821690084239645,-21.808511635423034,-24.133019334874458,-29.509596181556446,-59.24960921587878,-230.09580130626622,-93.79079558018192,-22.155801260005706,-29.380736864221422,-23.653586311232885,-21.679826712402,-20.870465230774183,-20.829874387510454
-21.02521143707037,-21.153778174173162,-21.026547364774224,-22.93447375660294,-30.406530521631336,-21.063775272597493,-22.81489834474566,-44.80220127307118,-58.78850599118188,-21.430820931526593,-21.069144142330305,-21.186255616025754,-21.19151421898781,-21.40001236549123,-31.16514683169295,-21.221400128917328,-21.125439883375204,-21.017126625420698,-21.982619914496034,-24.26133738124947,-29.55611702425903,-58.796045631106125,-227.8023769451835,-93.05429967946627,-22.318265242675015,-29.40829541272052,-23.791570746837113,-21.856854819180207,-21.065966549941546,-21.027880397487532
-20.491223338485504,-20.624972132383743,-20.48729399992059,-22.450490672697658,-30.163522997762097,-20.52963251470955,-22.364299363795794,-44.76551679454495,-60.26105281351742,-20.923805254624277,-20.54023892657664,-20.664445694262447,-20.672329623295873,-20.907697313452083,-31.213037783317915,-20.713864784628967,-20.599104347517013,-20.481463537234873,-21.50640355919333,-23.905875267381184,-29.31912924073501,-60.58266926314486,-232.76830268134412,-95.72861116533963,-21.877969843464104,-29.278570410848403,-23.379863004420443,-21.376753769909072,-20.533319893813832,-20.48933341015759
-20.57282792354924,-20.701044636837747,-20.572979075684533,-22.45286082303686,-30.15946826555762,-20.61547724334537,-22.398588839482624,-44.81080433356803,-60.43707433100087,-21.014557607127117,-20.61724114497377,-20.745828446426298,-20.744972454118244,-20.984017836248096,-31.30373809836789,-20.77689788064355,-20.67152028811427,-20.5608133794022,-21.577293398795348,-23.95849358315348,-29.194924006389048,-61.06459072320179,-230.35499934366513,-96.2643043632866,-21.948529615077643,-29.20812487095968,-23.391450132995395,-21.454307239300004,-20.61678137126775,-20.575040689307848
-20.416947072161502,-20.547997157333196,-20.414627916838125,-22.330584153223068,-30.10647842614551,-20.458407999155153,-22.277048492594126,-44.80075003062265,-60.78409864009039,-20.863361021486526,-20.46394400781457,-20.59316036334047,-20.595324537491667,-20.840463965011487,-31.29799569184042,-20.632894052112896,-20.520117950337067,-20.40512774558553,-21.439337011874475,-23.857922965487067,-29.17074935822222,-61.41537988693092,-232.34348919935564,-96.82820093675356,-21.82007368183231,-29.196728259690367,-23.285951316445534,-21.31350908993672,-20.460744472788214,-20.41686150764162
-20.862827329421307,-20.995889891815956,-20.8606460086579,-22.83336305407292,-30.3862329522575,-20.898815162387194,-22.700099815752438,-44.812806751963564,-59.00425342312519,-21.269064791868963,-20.910919968858085,-21.02638610023996,-21.03764796848379,-21.24947323848704,-31.118349645259535,-21.075719198492386,-20.970275069620158,-20.855743300184017,-21.83855602260508,-24.16075376824222,-29.582159817317603,-58.89579476741618,-230.6649052110365,-93.35533636904431,-22.181462585005455,-29.41769384825431,-23.69707794970701,-21.708009400960115,-20.902778707536587,-20.862122264209432
-20.083963104213627,-20.223613090394327,-20.07500302115957,-22.11374106670414,-30.028449218538363,-20.120686604535507,-22.037289823705656,-44.80821787153694,-61.283905863951716,-20.53235845271744,-20.138518065570256,-20.26568849764929,-20.278753455101835,-20.53123859996369,-31.22206872462401,-20.331753497411587,-20.201020927263965,-20.073987190474778,-21.14466368384125,-23.641784779530145,-29.216754601926915,-61.696429360316586,-237.84318443779188,-97.5316539032653,-21.54091739586648,-29.2266344607486,-23.08973588565466,-21.00936576352112,-20.126353908502885,-20.07749161822342
-20.613493690753838,-20.745299412447828,-20.611247265759896,-22.54941343020593,-30.20532130411471,-20.65258517762374,-22.461518969346,-44.76432266979705,-59.975892896429976,-21.041834275773073,-20.66069405045062,-20.784209782724094,-20.79018908993034,-21.020632274966076,-31.215509592871832,-20.82789024772329,-20.718332867309382,-20.603715554771092,-21.61504308037022,-23.985357805904833,-29.346239031246277,-60.28102070685417,-231.2544141926626,-95.23821324149041,-21.97928199082035,-29.29310279027532,-23.46562489444395,-21.48726655988222,-20.655591440689683,-20.613149452260792
-20.408074546069585,-20.543147921292373,-20.40301757359243,-22.383456002820747,-30.13609593093275,-20.44602371712752,-22.298300356728888,-44.76965990796981,-60.45614432400329,-20.84352779472536,-20.458324726127994,-20.582989324017852,-20.592162611020903,-20.830836258952978,-31.21151233422737,-20.63627179896929,-20.518030259641087,-20.398331855849612,-21.432533166234727,-23.851884871964213,-29.301473896823623,-60.78776825978238,-233.82223619914043,-96.06580638750776,-21.809023487037233,-29.269314374441464,-23.321714339750987,-21.301593959188928,-20.450173130307302,-20.40514791704922
-21.199800459224274,-21.320081103736776,-21.207800979845057,-22.998156342486887,-30.41272247757591,-21.24427283938467,-22.91431796380297,-44.87675556017146,-58.802713924040994,-21.613094951001383,-21.236451710163973,-21.358688408535194,-21.35140692282044,-21.560014270642796,-31.269187812700192,-21.36574914233157,-21.28640954480475,-21.188912880803755,-22.134577631583284,-24.36433213510608,-29.42363222292751,-59.14578606288382,-223.92536514093558,-93.40250339143505,-22.46352626583692,-29.337163064538363,-23.85706593998552,-22.018198178475142,-21.242951561932525,-21.209021298040895
-21.16294510497585,-21.288820414119666,-21.166635890661603,-23.039075013724464,-30.452368362612784,-21.202760146467405,-22.92132398957888,-44.82351683504332,-58.52353862053422,-21.565126984654455,-21.204370247856392,-21.32131362822287,-21.32343456885263,-21.527030025475227,-31.181720951976637,-21.34794610703395,-21.258927064510818,-21.15460695641007,-22.105052859798068,-24.350428391611626,-29.574828519786553,-58.54383221610177,-226.0465582424279,-92.6285049900385,-22.432767982702362,-29.420861070595503,-23.884029763645145,-21.981907842773918,-21.203940803234552,-21.16780846255704
-20.571010062020225,-20.7066104723972,-20.56618316141801,-22.5648351947034,-30.240343930917312,-20.607155221669586,-22.451410862358284,-44.78159583183011,-59.815838312164324,-20.992329096639917,-20.62153083412607,-20.741290228486957,-20.75345553623779,-20.98013019700577,-31.147122889532437,-20.79733297122676,-20.682149401168683,-20.562882384619016,-21.578019699294583,-23.962986115588922,-29.444390331965927,-59.890204360908186,-233.18214960584078,-94.83746866083325,-21.94064181705235,-29.343917719695476,-23.469296442578536,-21.44568116680811,-20.6117998616767,-20.56804391014427
-20.886941210620986,-21.012024888006838,-20.89031489665805,-22.73737796081919,-30.284695490723934,-20.929716043173183,-22.662364959995713,-44.81038199244738,-59.5353124512716,-21.31205322050804,-20.92812750769259,-21.052672309289807,-21.050142758763542,-21.272792642901724,-31.26736020671295,-21.074899993415237,-20.98097361144203,-20.87591109927525,-21.856782608060833,-24.161111900047395,-29.333405460091782,-59.96352984454427,-227.2412621737398,-94.62920890294228,-22.206313307844198,-29.285404620109553,-23.6329117709753,-21.736109452344966,-20.93009894466517,-20.891948381598528
-21.010184563438575,-21.135281533826937,-21.0139287872424,-22.86684710631124,-30.348742983828572,-21.051923420691658,-22.775128722429276,-44.80574283715267,-59.098419333900324,-21.425717722774955,-21.051133621848344,-21.1727389774266,-21.171691727653315,-21.386245106345548,-31.23340629169367,-21.19577709008938,-21.104497865702104,-21.000184034325503,-21.96736224286412,-24.243230538016242,-29.429443541172148,-59.36513227351483,-226.49316245243213,-93.77357714175227,-22.30745067820105,-29.339967002205622,-23.741297151716722,-21.846010170157378,-21.05250723787983,-21.015363983445887
-19.82911404759547,-19.969019227587857,-19.81921349942481,-21.84663686706833,-29.922309138614807,-19.86790740398722,-21.808124101367202,-44.873488210087345,-62.30068254230082,-20.298566500211003,-19.88440453488568,-20.017836011076167,-20.027879434998223,-20.298298646002365,-31.323572812518854,-20.082781617632584,-19.94613512970321,-19.817116602284884,-20.918799337293706,-23.481991712499926,-29.03489521874375,-63.06399672817915,-239.87168789525697,-99.46139487620778,-21.33614525378223,-29.13309155516569,-22.871984618277615,-20.784352934246446,-19.87324691424399,-19.822092848803326
-21.47562410291974,-21.599677026214746,-21.481753184198205,-23.342027976397087,-30.64661788179352,-21.514573452896084,-23.19675789723147,-44.927841495861045,-57.649868228949074,-21.859869606513776,-21.515269172478288,-21.626457469701517,-21.628968597896613,-21.8152805580075,-31.14817362362185,-21.64832010933496,-21.569307995486955,-21.4689423061429,-22.385632246114277,-24.568981348340056,-29.76437198419493,-57.409640414109255,-224.20679425233092,-91.00426570071173,-22.69103949105766,-29.527587993152906,-24.140786052593683,-22.262946852091545,-21.51541364255588,-21.48245200041811
-20.732768783918644,-20.862440839888436,-20.732361206557325,-22.642617415705534,-30.245030067427738,-20.772747608398923,-22.554752251662222,-44.769997995465076,-59.71956698000426,-21.157606400656178,-20.77799524311397,-20.90110413723556,-20.904785317972774,-21.130740249134437,-31.223110398005375,-20.9382860677053,-20.834239903751865,-20.722853501063987,-21.72093867348409,-24.0627054383215,-29.365834933331776,-60.02432262227547,-229.7275841938989,-94.81252570560441,-22.07819017959429,-29.303882987617808,-23.546965647626237,-21.59526884183111,-20.77497688522317,-20.734131554885256
-21.047630490578754,-21.168275419267065,-21.054886752375122,-22.844420216264183,-30.341210859405898,-21.093033486690743,-22.77798796753577,-44.88181619078583,-59.30805526898213,-21.47179682422267,-21.084964096238835,-21.210277812372986,-21.201900135416516,-21.41992123860491,-31.3019675064199,-21.217756304340845,-21.134551615687023,-21.035660581151625,-21.99805606903249,-24.264453038215,-29.316638617827667,-59.824040639244345,-225.00802952070288,-94.38653870430733,-22.338211607453815,-29.274317710588186,-23.72693717850609,-21.882098971970024,-21.09164719282172,-21.05634913943387
-20.32326664618295,-20.45766683786617,-20.318382377585642,-22.282962822558794,-30.08701007129809,-20.362542464199688,-22.216056132695932,-44.78205027594609,-60.8405432060974,-20.7675559431886,-20.373114935803223,-20.500751930041552,-20.50763779496022,-20.753396859095126,-31.256872369449006,-20.551190238517766,-20.4319223851992,-20.312457368633304,-21.35683097051335,-23.796446784796697,-29.213756104461485,-61.342084843052504,-234.12241017627323,-96.82176312791279,-21.741090845220114,-29.22241261912975,-23.240618892982496,-21.227148530199678,-20.366246438244417,-20.320665959247062
-19.865930165796343,-20.01362161706398,-19.851818721368375,-22.01939115461726,-30.05537844585011,-19.8977325549067,-21.900242419633308,-44.934907681103866,-61.38290661288227,-20.30841247182455,-19.9275266115576,-20.049472419299942,-20.073809697456245,-20.324612563583955,-31.10268992562343,-20.139124095873445,-19.995814792483447,-19.85846558640507,-20.95023036579542,-23.505843637231983,-29.343148189700976,-61.42666669815685,-243.29205456621875,-97.6267100108933,-21.350177138025405,-29.289674649614163,-22.98751976283179,-20.805749464698046,-19.90653142469592,-19.854355710000288
-21.052080609760928,-21.17600895940655,-21.056824607090846,-22.894077164168664,-30.360853963374417,-21.094514379650214,-22.80503729008366,-44.8195129262447,-59.041557443373705,-21.467418295005064,-21.09198830959528,-21.213877151672694,-21.211268914211495,-21.42471497084049,-31.24359070009949,-21.233053675256553,-21.144509272877432,-21.041825774678458,-22.00428599812425,-24.269823790598323,-29.424203631770816,-59.33379886055317,-225.8689110429907,-93.70987357761791,-22.342086407137664,-29.337196675392384,-23.765678391206706,-21.88417164685449,-21.09462979040697,-21.058216661797683
-21.615440175243922,-21.739840029414264,-21.621889927414024,-23.495558224047418,-30.775901269811982,-21.65301775594999,-23.32992721610318,-45.02156546979418,-57.21140272921038,-21.989396708796537,-21.655506083352805,-21.762489947324028,-21.76722501109752,-21.944339784604814,-31.118241795948332,-21.7861418650072,-21.71012159658497,-21.610099844120818,-22.512068595876617,-24.6754012581657,-29.889647306181338,-56.78531611501013,-224.18081360493144,-90.15758153663593,-22.806326674294656,-29.595282688341598,-24.268404387062926,-22.388028882472085,-21.654243642770705,-21.62234843745399
-21.628762165241618,-21.75533121747003,-21.63383926294789,-23.54355338040181,-30.858815000218456,-21.664404441653954,-23.360209641390938,-45.09967152815047,-57.053617547858906,-21.99723507490832,-21.671053134380813,-21.774624966708362,-21.78337908352419,-21.95664888026123,-31.080673422758377,-21.805657810015845,-21.727156371477733,-21.624626679536338,-22.525318849144007,-24.69905110273719,-29.97325390045001,-56.47731467564921,-225.51725014305518,-89.81335411451087,-22.816111051727187,-29.63509585837685,-24.303085856513302,-22.398401948675613,-21.666642545825663,-21.63423023321304
-21.656682368842553,-21.78160492363192,-21.66295542077407,-23.547492219924198,-30.83075665207147,-21.69350195081844,-23.37281897801103,-45.068202395901686,-57.063220652103745,-22.026778893744854,-21.697325820394884,-21.80244797441914,-21.808590192226468,-21.98242678174323,-31.10323437035335,-21.828037566397153,-21.752378841265088,-21.651951319832555,-22.54964486940652,-24.710054580565156,-29.94096309081918,-56.557320054034676,-224.47247649978763,-89.8647308133684,-22.840125866701406,-29.621794805939167,-24.310537616757106,-22.42464482494384,-21.695035436623694,-21.663333748246558
-20.63022191579932,-20.768682481937386,-20.62397344963821,-22.675123543906412,-30.35215262809147,-20.66352726157956,-22.528310168624074,-44.862003261365444,-59.38981349949505,-21.039807737681336,-20.68332029066405,-20.797530961206782,-20.815447643057592,-21.032948787382214,-31.067991331062814,-20.862994873017865,-20.746151317441086,-20.62405420620808,-21.63127631923382,-24.0141458489814,-29.5899234305229,-59.17518867035743,-234.5684094395044,-94.00008529909829,-21.984728636519122,-29.415190871057796,-23.551137548405087,-21.4951236138261,-20.669508048912054,-20.62565678473021
-20.702570177593113,-20.838685219979613,-20.69793527741608,-22.713005924030522,-30.343221806772455,-20.737244798381752,-22.57639578451398,-44.82409502102459,-59.31884873312419,-21.112791407565,-20.75349902121024,-20.869057834213056,-20.88375067478403,-21.10076687242591,-31.098045740936605,-20.927470216937206,-20.814785955945663,-20.6957724488575,-21.695708076486504,-24.05711741262843,-29.56361826721487,-59.18753521646017,-232.92609033960966,-93.89473150946267,-22.047017588263405,-29.404724940516523,-23.58944599815195,-21.562131096694557,-20.742315014326845,-20.69957640834084
-20.10813419455392,-20.255039004612826,-20.09542421155179,-22.264090132522494,-30.204523335277152,-20.13869652867887,-22.115437084237364,-44.96640414669153,-60.554758600320454,-20.53433230043274,-20.168936790212403,-20.2852915894768,-20.311362242571793,-20.5470466408868,-31.034835189203573,-20.373800602652466,-20.23691388936827,-20.102178416268483,-21.16528587615552,-23.6725026062482,-29.494500750788216,-60.34710135983524,-241.77624623692995,-96.11479786313356,-21.546377087794355,-29.360236299173394,-23.187394356740377,-21.0209070590754,-20.14749118785591,-20.097624576329743
-21.102451417204424,-21.216854528908783,-21.114956929512353,-22.824095838779407,-30.37763750295521,-21.152954652124077,-22.787459878376996,-45.078806643370484,-59.58927857965247,-21.53843349763144,-21.135237013883927,-21.264502916970137,-21.24613801686036,-21.467752492430943,-31.387522037494524,-21.249890568843593,-21.179363796886907,-21.087822802425062,-22.042045668897767,-24.30333858147724,-29.17117020841534,-60.42242313494431,-223.6171288105675,-95.30011150662783,-22.379929284313413,-29.18113531353181,-23.710086528784025,-21.933719801113057,-21.14886514521573,-21.116427904138455
-20.520240767239923,-20.657259933921708,-20.514376099263142,-22.534195416483186,-30.23635013857121,-20.55559023099334,-22.41581814267843,-44.79418927974365,-59.88161997013816,-20.94162379169001,-20.572054521470445,-20.69124385342996,-20.705279145619134,-20.93276708157603,-31.131503589678964,-20.751590981804455,-20.633649719562918,-20.51244484637967,-21.53289152105609,-23.931299024211974,-29.455023988923294,-59.913789205419135,-234.1472961585391,-94.93560862728572,-21.897499066755344,-29.34853975715972,-23.440226309600433,-21.399012443496893,-20.560784242876686,-20.516273214987617
-20.785074710906304,-20.90928905437327,-20.78880935006864,-22.618754805195902,-30.23640751924865,-20.829495134595618,-22.563624918719444,-44.84587422784832,-59.97909612402158,-21.220690793657965,-20.825862267277433,-20.95363700662759,-20.94837960350932,-21.179030718489532,-31.313908194394486,-20.972140294708826,-20.877455735386796,-20.772744405777505,-21.764979732127596,-24.095452862876733,-29.22717458608643,-60.60341802761191,-227.74101208498462,-95.54218895817465,-22.122949499166637,-29.22381412103308,-23.534322646025903,-21.645978725816423,-20.829320742219014,-20.790625706741537
-20.41693986011023,-20.559428904500727,-20.40768777555398,-22.516520504931144,-30.305976605711322,-20.44863294620098,-22.363959268025354,-44.91319596509626,-59.81572292974495,-20.83183751820862,-20.47373719860979,-20.587988569574772,-20.610290002717804,-20.834198375685094,-31.04030967982003,-20.66480975309447,-20.53905204431985,-20.411149259276943,-21.440843439729463,-23.876612407022257,-29.56920139179443,-59.56295147631969,-237.80797487039473,-94.76342944626892,-21.804728707049787,-29.40005381594775,-23.408120588108808,-21.300650385477493,-20.45602005751523,-20.40957085821972
-20.497225355707293,-20.624059958989992,-20.498195190544013,-22.354251810096958,-30.131462521566487,-20.54179616797831,-22.320710218911906,-44.869414520149164,-60.853913342563445,-20.949326567847184,-20.540857735411066,-20.672578273506513,-20.66837321587255,-20.914768058691454,-31.358562356848413,-20.698287330069142,-20.59346910913916,-20.48384343994695,-21.509092989576086,-23.913616698578632,-29.092579441763995,-61.68807719932724,-230.66152152043858,-97.14622158155768,-21.887455348726096,-29.148230735304985,-23.310608996535166,-21.388339653620573,-20.542345784538664,-20.5004130891226
-20.23866603953013,-20.36639867223167,-20.238313029161457,-22.096849740120362,-30.058959572926376,-20.284782076905163,-22.093945041968496,-44.969738338108165,-61.81953866033756,-20.71074101380999,-20.283929909223378,-20.42055628691776,-20.414655076982513,-20.67787114109864,-31.43973518841831,-20.44745370642526,-20.33599084193364,-20.223551682936325,-21.27909584556259,-23.759123214842038,-28.92781740075071,-62.959344646116804,-233.27546784524938,-99.01392835505803,-21.67727038634187,-29.05379723340156,-23.095011517916774,-21.158750002944988,-20.28530226521299,-20.240925483090244
-21.416036516927523,-21.53791480630029,-21.423525947116904,-23.24707387582043,-30.559997461960677,-21.45735388638576,-23.124760244582603,-44.89059029943925,-57.97544927120799,-21.809475671991414,-21.45369507370711,-21.569059718642645,-21.56703243465943,-21.75990970065772,-31.195293619387375,-21.582993476163054,-21.505851720395224,-21.407756863386776,-22.330478818156468,-24.517201877643615,-29.64549748297633,-57.94608286601171,-223.40494480868745,-91.7088833711845,-22.64221033627034,-29.464047507531873,-24.06496484991889,-22.210862377496444,-21.457098260663425,-21.424363528912334
-21.11832467057361,-21.24171482704695,-21.123682035480776,-22.955907794456174,-30.392530292369443,-21.160694411058234,-22.861847113349228,-44.828016683767494,-58.853455563816844,-21.5299972075679,-21.157667115513565,-21.278565790668292,-21.27578435207145,-21.485668093148995,-31.236357535484238,-21.29623162224149,-21.209988906576736,-21.108343181485118,-22.06346939646949,-24.313805260151717,-29.458613684135088,-59.09696884705605,-225.32204045700888,-93.36376844361556,-22.396633280183718,-29.356940687644812,-23.818250537447554,-21.94366526217033,-21.160667280851985,-21.124977751060594
-20.975902319947775,-21.101727444014536,-20.979004303527365,-22.841394017372785,-30.337064659242905,-21.017276437419813,-22.749032816858172,-44.79806342344285,-59.162112962401366,-21.39217123004094,-21.017516231262864,-21.139131298456473,-21.13896003198749,-21.354713673352663,-31.229066203250312,-21.164512589256088,-21.071373624132338,-20.96599398863298,-21.936999898819153,-24.221145759712204,-29.426534935594333,-59.42292067893407,-226.9364435944936,-93.86940379430874,-22.279106320101743,-29.338172999146636,-23.71894539905499,-21.814917775603465,-21.018138959640588,-20.98047878200385
-21.24196382457284,-21.36320760224471,-21.249348859427965,-23.055379396189856,-30.4426170776427,-21.28523582775161,-22.959770361762327,-44.862242985618934,-58.58966166617405,-21.64968003044299,-21.27930668036365,-21.39958010636235,-21.394456931606793,-21.59917154896685,-31.24328825133309,-21.41032405807475,-21.330280905803175,-21.23191487618343,-22.17322333084042,-24.394216274091843,-29.48706200062842,-58.81722983449577,-223.96532135886076,-92.93787606721499,-22.49847822906105,-29.373897031853456,-23.90443735154981,-22.05540194396669,-21.284418432255247,-21.250483463959387
-21.376018542239617,-21.49291200749758,-21.38727106079019,-23.137136904683658,-30.486683903209002,-21.422074229729628,-23.052056833068665,-44.947269193460514,-58.44552017470683,-21.784248710781704,-21.409577251702785,-21.53109224327232,-21.519900856248753,-21.721155999304468,-31.28186737342932,-21.526900663427615,-21.457349451838706,-21.36490074037276,-22.290527182860334,-24.47813704454647,-29.45737737551247,-58.776734815604186,-222.01630624767333,-92.86107497557867,-22.607827096661524,-29.357193355698577,-23.97699547607611,-22.177320864004525,-21.419477268639717,-21.388253196697768
-21.147389501687353,-21.270542269786826,-21.15301840124526,-22.983025706356877,-30.406708733748403,-21.189733256078423,-22.88678369533414,-44.832436472949716,-58.7717288520165,-21.557466803267367,-21.186484228589645,-21.306948858061695,-21.304087374318055,-21.512413588319568,-31.23336515418036,-21.3239430825057,-21.23871721206205,-21.13752758303278,-22.089445640676352,-24.33317404680735,-29.47374766000166,-58.994050284138595,-225.08640773845346,-93.21353767882064,-22.420577438499542,-29.365647497242705,-23.841324171378048,-21.969777370897045,-21.189642839103605,-21.154271649006322
-20.295726423562506,-20.430063717181316,-20.290801248128687,-22.252839513784743,-30.074134975772047,-20.335300295242813,-22.190564274094896,-44.78809011852525,-60.95360723181059,-20.742483124523275,-20.345582251999986,-20.47398137518579,-20.48039774515786,-20.72819219212434,-31.26847693284434,-20.524007158618698,-20.404222248059213,-20.28465227523055,-21.332295422969356,-23.778874335586526,-29.190730456813725,-61.49875368673683,-234.29845768351421,-97.0413815025446,-21.71887312168752,-29.210005432544115,-23.21597567843953,-21.202827670801675,-20.338929073846245,-20.29313006512925
-20.24713206108397,-20.38617134960493,-20.239088959343132,-22.277274489585626,-30.10650047560943,-20.282994107692122,-22.18138055125454,-44.79436951295142,-60.71060342265676,-20.68409422595616,-20.30094800920041,-20.424640995790856,-20.438768698648985,-20.681030634824225,-31.175785102444827,-20.489837973203446,-20.363445303572654,-20.238178433284634,-21.2896597706374,-23.748803205795877,-29.318258265052712,-60.946689834929714,-236.55654897079228,-96.46053525534707,-21.6733769334822,-29.27820716496756,-23.224575567410145,-21.15443340247132,-20.288655158637233,-20.241344919663423
-21.33922437122198,-21.45736744124357,-21.349353754551355,-23.11510101152706,-30.473621213873784,-21.384466559658506,-23.02700662139585,-44.9195300350204,-58.48192953918569,-21.74720992348466,-21.373854578148105,-21.49501374376514,-21.485579638135263,-21.687784466002796,-31.270909229835937,-21.495150786107764,-21.422555172715068,-21.328422798945052,-22.258423313362933,-24.455113074749203,-29.4666794801445,-58.78289089183879,-222.5412294073821,-92.87033892214475,-22.57798418950332,-29.362631628278702,-23.957585951200365,-22.143888090898177,-21.382382225360686,-21.350378926009853
-20.46163598090876,-20.59223203431819,-20.459764065841618,-22.37086103009205,-30.122827928054868,-20.503112609211612,-22.314391014981467,-44.79650136454116,-60.652090088024295,-20.905666460796887,-20.508168365956855,-20.636815835480732,-20.63874766688166,-20.88156234571458,-31.29194331743679,-20.675315408307693,-20.564126493263398,-20.449950207517674,-21.4790284418392,-23.886467719445967,-29.189418465392222,-61.25561801163112,-231.868438605401,-96.58859041216967,-21.856690946166488,-29.20675066629812,-23.320016131442596,-21.353555270335423,-20.505317171739428,-20.46193937217704
-21.062972796964694,-21.178933531199913,-21.074067617878207,-22.801659520952505,-30.355518635892928,-21.112425847269364,-22.761422441923333,-45.02946339782662,-59.614411074377614,-21.49813100726308,-21.096945164296972,-21.225877133719944,-21.209691183058858,-21.432221153565436,-31.37443476651919,-21.216649258761286,-21.142304562998024,-21.048781247009682,-22.0080014308864,-24.276973335288698,-29.186525419008625,-60.40585624280396,-224.11199562816458,-95.25672561086193,-22.348581138583402,-29.1923485239994,-23.691459532492697,-21.8979294330083,-21.108966471382253,-21.075582006029755
-21.034475298504763,-21.149958810519653,-21.04588811202857,-22.766742962436414,-30.349502775916825,-21.084590594211,-22.732768051686918,-45.05876452739278,-59.75654422481812,-21.47322597565389,-21.068265387758995,-21.198116247173132,-21.18082230528692,-21.40576441810731,-31.390029392315764,-21.187023956950664,-21.113023562352307,-21.01981012095143,-21.98197014418144,-24.260286120628297,-29.150747933336064,-60.614730283338815,-224.30957194589467,-95.5722444779866,-22.324733269681104,-29.169675774396612,-23.661503005474497,-21.872706259233002,-21.080881602014113,-21.047456849232578
-21.034475298504763,-21.149958810519653,-21.04588811202857,-22.766742962436414,-30.349502775916825,-21.084590594211,-22.732768051686918,-45.05876452739278,-59.75654422481812,-21.47322597565389,-21.068265387758995,-21.198116247173132,-21.18082230528692,-21.40576441810731,-31.390029392315764,-21.187023956950664,-21.113023562352307,-21.01981012095143,-21.98197014418144,-24.260286120628297,-29.150747933336064,-60.614730283338815,-224.30957194589467,-95.5722444779866,-22.324733269681104,-29.169675774396612,-23.661503005474497,-21.872706259233002,-21.080881602014113,-21.047456849232578
-20.00362954370592,-20.134408487106473,-20.000452532077567,-21.893134041542464,-29.990057944281894,-20.04917101800939,-21.90292671241385,-45.00729750753097,-62.51496967235842,-20.487458070193032,-20.05190093299464,-20.190967323090813,-20.18727154444617,-20.462466679509802,-31.473248692217588,-20.22650889153845,-20.105620340776614,-19.98811450934166,-21.071600158222846,-23.614621916307556,-28.852445586353006,-63.77227061314991,-236.1464533019926,-100.23788123225225,-21.486173707526508,-29.016342305305102,-22.923688307636578,-20.948604888247203,-20.05065849202213,-20.00335892067912
-20.44379197388601,-20.57790396948741,-20.439472623083276,-22.406009624433587,-30.142971430968924,-20.48228347299847,-22.323714075699236,-44.7678450278366,-60.40657724540177,-20.87912585250569,-20.493184918331274,-20.618142309470777,-20.626067152073958,-20.864027446000676,-31.220902110058805,-20.668458785557668,-20.552194216871115,-20.43383266428457,-21.464176609334015,-23.874780577066268,-29.295443226346972,-60.76444224014626,-233.20791594476893,-95.99715788907633,-21.839078189791305,-29.265983475401264,-23.342444564553386,-21.334289353856366,-20.486057431591174,-20.44157572214923
-20.923303057248223,-21.05140308660987,-20.924609925136018,-22.819767342401573,-30.334054810500305,-20.963096700630597,-22.717629496677414,-44.78325448203758,-59.170444912313165,-21.337679515076005,-20.96692287231248,-21.087179812020366,-21.09039476072314,-21.306224994105023,-31.200195158348464,-21.120140384224065,-21.022515091122006,-20.91413938856769,-21.890960049560075,-24.1893064318706,-29.460818847273355,-59.33996086290743,-228.06986761470193,-93.80398173459466,-22.234999427887825,-29.356501118610367,-23.697093383903916,-21.766302561438422,-20.964914561982294,-20.926116485253416
-20.607090130872837,-20.735503920351523,-20.607195384634544,-22.491669335080775,-30.174458650406443,-20.649263485797714,-22.431087810733935,-44.79899374852248,-60.289705725258955,-21.045445108661802,-20.651564313225485,-20.779134808202922,-20.77904916339514,-21.015451381635536,-31.288244439381458,-20.8111292582645,-20.70618020375597,-20.59546686295622,-21.607999255737234,-23.980115683732283,-29.227525270685224,-60.85570227311855,-230.15063294553178,-95.96780086884925,-21.97636382105687,-29.226656023013,-23.42350848119656,-21.484575312169774,-20.65071399384708,-20.609197341009995
-20.45504513630503,-20.584517665225285,-20.45395750393037,-22.347422634614666,-30.116608948694463,-20.497595990346802,-22.300531234623655,-44.81910044929205,-60.77951558118089,-20.902925566470138,-20.50073893675891,-20.630760495243532,-20.630632971316025,-20.87576008934897,-31.31842073653047,-20.665336328752925,-20.555628401028862,-20.442705238374067,-21.472701314890692,-23.883456024820326,-29.146982507093014,-61.47723085645218,-231.61173240921534,-96.88222965340493,-21.85203924561107,-29.18209445517602,-23.30214734317389,-21.348723139224457,-20.499276707258065,-20.456173974120976
-21.011994638876203,-21.12586900324012,-21.024696400947747,-22.725391933860585,-30.35666653319685,-21.06372184501261,-22.70288895730566,-45.138579343668255,-59.9663466560085,-21.456872127501093,-21.04489879051429,-21.176271627195256,-21.15606737693817,-21.38424927305825,-31.421597551887913,-21.15930699805743,-21.088020314033923,-20.996352765334194,-21.960273398019936,-24.250059940739977,-29.08705844908573,-60.950846352441005,-224.39901045789225,-96.09744401822564,-22.304850502120654,-29.127697014584278,-23.625251178183593,-21.853271479239226,-21.059280459505995,-21.02632564859581
-20.635711094827073,-20.772867587750884,-20.630211649985135,-22.659195215010943,-30.320541043305983,-20.67003984123459,-22.523035299920835,-44.82715981918931,-59.46833645641836,-21.048169328975295,-20.687605660263653,-20.80351322959204,-20.819217236239844,-21.03875950096989,-31.094476638621664,-20.86490969045814,-20.74952914661302,-20.62891578487666,-21.636059082948517,-24.013091993025714,-29.548455291091628,-59.34339343142781,-233.76274192258336,-94.15987599868978,-21.991144863069703,-29.395898693875242,-23.542195296198184,-21.501496228127074,-20.67546598547561,-20.63192581792829
-20.230319241228756,-20.369033432044535,-20.222411350539485,-22.253981988923,-30.091789629468135,-20.266602232717535,-22.163560662195437,-44.79172005191759,-60.80358101655983,-20.669556225547545,-20.283879965729227,-20.408446878740637,-20.421780029515737,-20.66584731296368,-31.189590969295097,-20.47248497092804,-20.34606306947333,-20.22105354983294,-21.274690078929638,-23.73724204707207,-29.294036937324126,-61.08882492870551,-236.5006721820207,-96.64214130940144,-21.660308930037207,-29.26584754823809,-23.206494969113777,-21.13994414549295,-20.272092368793952,-20.224703952321704
-21.057156652566757,-21.186263959965434,-21.05824455188314,-22.97662177238301,-30.439268635984067,-21.0949996829992,-22.848539587417978,-44.816150978763844,-58.64361142885849,-21.459105985192178,-21.10156238225102,-21.21716127005544,-21.22375668520164,-21.42936756370431,-31.147213447412728,-21.25431390985493,-21.15837100091879,-21.049611982808546,-22.011540532448386,-24.285732212678198,-29.599432218608918,-58.57381152545295,-227.93609699247398,-92.76207487140726,-22.34410348559746,-29.431188986819386,-23.825405242374835,-21.884934651354605,-21.09748626115868,-21.05951370772594
-21.03912257365964,-21.16770330599445,-21.040498691569983,-22.949394513859044,-30.416262395356256,-21.077563622540964,-22.82782962738511,-44.8058468160105,-58.741039353791464,-21.44367969140559,-21.083059031185137,-21.19979649128698,-21.205245329302247,-21.412823831731878,-31.161474398667707,-21.23506452698346,-21.139405979001502,-21.031158965146403,-21.99511731202617,-24.271200562602033,-29.567509803646097,-58.73021697531887,-227.75280196867024,-92.96291380567709,-22.329667120309455,-29.41446499097779,-23.80394349179868,-21.869262253345354,-21.079783098177753,-21.041809180084375
-20.92930784558691,-21.05463276855481,-20.932631023131755,-22.785234260872578,-30.30753157018915,-20.97151286727529,-22.70277124407817,-44.8037620468,-59.364839008043774,-21.35047045313572,-20.97059623495235,-21.093882500690626,-21.092279110138502,-21.31179696795834,-31.250969143972018,-21.117224739726787,-21.02383404945715,-20.91875460898546,-21.894915193348574,-24.189284652007807,-29.374010809957277,-59.72075411199593,-227.04460788812267,-94.28511408460001,-22.241009238379355,-29.308549419814447,-23.67267640672498,-21.77370954796037,-20.972073036204954,-20.93419121801587
-20.25938169210234,-20.392056822907524,-20.255485396671272,-22.188961908206547,-30.051235165252304,-20.30077999159069,-22.145726340368444,-44.821112468487165,-61.25463912966598,-20.714229744674984,-20.308040067595034,-20.439241983729993,-20.44224139122256,-20.695582643666427,-31.320569811102082,-20.483354686678762,-20.364994814982207,-20.247103362290805,-21.299511950670674,-23.757887130407575,-29.10651043579172,-61.982995209754534,-234.06550743617052,-97.68189046941049,-21.691095891856385,-29.162715380571882,-23.166329210597816,-21.17239276770135,-20.30358865223434,-20.257921969276175
-20.94011060474088,-21.070719797994062,-20.939778305472373,-22.876209944504776,-30.387537411708898,-20.97758380460531,-22.752214749395193,-44.79894386278686,-58.92469960049881,-21.346849278406705,-20.985934628812405,-21.10262686256917,-21.110483269536935,-21.32130724569914,-31.14722454629833,-21.14422184467016,-21.04360282048223,-20.93238574306857,-21.90707082376428,-24.207488075763642,-29.55851047803931,-58.895141884242015,-229.1125170981361,-93.25923277826551,-22.247022881530288,-29.407735724348782,-23.738664056665716,-21.77919574086475,-20.980566839175925,-20.94119669718918
-19.444221339633472,-19.59557685730578,-19.426686656549382,-21.632778085794975,-29.887547439442557,-19.476536466369154,-21.545134068154034,-45.016781136964674,-62.715682207547836,-19.910235325383074,-19.509332864436082,-19.637748945798723,-19.662777744317097,-19.93574467991919,-31.18401153401402,-19.73571729383253,-19.57959242230488,-19.43526652662679,-20.576585940912548,-23.23040610937234,-29.16699338321816,-63.03535572002138,-247.79406953036806,-100.06564007661528,-21.005508241813448,-29.21021919756886,-22.665023219494863,-20.42903976765963,-19.48624738606131,-19.429723501969185
-19.675422604525796,-19.833070630681295,-19.656461665115383,-21.99294649434282,-30.244865528855275,-19.701379613383875,-21.803706747218243,-45.330754964092336,-61.27340690060631,-20.106451625999238,-19.74569625635842,-19.85824587804369,-19.89684255091944,-20.138459583159833,-30.921923468276443,-19.974399060870592,-19.81989960578376,-19.67148208424065,-20.777663875667756,-23.40799806869167,-29.561083250442678,-60.77137059683451,-251.11504325798285,-97.54289581430375,-21.17247632086848,-29.379994567269534,-22.925153159462027,-20.621916936695815,-19.71375259810416,-19.658911747850535
-19.99994830717832,-20.15281130568256,-19.98430051082671,-22.25315167679242,-30.333711199991924,-20.02697256786476,-22.06310022417568,-45.2177809547508,-60.48910842125888,-20.419391052597337,-20.066077046598583,-20.17656995195246,-20.21126731314847,-20.441502458860313,-30.928780437128644,-20.28112066856255,-20.13746328247133,-19.996118638786616,-21.067436710652544,-23.621507667907046,-29.62601050477907,-59.96326289063855,-246.5077299385953,-96.06292626672092,-21.445343041280555,-29.41264826853213,-23.15440545823443,-20.916286451282776,-20.037925077511332,-19.986450989433425
-20.41457268418454,-20.549870054054598,-20.409393879055138,-22.393935146465918,-30.142544361235522,-20.452270557186335,-22.30591280343068,-44.76969201770042,-60.41210527602317,-20.848871945286387,-20.46500124624842,-20.589216243123442,-20.598869907925277,-20.836689506249872,-31.204233214741507,-20.643285820300953,-20.524917947178754,-20.405003097343304,-21.43836822342034,-23.856385778869218,-29.314199167470917,-60.71739975246363,-233.87718890387453,-95.97600142031126,-21.81402380257324,-29.27604110288842,-23.329787559631246,-21.307116056260153,-20.45653141788975,-20.411507322591664
-20.872260106653467,-20.991912617730424,-20.87981500443571,-22.64971692120747,-30.275323882091065,-20.920034416500194,-22.61246211533654,-44.957651900975165,-60.02927507586041,-21.313245851436285,-20.90949595513442,-21.039468801970653,-21.02739229376817,-21.258251290609323,-31.369442216561698,-21.042342544601397,-20.95728103915189,-20.858321598621437,-21.839923166072293,-24.154722124955235,-29.151569130998876,-60.84261840024348,-226.20231377012252,-95.87772983488887,-22.19368757378582,-29.17492304323878,-23.562534727116226,-21.72630056985059,-20.917938335500786,-20.88158186832581
-21.04225476045975,-21.165222888313444,-21.047693521425803,-22.87029739201985,-30.34845383119663,-21.085625665074367,-22.789193190556354,-44.833662330111125,-59.148800498889024,-21.46081756821916,-21.08140494191454,-21.204543111259195,-21.200139461150286,-21.41551544227,-31.263165375324526,-21.220263026828203,-21.133044863273675,-21.03142563121338,-21.994848707322703,-24.262151223201144,-29.385723440513523,-59.51827885880854,-225.6361399389308,-93.96185311446136,-22.334067027333585,-29.315169734314694,-23.746818468943538,-21.875993118186393,-21.085287236966153,-21.04912070123363
-20.239427078998784,-20.378135291978577,-20.2315539784716,-22.26357278610246,-30.09673155036665,-20.275638437896543,-22.171825499366697,-44.79145692696392,-60.76946583189087,-20.67795200705878,-20.292971060872354,-20.417306900162306,-20.43074808530641,-20.67419387039598,-31.18643680315741,-20.481385803138483,-20.355176299534914,-20.23023326405284,-21.282791260641517,-23.74328744714815,-29.3007178626971,-61.04270938814642,-236.44397505551396,-96.57781101425016,-21.66766949018072,-29.26926032788971,-23.21433171019144,-21.14801374682053,-20.281140558363273,-20.233832662813867
-21.324936082096716,-21.443707928602908,-21.334518965194125,-23.10852603013213,-30.46974450720142,-21.3697346497886,-23.01830833551126,-44.90675627296484,-58.48580378501507,-21.732470863659646,-21.360099854160662,-21.480970967393503,-21.472469791600812,-21.674863610662968,-31.264288126487635,-21.483300519508404,-21.40928576501954,-21.314330446096314,-22.246061027235807,-24.446407810093405,-29.47486397235423,-58.76570273282866,-222.78924616175343,-92.84724208104107,-22.56641438504862,-29.36737173079321,-23.9515765290449,-22.130830115712037,-21.36791501942697,-21.33555818950251
-21.32277987829761,-21.441428265232158,-21.33245408933979,-23.104635951738505,-30.467804076626543,-21.36770565636392,-23.01546861278988,-44.909032444150526,-58.50173798029326,-21.73077697141781,-21.3578498012658,-21.478891293606768,-21.470151702123214,-21.672825448979914,-31.266711218334052,-21.48076406073467,-21.40691875301967,-21.312094327327596,-22.24401958996603,-24.444764290504615,-29.46934005341486,-58.79204920313789,-222.76817763606692,-92.88482787906692,-22.56458718446684,-29.36413847624462,-23.948372958612875,-22.128954701799138,-21.36582660473622,-21.333498778733738
-20.23374540916801,-20.368962098048147,-20.228052338607462,-22.20102897277754,-30.05355118908945,-20.273079544998616,-22.140659417229138,-44.79414060131635,-61.1145422991013,-20.68303750313106,-20.284433564944816,-20.4133274738689,-20.42049393509812,-20.671014352013938,-31.271357626766125,-20.46585157678676,-20.343609256824248,-20.222624711641252,-21.2773222695569,-23.73899836195768,-29.174212074592038,-61.67706985858807,-235.05949314098166,-97.32366031234618,-21.667788132306775,-29.201743931975276,-23.171620138568034,-21.147021505417186,-20.277002256966803,-20.230451523676987
-20.36471647955969,-20.4987072811053,-20.360229983948447,-22.320407703723042,-30.102673186099913,-20.403995832138655,-22.250767405608208,-44.7777125864383,-60.71793217240146,-20.806802270803736,-20.414152083089768,-20.541245978965836,-20.547941810861992,-20.79156364639834,-31.25121429596327,-20.590604500304316,-20.472760246070962,-20.354034169136693,-21.39365891978526,-23.823179628553778,-29.231106996339882,-61.19396908181056,-233.68442221991975,-96.59850826507858,-21.775094631254092,-29.231521817985353,-23.27226357610227,-21.26430164701391,-20.407583655361446,-20.362460747547537
-20.741314366497843,-20.868972117432197,-20.742360654652728,-22.62162739895568,-30.2312135450262,-20.78301517010318,-22.547898299266578,-44.788198712702126,-59.85444991485738,-21.17097013132717,-20.784877304179794,-20.91008287836496,-20.910316959991274,-21.138847498117805,-31.260864794902595,-20.940363889344404,-20.83939437664394,-20.73041375675067,-21.727693315894136,-24.066849382477486,-29.30534892687296,-60.29401116659414,-228.98291917065146,-95.14806778248831,-22.08628344241385,-29.27010139466426,-23.532812337615418,-21.604529562710702,-20.784339569970022,-20.744167607657598
-20.754697673399665,-20.881783505682517,-20.756199359818126,-22.627366859338593,-30.233822733918764,-20.79679692468535,-22.55601146039845,-44.794631295556634,-59.85280007511756,-21.184857144936224,-20.79777512076988,-20.923288769361292,-20.922680683287275,-21.15118421195011,-31.268054704788657,-20.951667433750497,-20.851839010221717,-20.743609162363203,-21.739390558772214,-24.07540517451986,-29.296813971158056,-60.31552274875605,-228.71742881093456,-95.16767209935666,-22.097457822812366,-29.265134525566786,-23.53839857258972,-21.616883698196045,-20.797881926346406,-20.757998734150952
-20.683515332817038,-20.813631845424002,-20.682643994392734,-22.597416365884033,-30.22358367782138,-20.723513107829433,-22.513007180543482,-44.769015948997975,-59.86144635121579,-21.11099732116532,-20.729193673460514,-20.852993293293444,-20.85685365529941,-21.085384437851978,-31.228962990042348,-20.891378572351552,-20.785637655681086,-20.67342599683751,-21.677048051917787,-24.030322537892673,-29.342855687734847,-60.19890013620187,-230.18864239027602,-95.07182779985214,-22.03768530876133,-29.29126416527133,-23.5086500906937,-21.551062443862477,-20.725865093049244,-20.684480814200235
-20.837219235926288,-20.963383673534487,-20.839642875108556,-22.70067462874471,-30.267449285804364,-20.87944531636739,-22.62468902282308,-44.798700338175095,-59.62774121395772,-21.263346169026043,-20.879378230829804,-21.00393636267399,-21.002707124540386,-21.227087548211987,-31.26130001428887,-21.02963638849811,-20.932972533873766,-20.826336739698835,-21.81281989976939,-24.129029981781525,-29.330174551368366,-60.046097923123256,-227.88899643452615,-94.76509573227878,-22.165301061993564,-29.28377733800159,-23.60084798673402,-21.691045111642037,-20.880242303563264,-20.841331882368678
-20.58141562980606,-20.718698886215176,-20.57563001600504,-22.603588535990188,-30.284400001170695,-20.616060803022336,-22.474076269089952,-44.813632588101285,-59.64576270509835,-20.997536867721614,-20.63343838088726,-20.75063106958734,-20.765890412734972,-20.98880176532473,-31.1073451546675,-20.8121547932016,-20.69535776347227,-20.57425063077246,-21.587552000542395,-23.974955477926436,-29.51117205500489,-59.57963522391917,-234.036416277505,-94.4895181036309,-21.94681576103117,-29.376902016760894,-23.496270355565624,-21.45307506363933,-20.621462325571663,-20.5774244426489
-20.7854752074766,-20.912242931826064,-20.787301034483203,-22.655071751956804,-30.246419220870724,-20.827598308365616,-22.581798979373445,-44.79547240343855,-59.7664586779406,-21.21405778560744,-20.828230286582578,-20.953359878216155,-20.95256616452899,-21.179493127462063,-31.264968625609562,-20.980831744054385,-20.88214163876246,-20.774476710883313,-21.7667857497133,-24.09539064577931,-29.310046576563693,-60.21080393040282,-228.4141038655197,-95.0117846326905,-22.122747613873393,-29.272520294157154,-23.561951355967054,-21.644520434457473,-20.828587709652915,-20.78905879353452
-21.119211966327235,-21.242659850610902,-21.124528863988957,-22.957658048523115,-30.393589475580896,-21.161523167379634,-22.86307923980568,-44.82743580073855,-58.84615431100856,-21.53067192783083,-21.158600853898346,-21.2794153666167,-21.276745572187778,-21.48649493799395,-31.235128834747346,-21.297290489568255,-21.210975742870502,-21.10926739393356,-22.064303708779313,-24.314505324754982,-29.46116867391168,-59.084684061065445,-225.33628579638568,-93.34707532097445,-22.39735863068414,-29.358382161273546,-23.81964611011636,-21.944422599584897,-21.16152383266512,-21.125822004137376
-21.19054762342175,-21.310133580389387,-21.19906736611624,-22.979235295290792,-30.40463966660802,-21.23571494710661,-22.9010386963261,-44.89150898566538,-58.88556006663533,-21.60629207540345,-21.226676938758498,-21.349801264355314,-21.341210192832367,-21.551253308350496,-31.282825176841612,-21.354317332749805,-21.275979504154023,-21.179232095775838,-22.12572432281032,-24.357490891864614,-29.39475388210792,-59.2848504082519,-223.804140374403,-93.60034533789727,-22.455701485288543,-29.320152694182205,-23.84158281982472,-22.010267152684012,-21.23406399477804,-21.20031456855676
-20.56187048551112,-20.68910791995149,-20.562712057605623,-22.42743827994282,-30.15346938591413,-20.60550177750683,-22.381892313347997,-44.83549804436355,-60.56564676193523,-21.007335061895724,-20.60558153275198,-20.735434657268595,-20.732730512839133,-20.97405051531983,-31.327546576584368,-20.76301525177785,-20.65889909257438,-20.549246994217892,-21.5670277789107,-23.95263941084204,-29.15455133220152,-61.28008917629971,-230.19963510480844,-96.55931498140073,-21.939987366288403,-29.184328191133478,-23.371364508351284,-21.44537369093289,-20.606341484030057,-20.564815998771195
-20.56187048551112,-20.68910791995149,-20.562712057605623,-22.42743827994282,-30.15346938591413,-20.60550177750683,-22.381892313347997,-44.83549804436355,-60.56564676193523,-21.007335061895724,-20.60558153275198,-20.735434657268595,-20.732730512839133,-20.97405051531983,-31.327546576584368,-20.76301525177785,-20.65889909257438,-20.549246994217892,-21.5670277789107,-23.95263941084204,-29.15455133220152,-61.28008917629971,-230.19963510480844,-96.55931498140073,-21.939987366288403,-29.184328191133478,-23.371364508351284,-21.44537369093289,-20.606341484030057,-20.564815998771195
-20.758597181130472,-20.890913575660978,-20.756503493507065,-22.710945006173258,-30.298925611853626,-20.796048619800562,-22.598348636809522,-44.77628572438657,-59.416493852451254,-21.174423785025564,-20.80606780828595,-20.92525045594892,-20.933927116913118,-21.153840787681535,-31.161644938441846,-20.971545729505234,-20.864589836410005,-20.75027893123486,-21.744984350397186,-24.085036687318663,-29.475558131032635,-59.49377948296014,-230.70840071684052,-94.15328173827649,-22.09711155537099,-29.362217795114937,-23.59793760047137,-21.61587183825583,-20.79951724520423,-20.758163696824983
-20.080442861808383,-20.220984628572765,-20.070941228748563,-22.124888037274108,-30.03894639841826,-20.116421788295977,-22.04080633737587,-44.812990230657185,-61.21323305773603,-20.526463107913216,-20.135741560689702,-20.261830538979666,-20.276432947703473,-20.527354060339476,-31.201264071805692,-20.330747050152784,-20.198983755032078,-20.07091950868724,-21.14153263099782,-23.639763432356837,-29.245837907014057,-61.55679276060745,-238.26467769810657,-97.38058189075343,-21.536612834397395,-29.24176643653162,-23.096324041837367,-21.00511866460559,-20.122479574688633,-20.073404874579463
-20.968675439604457,-21.096226198721546,-20.970518623285006,-22.859337200849335,-30.35384799103627,-21.008582952387588,-22.75517708537906,-44.789042760049995,-59.055651013102676,-21.381046796419064,-21.011765942398693,-21.131551320152226,-21.134338578238395,-21.348036233275934,-31.19867416305894,-21.162886447922496,-21.067055840839895,-20.959600654157338,-21.931404285692818,-24.219350958746375,-29.477889006670814,-59.20566467392929,-227.6215981013037,-93.60053922792036,-22.272478940913544,-29.36616565147639,-23.73104955967463,-21.807200049393305,-21.010222279483443,-20.97196570099063
-20.840600063586294,-20.965897934730403,-20.843676053407766,-22.69186613629689,-30.263916809199422,-20.883573597092106,-22.621628299391872,-44.812265761344165,-59.68568058062754,-21.26879710920384,-20.88206486069671,-21.00746730241227,-21.00476035782246,-21.23017174444666,-31.276762451433342,-21.03015035371005,-20.934900350924273,-20.82929535086048,-21.815367617527684,-24.130900795728802,-29.304605655466567,-60.16030425321699,-227.6131899800758,-94.9151406809195,-22.168287865981362,-29.269001995899636,-23.594548198699943,-21.69467393075731,-20.883980592043432,-20.845379195162167
-20.93069115264518,-21.05757589793843,-20.93288253093114,-22.809397716886302,-30.323161328673947,-20.971497614281756,-22.715382110185185,-44.78852464967912,-59.238346866471915,-21.347660524445683,-20.973266135806544,-21.09477047053733,-21.0959281506982,-21.31309454281988,-31.221356907708568,-21.12357035767384,-21.027859290523793,-20.92095767823574,-21.89699687364978,-24.192174381714647,-29.42621827291537,-59.48382473288143,-227.56598120412485,-93.97797007344079,-22.241639137096985,-29.33774769802662,-23.690569705606197,-21.77382351437851,-20.972772586127682,-20.934405619285513
-20.231083700348936,-20.36723697452629,-20.22477166728139,-22.213067628919916,-30.060228130598837,-20.269605556529566,-22.14509561290163,-44.788393866862855,-61.03674953302557,-20.677785612299974,-20.282526514008353,-20.410347346869745,-20.419142717566828,-20.668091646071964,-31.250260142686038,-20.465981646675115,-20.342525952927488,-20.220446834635048,-21.275114951609368,-23.736866772749917,-29.20471470524041,-61.52767666409793,-235.41849651007652,-97.14682421662101,-21.664505502613025,-29.21856211671867,-23.17946942268047,-21.143620809603384,-20.273948292135447,-20.227145520563806
-20.705795708083855,-20.836981242296766,-20.704266979233758,-22.637346085144557,-30.24877748323852,-20.74466380216625,-22.54133226662167,-44.76583236076068,-59.69312042027994,-21.128639924597742,-20.75233946167427,-20.874295167035445,-20.88032135712495,-21.10561740101634,-31.200226005870537,-20.91646593025694,-20.809773098612602,-20.69645237425166,-21.697369221133595,-24.04658147009128,-29.39616393220804,-59.92222993545144,-230.475860724455,-94.7134243727534,-22.055044528603922,-29.32017394103299,-23.539630155974802,-21.569927085278874,-20.74753761592288,-20.706040517621805
-20.417375803554606,-20.55633420748407,-20.410001602751677,-22.4570843408456,-30.210567181015023,-20.45191910271323,-22.336545129009263,-44.81052615928723,-60.091011561929264,-20.841362584216785,-20.470975082255315,-20.590249429610548,-20.606408850783783,-20.837174283416214,-31.120184190962817,-20.656208452654738,-20.53381929641047,-20.40976438013678,-21.441279697853457,-23.86483301435539,-29.44466331256752,-60.10727796495018,-235.65351380802147,-95.2989787074459,-21.811185108275566,-29.342084969480517,-23.3714462552377,-21.305436209806025,-20.457806698817194,-20.411997513189686
-21.61558628147035,-21.7261867745864,-21.632862452739953,-23.30817532140053,-30.59277993295388,-21.665290592835273,-23.229093403104084,-45.122212574842194,-58.07156618189926,-22.02050674217197,-21.643712905740898,-21.76540242601432,-21.745989075670124,-21.938279471285373,-31.319988096893148,-21.739356269154783,-21.68710056882358,-21.603400913573697,-22.50066130391907,-24.630525170134824,-29.460456982204096,-58.4664843367498,-219.31388555348732,-92.46051700661644,-22.801456935306938,-29.358575724765767,-24.12389502086652,-22.39369465257967,-21.660207398716203,-21.633509511655742
-20.54043768096353,-20.676521580335056,-20.535206135624477,-22.540271942150405,-30.230227011232415,-20.576417429254303,-22.427099842563507,-44.78331080147571,-59.885532084797696,-20.962785698768776,-20.591408453230134,-20.711325981310527,-20.723963584437804,-20.95181247795364,-31.145910091796658,-20.768764860390476,-20.652328609064316,-20.53231521755262,-21.550795981259917,-23.942990891705946,-29.437793400944884,-59.962860919912984,-233.56986625249036,-94.9596528613269,-21.91517323352905,-29.340243002626018,-23.447829332076257,-21.41799177942242,-20.58122931423339,-20.537100065995
-20.01986451255991,-20.16277401989367,-20.008805383517597,-22.10048512009949,-30.045200281122646,-20.054334818304284,-22.003658631651838,-44.84115764175324,-61.22758971022899,-20.463828502498735,-20.077231575078642,-20.201729180782277,-20.21971993902895,-20.470005527465744,-31.16532413900068,-20.27774457590601,-20.142226410247147,-20.011113618393278,-21.087610712253362,-23.601710606104238,-29.285126969435403,-61.4588842048014,-239.78635315688115,-97.37139835545823,-21.483657417526306,-29.26188851735418,-23.06939816071978,-20.948468554636857,-20.061334045874773,-20.011280223430816
-20.239425181367967,-20.373712152695074,-20.234368747353507,-22.19251814565337,-30.049979139968052,-20.27954423211213,-22.139095090190477,-44.80257275335181,-61.1803425446394,-20.691054244167503,-20.28937026816982,-20.41922349693632,-20.42481466509468,-20.676653562396766,-31.290974342839938,-20.468659430315565,-20.34772642445905,-20.227849424909934,-21.282179542851733,-23.743373113152842,-29.146451470831806,-61.80927055950026,-234.70604323754242,-97.48041556152985,-21.673405692830706,-29.186076809913196,-23.16646408762421,-21.15305614668401,-20.283053750783257,-20.236787882437024
-21.135058174080925,-21.259646738268643,-21.139581460799384,-22.990710354960907,-30.415708542260315,-21.176229642417976,-22.885993214539447,-44.81993311127866,-58.70879168877272,-21.542471656353694,-21.175387313923082,-21.294541055888963,-21.294062912019296,-21.501244783212513,-31.211193163138724,-21.31652596933739,-21.22878983029544,-21.125829518868432,-22.07924882116062,-24.327615795961997,-29.5105967340294,-58.8507833461248,-225.65678820634017,-93.0336675219803,-22.410219541377614,-29.38591275941916,-23.84574965980531,-21.957858172754896,-21.176777343938294,-21.14082601242449
-20.99590518372675,-21.11941204284633,-21.000793366304425,-22.829301571092348,-30.32855084381574,-21.03917940959796,-22.75066132844142,-44.82729613996595,-59.27065031453786,-21.41666143275122,-21.035589396188076,-21.159245608688256,-21.155242936722892,-21.372920459847837,-31.265938334886904,-21.176592108482595,-21.087505776149495,-20.984967344909983,-21.95357917956369,-24.231887973791945,-29.366957182285738,-59.66408227381412,-226.08181656756153,-94.17773653511597,-22.295948633241274,-29.30439771275971,-23.711797042831314,-21.83430208045084,-21.039014477616067,-21.002284687032784
-20.656047025993463,-20.789085855046405,-20.653129150851875,-22.613787831491003,-30.24729393826781,-20.693706042573634,-22.509755099548027,-44.76800297647236,-59.72047408138063,-21.07773713799125,-20.70424580136281,-20.82514226823009,-20.833834181271296,-21.05932979530104,-31.17640132868525,-20.87323907472852,-20.763052655651684,-20.647268526580515,-21.65344560895196,-24.015960079640333,-29.421148762525426,-59.87704284535893,-231.54112975911565,-94.71444565862225,-22.012776316321833,-29.33296293686439,-23.516049856554048,-21.52391648812033,-20.69733811964766,-20.65493050901104
-20.81265641608937,-20.943825681206118,-20.81150128017905,-22.750096876125347,-30.31321149832702,-20.850664787948034,-22.639232104419477,-44.77647618201185,-59.31766959535172,-21.227410011347008,-20.85906842121369,-20.978329432388488,-20.985636150000193,-21.203885293254256,-31.16989760058918,-21.021092653990742,-20.91682604725493,-20.804181581933612,-21.79302308873048,-24.119751507529788,-29.478283010085306,-59.409323745875376,-229.92485081398172,-93.99443600033824,-22.14230491687226,-29.364379679423806,-23.632965409589165,-21.66508157970833,-20.853701125305886,-20.813106782651605
-20.858575229015862,-20.980504775392298,-20.864283078414452,-22.66468769570803,-30.26450570099434,-20.904421982508918,-22.61490948529207,-44.88796099177253,-59.89425032776692,-21.294473396125465,-20.897452855360715,-21.025749741385876,-21.017408569472224,-21.246259667967532,-31.333456638583684,-21.0366398002562,-20.947294786325163,-20.845682332250966,-21.829335881910154,-24.14347669146013,-29.21129710366027,-60.57557756966635,-226.6895415562065,-95.48646920177406,-22.183089326993823,-29.21281238277239,-23.574502398609233,-21.712848597446957,-20.903327744807832,-20.866028433453803
-20.630162065043827,-20.76171080625128,-20.62814231468104,-22.56304695159818,-30.211246034687257,-20.669340481140573,-22.47484359293573,-44.76459713820671,-59.936551792716045,-21.057902027846275,-20.677121279585847,-20.80053200897879,-20.806264115516107,-21.036017556833432,-31.215710043904224,-20.843450204538524,-20.734600119442963,-20.620386040877673,-21.629856897722537,-23.99620934305563,-29.35029586840875,-60.23870619419279,-231.05431721753854,-95.17042388203387,-21.99307997394133,-29.295306981459213,-23.477420475344818,-21.50232412940345,-20.672257143572487,-20.630025257846448
-20.54569948168615,-20.67489355155709,-20.545066274842725,-22.438571724810124,-30.151790015074102,-20.587703884263135,-22.380813481626923,-44.79940009422633,-60.45453470501066,-20.986854292475602,-20.590933968953905,-20.71911411648707,-20.719635955093665,-20.958979546672957,-31.29264856003047,-20.753380647009468,-20.64598636531395,-20.533974351360875,-21.553499836356835,-23.940649358439952,-29.206573635788395,-61.047086677212256,-230.8289679590708,-96.25833128549922,-21.925940402414902,-29.215366710440435,-23.37826883668914,-21.429396223795763,-20.58940900064647,-20.54714576692334
-21.038489560803548,-21.16419039740473,-21.041884127490807,-22.905389750227304,-30.371556111302382,-21.079461247109283,-22.805514908846433,-44.80285330626561,-58.955100051878524,-21.4503316112663,-21.079901810057045,-21.200137140129925,-21.200487158611725,-21.41234783088958,-31.21507921052697,-21.225457920737572,-21.13388817894008,-21.029034635034115,-21.993118089931723,-24.26352218027132,-29.471289837072725,-59.144132038549685,-226.5545703987047,-93.47114667615678,-22.33053259116742,-29.363328614797155,-23.772630791830053,-21.87085936665916,-21.080365884560948,-21.043260847959257
-20.936610318048466,-21.070005806987677,-20.934516344778768,-22.917053418068633,-30.450913332426044,-20.971750859211316,-22.770883125634043,-44.8491417794243,-58.73706888820734,-21.336750998048668,-20.985013120831603,-21.09804815224486,-21.110781636874517,-21.317260199834557,-31.093260206786326,-21.148823396509382,-21.044751615296224,-20.93029257428332,-21.90480052624951,-24.215343015565914,-29.65124410222411,-58.51442927807879,-230.62351328548635,-92.84708218091546,-22.241406231566376,-29.453172177293894,-23.76518262338011,-21.773470914913947,-20.975972934374603,-20.935867437488753
-20.675465112176813,-20.814077117495277,-20.669326151542773,-22.725766246431146,-30.3928286717716,-20.708310601395734,-22.571244110616146,-44.887097560934734,-59.227744863258636,-21.081456723035764,-20.728714179580997,-20.841465168938672,-20.860191788174117,-21.07444002121867,-31.052510717671083,-20.907592549595034,-20.79169619111073,-20.66973292050066,-21.671745097111543,-24.047681740281472,-29.63000831051749,-58.947003369869634,-234.53806229581298,-93.69947207170817,-22.021296594565957,-29.43490276150039,-23.592067010589588,-21.535198461287333,-20.714418851243508,-20.67093502327248
-20.264811014311096,-20.405142438858174,-20.25608651060983,-22.317778083775377,-30.14143715932166,-20.299431652992805,-22.207470737986085,-44.81309685355416,-60.53117107180087,-20.69674991045794,-20.31972397225145,-20.441193572061003,-20.45783101861575,-20.696319527569905,-31.138893418527395,-20.51061766448697,-20.383286160428145,-20.256687704379036,-21.305406216342913,-23.762858756676813,-29.377461459550915,-60.64004613356802,-237.11788526175872,-96.10339660499766,-21.68554711597595,-29.30781415891692,-23.253731715335327,-21.16849282280809,-20.30568698916537,-20.25827284883866
-20.37808984916047,-20.511541219859982,-20.374004432273953,-22.32614293796897,-30.104290680673103,-20.417734053414545,-22.258993788435546,-44.77950293708524,-60.715515495046375,-20.820657531686905,-20.42706436907909,-20.554470503977036,-20.560382373902144,-20.80404295935997,-31.258617008268175,-20.602104808762988,-20.485246995666383,-20.36723016902693,-21.405441378979333,-23.831866578334,-29.222745685639346,-61.215199582550724,-233.39864758122886,-96.61084227735603,-21.786483294255568,-29.2267544936957,-23.278069905736633,-21.276710791652995,-20.421099261107745,-20.376230192682726
-20.37802111829458,-20.517178539399044,-20.370384735221723,-22.41854505541357,-30.18895085265056,-20.41271223565539,-22.30201727556717,-44.80734610239847,-60.216353539936534,-20.804463349238606,-20.431820727862128,-20.551875061096425,-20.567888154724557,-20.800938248817115,-31.12831961690535,-20.618243436108692,-20.49473335950235,-20.370196343545988,-21.406207977000136,-23.83805253945822,-29.421742532099042,-60.26841341842483,-235.94087254237928,-95.53061803583563,-21.779001453864485,-29.330460987776053,-23.339400480214103,-21.270283412225094,-20.41862750199084,-20.372434935735697
-20.076627891633123,-20.210240604623134,-20.071590275780625,-22.010444365649676,-29.991833581608546,-20.1188518345113,-21.987190991179705,-44.87671667990378,-61.910854013634605,-20.54450157560124,-20.12653405832337,-20.261090660104884,-20.263330771834305,-20.52804955558521,-31.373165864440214,-20.306953503502765,-20.18347732683363,-20.06329525443941,-21.137325277329886,-23.645591370969804,-29.00118741134596,-62.831129968026495,-235.9060816383902,-98.92337309224695,-21.542747241850225,-29.10576833363414,-23.01770733748438,-21.009965684471346,-20.121766633662062,-20.074289409342743
-20.910054161427478,-21.042116848484497,-20.908676848972018,-22.867403482765795,-30.39748305820128,-20.946520749533658,-22.73582439561305,-44.810593918453,-58.91924884660517,-21.315356513911432,-20.957216270630997,-21.072778258267242,-21.082843507160256,-21.29326105395821,-31.126252957124443,-21.11905940346126,-21.015925025158232,-20.902836187449555,-21.88060364972777,-24.190968274234223,-29.58465188139293,-58.82376241826762,-229.96491944285083,-93.21514824110507,-22.22110240884542,-29.42010963903627,-23.727800340930607,-21.75106832947996,-20.95011030438959,-20.910105320034415
-20.772935083680363,-20.898050391446894,-20.775951888865162,-22.618501285714274,-30.23322783660899,-20.81664855685814,-22.558782746422832,-44.82779324524293,-59.94922793004328,-21.207050487635524,-20.814435839284467,-20.94159111112979,-20.937755704718047,-21.167939246617163,-31.300590367828168,-20.96318833623747,-20.86679884209869,-20.76097098227673,-21.754647604188122,-24.087289145063668,-29.246748211759524,-60.527086865547986,-228.04703354872214,-95.44153649948763,-22.112908432259214,-29.23570640420678,-23.53329183725004,-21.634558215486923,-20.81686451102774,-20.777767765919965
-20.68952780143273,-20.82565040453963,-20.684837055226133,-22.699274179636383,-30.33378021369026,-20.724296933194793,-22.56444036315616,-44.819890840547146,-59.362602435711125,-21.100679050850772,-20.74046545826429,-20.856364517481364,-20.870911657866056,-21.088773232975786,-31.101479184145603,-20.914736243143157,-20.801734697610634,-20.682629340592985,-21.6840419837634,-24.047824464246165,-29.553813428248347,-59.24698504107746,-232.97590046340116,-93.97644835123,-22.03638550241806,-29.399718347475797,-23.57815476376985,-21.55051587418392,-20.729351204950678,-20.68649824445255
-20.581659564565513,-20.704070141926923,-20.586258775091384,-22.383675333269288,-30.176572025935933,-20.62949224088547,-22.368150019587617,-44.98148617121069,-60.91741189611761,-21.039509103326584,-20.6219586051483,-20.755769573610152,-20.744993218729,-20.99200871074517,-31.415852594879222,-20.76654102516063,-20.670773267842023,-20.566683093453776,-21.581814957662317,-23.974718586533484,-29.01647982668213,-61.94633675658882,-229.21045124223113,-97.50183390293653,-21.956504286939968,-29.097120089111918,-23.3373077709534,-21.466429960150176,-20.628183072429035,-20.588444680626868
-20.516972571188745,-20.639721194233083,-20.521144140470785,-22.321009357792484,-30.1588889270838,-20.565080110503118,-22.312190559428142,-45.00259250598903,-61.145967227577515,-20.979485199281452,-20.557784552425098,-20.692673424619926,-20.68169833184558,-20.932741019382494,-31.432955195704135,-20.704192956117037,-20.606556079152757,-20.50162158149527,-21.524257348194595,-23.936129047095022,-28.97845433611222,-62.24295228764643,-229.8858148246013,-97.9403595484514,-21.903783666217098,-29.074779687052867,-23.2844270726191,-21.408852628098614,-20.563819606689574,-20.523428237901417
-20.748434295481193,-20.88493005721849,-20.743765973443523,-22.768033210112385,-30.388498294101282,-20.7824448236501,-22.621706962117813,-44.85181512464837,-59.13692785936786,-21.1544065562596,-20.79971677997265,-20.91350005816942,-20.929416079075057,-21.1427420513758,-31.07774444319051,-20.97333941914769,-20.861346204345217,-20.742199292334618,-21.73680912640544,-24.09163949066064,-29.612340039691453,-58.92127224811784,-233.00621698027152,-93.55059312726425,-22.083862597132065,-29.428992762775934,-23.6334496146442,-21.602545178003364,-20.787747577882136,-20.74532467647079
-20.66343196924486,-20.7874858727331,-20.666957685983913,-22.489821375476907,-30.19187647829676,-20.709052816970072,-22.45238257086713,-44.887756756518236,-60.45323872552068,-21.10954571596444,-20.704506577250417,-20.83514463369122,-20.828156179054833,-21.06725068090321,-31.356087708719212,-20.852265042753707,-20.755341310233767,-20.64999743996029,-21.656006022712287,-24.019893398685994,-29.12945631439015,-61.254546656204326,-228.69676105818576,-96.4891285529124,-22.023436110875146,-29.16654320274779,-23.426143014035063,-21.537922771483487,-20.708612367771615,-20.66897396986029
-21.697926812536696,-21.804717160772313,-21.71879392342125,-23.35012453880936,-30.637491284181074,-21.750308963906498,-23.28016008213379,-45.25763142272771,-58.045188627527864,-22.105218925270055,-21.723099179187244,-21.845813979158127,-21.820842728802013,-22.011081794972302,-31.35099023219516,-21.80607362226667,-21.763556872041054,-21.68463142030054,-22.570862553471606,-24.681671490118244,-29.41843618345117,-58.53959672630519,-218.28080219162325,-92.64263750047466,-22.865256521948975,-29.330975797214577,-24.158241127084928,-22.46800256978682,-21.74366220217147,-21.71932354446749
-20.63165434075734,-20.77388763881244,-20.623505066249,-22.740397193577365,-30.480963994003744,-20.662007178644892,-22.559862307556383,-45.01818034293112,-59.12337189273357,-21.032160725302543,-20.688310904069972,-20.796934272872612,-20.8213623477577,-21.03164371175441,-30.987129465025085,-20.873748524929415,-20.753515270388625,-20.627401820614395,-21.632625337865626,-24.033627331711635,-29.723290033964695,-58.63504506571093,-237.15207470383928,-93.50370492371798,-21.97945475995634,-29.47425124227675,-23.591317205908663,-21.491801372279927,-20.669558725464903,-20.62506893183887
-20.404558403912485,-20.54741884356892,-20.39506911372533,-22.509706997112964,-30.30790413574414,-20.436053139226544,-22.35552177863117,-44.92222651907153,-59.83039117229379,-20.81942294675221,-20.461695654379454,-20.575746383351504,-20.598535899937737,-20.822533691404455,-31.035608852381287,-20.653623478595694,-20.52724218906996,-20.398859792013692,-21.429774360040145,-23.86922409008609,-29.5729703234625,-59.56492327877176,-238.09325419212112,-94.78979121916086,-21.79400226229164,-29.401411492593823,-23.40125427411616,-21.2891771428545,-20.44357747593658,-20.39695888496721
-19.71287832898901,-19.8560602078319,-19.700630029200845,-21.77714293017909,-29.8997764224427,-19.74980756892061,-21.726933985635895,-44.89157072722486,-62.44554633460094,-20.181875737347802,-19.770973020710397,-19.903288264148518,-19.917567009275533,-20.189536921064178,-31.288715610222027,-19.977963248242602,-19.83521123438874,-19.701701256591466,-20.815832909909723,-23.405053256640283,-29.065719430595042,-63.09722541819498,-242.01050928856333,-99.65658954953946,-21.237592331928713,-29.153175408455542,-22.807456740091535,-20.677631677723056,-19.756416795333806,-19.703571504574764
-20.221874200628413,-20.364671624200692,-20.211648181016777,-22.31406638441122,-30.170095217743576,-20.254803874895803,-22.187365026385354,-44.86083130159669,-60.47950217234182,-20.65037292358759,-20.27898359201117,-20.398157620667487,-20.418568862767692,-20.65503430040438,-31.094942543822924,-20.474998919212734,-20.344296367812138,-20.214699557134075,-21.267071404388034,-23.739162014408475,-29.43288048131737,-60.44906990225023,-238.71088374546824,-95.98296088587612,-21.64646274691847,-29.333977367795697,-23.242702952670218,-21.127280489290918,-20.26205479207357,-20.213817949468236
-20.869812913693817,-20.994060896208534,-20.87376436382453,-22.70773036881717,-30.272564713227936,-20.91348099802601,-22.64088741320081,-44.827917468600845,-59.66442479051947,-21.298521284941508,-20.91038705795999,-21.036196960437778,-21.032004220012425,-21.256962795885663,-31.287837148934642,-21.055371009957756,-20.962407671527995,-20.85820767349409,-21.84092888860959,-24.149700053295987,-29.293273682462882,-60.1730665839996,-227.12743900278733,-94.91977219618741,-22.192388296568165,-29.262114797589252,-23.608970078316354,-21.721409840340172,-20.91345587395972,-20.875443499935905
-20.17255640816963,-20.314843007004736,-20.162406898164875,-22.252720090372538,-30.125100570373675,-20.2062950293864,-22.138252048445704,-44.83988428413686,-60.70418808812576,-20.606230419395974,-20.22924586701255,-20.35048447331758,-20.36937249332118,-20.610277178693124,-31.12426296328359,-20.425485034356033,-20.294099236719173,-20.16471773459803,-21.22326268168522,-23.703817714172267,-29.377499207874596,-60.77933129375731,-238.6413317090185,-96.40340687142057,-21.607659179121562,-29.30722842963969,-23.19468113897883,-21.08429481097477,-20.213256924859746,-20.16466926872274
-20.911206294131283,-21.03781074864114,-20.913537330324115,-22.784774771224768,-30.309370007890244,-20.952422336872505,-22.695481406205204,-44.79018678219112,-59.3285941599769,-21.330402786818343,-20.953579065919943,-21.075877739372615,-21.076308514153826,-21.295164719520486,-31.231975901682993,-21.103582386138843,-21.00785777744812,-20.901166208243055,-21.879377159520374,-24.178621312463967,-29.401841567456025,-59.618982680439586,-227.57653185489133,-94.16390868909113,-22.22577597836851,-29.32417343307312,-23.67046583329458,-21.756657381165198,-20.95353828030951,-20.91509796417593
-20.57349837645261,-20.707060014186133,-20.56996198708398,-22.53465332071498,-30.206634157221423,-20.611382657474646,-22.438107270056125,-44.76497878788705,-59.97459404448295,-21.000138543300956,-20.62224204318352,-20.744589161207426,-20.753178114400576,-20.983303584510548,-31.190570224937332,-20.79391757286051,-20.68122357840454,-20.564317834696922,-21.579811497287203,-23.96074554239457,-29.375675373008466,-60.20042709813583,-232.2122590616787,-95.18586887883012,-21.945038679340627,-29.308668551816957,-23.449603490291583,-21.450013065566747,-20.615118612357282,-20.5718779337423
-20.507014932399183,-20.63709540735944,-20.50563801929727,-22.41095537011064,-30.139465428758584,-20.548558452828793,-22.351945179914445,-44.79379573785103,-60.52383401875663,-20.948795826920062,-20.553033845210454,-20.6811647082397,-20.682761178459963,-20.923310732827556,-31.287182992973676,-20.7182161510393,-20.608722859061654,-20.49543571205296,-21.519325494163226,-23.91556480865946,-29.206653831078476,-61.103420805442994,-231.37515004437645,-96.35863980197682,-21.893927254346412,-29.215987922053742,-23.35404755255415,-21.394281569625075,-20.550603692526053,-20.507755366630846
-20.389006179562983,-20.52509831261524,-20.3832408630751,-22.379630453945687,-30.139777158495622,-20.42622584273444,-22.288555604038056,-44.772908973621014,-60.438102285935905,-20.82308541418355,-20.440140864128683,-20.563997325696413,-20.574732929011592,-20.81284174079033,-31.1949099812613,-20.620523628570837,-20.500640283553995,-20.379648892333503,-21.415712496942895,-23.84016879246581,-29.322393971681162,-60.715803457310685,-234.37446825455297,-96.00610185106294,-21.79231502641223,-29.280357502778664,-23.316104760938984,-21.283573327688483,-20.43080210786461,-20.385369990392455
-20.716712256476853,-20.846489695195928,-20.716180623508397,-22.62728229398573,-30.237561953952113,-20.756732059657157,-22.54084886299062,-44.769784757105874,-59.76893637950879,-21.14251751016329,-20.762052968452444,-20.8854337145416,-20.889103893180845,-21.115961064877265,-31.225791365768423,-20.922873354489226,-20.81832865413181,-20.706719471841144,-21.706612703132457,-24.052094900254612,-29.35700268248639,-60.087225737376016,-229.8624605411956,-94.90441892133921,-22.065009902274763,-29.299028261916735,-23.53404637256009,-21.580890052455235,-20.75898339570596,-20.71797369078929
-21.209507760700276,-21.32888666108434,-21.218249528358232,-22.996248270398887,-30.41311865331832,-21.254704369434112,-22.9169275442136,-44.89503862450872,-58.83523109722431,-21.624314060012264,-21.245427292525644,-21.36832381937219,-21.359587055982615,-21.568656363328984,-31.28155717076981,-21.37220304664728,-21.29463247236682,-21.198245739940404,-22.142621253811363,-24.369868555110774,-29.403136337059927,-59.223403271554886,-223.6335241106598,-93.51067710788298,-22.47128078886163,-29.325077401609917,-23.856113939268496,-22.027312282732726,-21.252987871966035,-21.21946905364889
-19.69988673861237,-19.842850103393257,-19.687727938271617,-21.759560762260307,-29.8929827525318,-19.737131008175716,-21.713580066668182,-44.896704193027816,-62.52425233181599,-20.17075378324096,-19.757840452053816,-19.890779895977666,-19.904483629991326,-20.177907976408473,-31.300807363735203,-19.964647022308288,-19.82182913408487,-19.6884764854941,-20.80438633061286,-23.397480170842478,-29.048164011161205,-63.21497596456689,-242.03109038116895,-99.81039690758328,-21.22766547432817,-29.144057261352433,-22.793868124959356,-20.666530940362758,-19.74361910322908,-19.690698144725403
-21.92847254378171,-22.03736604558409,-21.948269786856223,-23.611749498536838,-30.75841166177404,-21.977234874556732,-23.50469280806949,-45.20329198860274,-57.180191877760954,-22.31413367047227,-21.954395978762335,-22.070792384313897,-22.05163009465821,-22.225897551150624,-31.287124907084088,-22.039669494937296,-21.99783852916356,-21.91812144403884,-22.781911783952598,-24.839806531583907,-29.662493857062834,-57.28469810892275,-217.33067542931852,-90.75996962584983,-23.060184928386786,-29.483357343288287,-24.384575347008855,-22.674878849585735,-21.971807827534676,-21.948385167396417
-20.711620741361042,-20.84071190108649,-20.711553165273788,-22.611583465854043,-30.228053062353954,-20.752293148745995,-22.531167303132936,-44.775025572420915,-59.84410627449283,-21.13969841604046,-20.75640407129048,-20.88070956760877,-20.883105389885067,-21.11139453591249,-31.241250341789794,-20.915756586899832,-20.81206462208663,-20.7012252913245,-21.70177315023917,-24.048111171700267,-29.330096118670284,-60.21935480609224,-229.64798768000398,-95.07398175681209,-22.061287100786654,-29.284163414669216,-23.52221380846975,-21.57694376937622,-20.754223470444153,-20.71337179164182
-20.764135335967826,-20.890764555827804,-20.765999408489396,-22.630688413771033,-30.235555841553694,-20.806563667080354,-22.561367550358263,-44.800465500780696,-59.855984508645975,-21.194794313346126,-20.806829968137095,-20.932613299711438,-20.931318452638614,-21.159875310006047,-31.274105126622118,-20.959460717645538,-20.860525523173177,-20.752886823826582,-21.747605006320082,-24.08145165134525,-29.289107676088296,-60.33867640074999,-228.51792074637098,-95.19263996252414,-22.10533739546153,-29.260623279079034,-23.5417720673173,-21.625629274911706,-20.80745552320146,-20.767794524766142
-20.050685978309584,-20.185410462342354,-20.04481033369001,-21.999843865698132,-29.983493099939267,-20.09213237376557,-21.97147359367161,-44.8638040755096,-61.90630941402659,-20.517293869006053,-20.10148092792684,-20.235447921960567,-20.239305482810256,-20.503828721452628,-31.357356343095255,-20.284880019635064,-20.159363216033267,-20.037738452796887,-21.11456639786454,-23.62720356424782,-29.019680657244155,-62.77456299007019,-236.41399538244553,-98.87132866310384,-21.520750882498834,-29.117617832398654,-23.007294321336243,-20.985858980153875,-20.095509293633956,-20.047515233690817
-20.04450283736011,-20.17880358845164,-20.03890315082766,-21.986902275165424,-29.98172871643034,-20.086395893026637,-21.962967813796602,-44.875939820145476,-61.975403750364805,-20.513026169254157,-20.0950095887123,-20.229591010147356,-20.232615463819975,-20.498385837829524,-31.370347889783826,-20.2775335947728,-20.15245250807121,-20.031269697593764,-21.108981769294253,-23.624669734349194,-29.00058391844223,-62.88752116110619,-236.3653381425819,-99.02194771277367,-21.516215640446852,-29.106501913007342,-22.997315758005076,-20.980878156678568,-20.089567751760445,-20.04163166810149
-20.142715647473725,-20.27613478444877,-20.137986164472075,-22.07718530090913,-30.012191236158383,-20.18450222279171,-22.04546291790842,-44.85125696521531,-61.6560528072,-20.6053613487316,-20.192269997690072,-20.32545639746678,-20.328235113004663,-20.58854196468378,-31.349990818476012,-20.371192870418504,-20.249363017629157,-20.129845579385794,-21.19597586001532,-23.685473851223218,-29.044074787537113,-62.4944090529476,-235.26083416861852,-98.43445915956501,-21.596192752617274,-29.12918688938872,-23.072987816657633,-21.068504152501486,-20.187446404103234,-20.14058572959521
-20.95625600196162,-21.087373124545344,-20.955654438727976,-22.90132821538536,-30.409734602402565,-20.993166621897277,-22.77105852588423,-44.81052938357233,-58.833814558615934,-21.36055580016321,-21.002537085849614,-21.11814144819339,-21.127089909393618,-21.336051195611837,-31.133251603385464,-21.161521082160906,-21.06063661473871,-20.94892502504636,-21.92173480259261,-24.220658305309136,-29.588447022557794,-58.74817140725004,-229.30802982188328,-93.0742416760952,-22.259799205683898,-29.42314980380015,-23.758234346871184,-21.793145008656026,-20.996403347844037,-20.957034341381057
-20.551064377758742,-20.677183168601264,-20.55271517742148,-22.400615890189833,-30.150343703412588,-20.595805800508504,-22.36455863237619,-44.86881055487797,-60.70718886053437,-21.000691741019278,-20.593999758407513,-20.725198260920305,-20.720415503898142,-20.964183232710578,-31.353987548036134,-20.74879028810755,-20.64620885930661,-20.53776093396322,-21.556783187969913,-23.947701676146853,-29.110191655372752,-61.51784221079647,-230.05234916814103,-96.89049582582554,-21.931487627051467,-29.15759545889041,-23.34995184247262,-21.43665651786689,-20.596119091975112,-20.554864217123075
-20.51225628562779,-20.639742279533987,-20.512779299910772,-22.379021527363793,-30.135735255765496,-20.55610121284126,-22.338681079471197,-44.84607663204623,-60.736071568074124,-20.961163737034866,-20.55630642739607,-20.68704645391548,-20.684161003396262,-20.928507448288205,-31.339773463221604,-20.71513816555628,-20.6096119190547,-20.49934551345249,-21.522845138916193,-23.92163842641583,-29.125051805977805,-61.5014362994451,-230.66717464500994,-96.88352319413389,-21.89948718671816,-29.16766790291987,-23.330707689063306,-21.401147095749522,-20.556972015947576,-20.51495649279834
-20.418870718800964,-20.545570505950476,-20.41974087086006,-22.270666036698515,-30.108570136802545,-20.46427052741092,-22.249170382047847,-44.908111225680685,-61.17832704700153,-20.87813132971278,-20.462699230131413,-20.59629648372741,-20.590884269621572,-20.842946934114384,-31.3902698591247,-20.620960841911046,-20.51476413561511,-20.404752128358094,-21.439108239365993,-23.866986554253288,-29.029276014693924,-62.13342973145193,-231.34971891588475,-97.7945318072097,-21.823749378253364,-29.111291675852094,-23.240832321905554,-21.31900791448426,-20.464628567535122,-20.42208859894149
-21.643572715088467,-21.757393562303292,-21.658213956770243,-23.376249060359296,-30.617328443578756,-21.690218548320033,-23.276249284016846,-45.03527743545014,-57.77258120693071,-22.03909232840211,-21.67406409929351,-21.79244193423494,-21.77881887403974,-21.96639440261746,-31.272003543967585,-21.778351521629098,-21.7203852688523,-21.633182212707236,-22.529196176609396,-24.654490630463705,-29.577105077004475,-57.952849657491456,-219.81505111389808,-91.67828880509592,-22.827709428604667,-29.429499420835302,-24.181927302120968,-22.418102472179037,-21.68661652400262,-21.658783535269865
-20.690348216863445,-20.822797243438284,-20.687930892687408,-22.64077444199816,-30.25851600788112,-20.72823904306622,-22.536718748403292,-44.76808885092403,-59.64603948618432,-21.110993136113233,-20.737998503441055,-20.858766752452244,-20.866838969040607,-21.09105312857661,-31.178586296011577,-20.905100150905263,-20.79642802476018,-20.68154116462243,-21.683953714460266,-24.038282860838596,-29.427353276438943,-59.80179613843035,-231.1006372601338,-94.58769064855811,-22.041314353991613,-29.33650262682639,-23.539690613560584,-21.55500096194547,-20.731659745638765,-20.6896946974114
-20.326985060238506,-20.462473737677996,-20.321400884011382,-22.30413083482177,-30.099433979943264,-20.365262020198802,-22.227460867442066,-44.77634140410355,-60.726667611807144,-20.767776600941396,-20.377710828991933,-20.50392121560492,-20.512787096580322,-20.756290215431672,-31.23047647943166,-20.55802816871259,-20.437487359479146,-20.31679144555671,-21.360359524280796,-23.798861352887908,-29.25423762953128,-61.136866891858205,-234.50766673562453,-96.57173321515198,-21.742850929320394,-29.24444699923034,-23.255638486577602,-21.22926755812759,-20.369465129014753,-20.323645357062865
-21.274437430798617,-21.40201886609204,-21.277365984152514,-23.18297646020166,-30.569149758278336,-21.311900361192365,-23.037700215539537,-44.88116814755492,-58.04890813665209,-21.66459508389687,-21.317399646946924,-21.42929724128606,-21.43574520368539,-21.62977928770366,-31.126912758250604,-21.462349365501968,-21.37358389411142,-21.267888907931866,-22.20623878331469,-24.436974125136018,-29.720251574118492,-57.8184301595116,-226.49845426215796,-91.66837203242873,-22.523614438516713,-29.498185471996493,-24.000444297193162,-22.080343198234864,-21.31403432714096,-21.278320815272703
-21.230604219333127,-21.359020333454787,-21.232809084606068,-23.149534310407773,-30.554816500647064,-21.267691465102647,-23.003639610225186,-44.87521383272917,-58.132125134614284,-21.621882121603264,-21.274350741263962,-21.386301436768854,-21.393716602995845,-21.589291197310335,-31.121072158173934,-21.42197207880063,-21.331053324160838,-21.22412258024325,-22.16717261547492,-24.408535504094445,-29.71340602800656,-57.898330423563834,-227.05405457376347,-91.80602120452657,-22.4870179139531,-29.493245129726745,-23.970663241190643,-22.040483435631554,-21.270135268162566,-21.233815906614982
-20.321828475359133,-20.45562598660809,-20.31734233303362,-22.272040711891563,-30.081692915703456,-20.36165602448133,-22.210362885113824,-44.787565940496194,-60.90181850261203,-20.768022462033144,-20.37119904022982,-20.499590092813943,-20.505388535959018,-20.752338717606584,-31.27120245764136,-20.547986032899296,-20.429461552720085,-20.310682966110686,-21.355408836747,-23.795767677597393,-29.191947609483364,-61.452952257062464,-233.9228476312058,-96.95892672004331,-21.74056136986495,-29.210311416921268,-23.232836713372073,-21.226509050279954,-20.365083648095396,-20.319646387213094
-20.638518397151323,-20.769608176586292,-20.636836518160834,-22.564797776567225,-30.21038500552607,-20.678032260955806,-22.47907613707814,-44.765909566668185,-59.944449332854674,-21.066864752309726,-20.685080704672092,-20.808836918138546,-20.813860807254507,-21.043816765447872,-31.2227241996584,-20.85025014535169,-20.7421966937531,-20.62856934982185,-21.637170578838546,-24.001310958950757,-29.341139177558414,-60.26972502475893,-230.82676060527837,-95.20007054201002,-22.000266285100693,-29.29034379878016,-23.47978228585715,-21.51017675320788,-20.680753994170733,-20.638718671790812
-20.233958620160415,-20.36970845928393,-20.227916747186296,-22.209686197971514,-30.057902467584007,-20.2728143664336,-22.14474521488273,-44.79006949524715,-61.0633807578771,-20.68162941213871,-20.28507122829411,-20.413314482185278,-20.42143075899152,-20.670938491030338,-31.258709874801795,-20.467624876871003,-20.344724622391617,-20.223127936898305,-21.277607634035345,-23.738843087272016,-29.19285513693609,-61.58274476809113,-235.2481066825431,-97.20938926956597,-21.667327133891717,-29.212038938892807,-23.17759138832475,-21.146618327680894,-20.276979328293233,-20.23029884727521
-20.86297338396977,-20.9849136238805,-20.868685050188766,-22.669401041296105,-30.26616186005642,-20.90877294242349,-22.618966938594266,-44.88643428225818,-59.87705261593804,-21.29848408604647,-20.90184385349849,-21.03003455373238,-21.02176298503749,-21.250306671803987,-31.331939086093243,-21.04099055969666,-20.951717765886123,-20.850122767275092,-21.833285960859648,-24.146227978973556,-29.214994787771,-60.55176234763065,-226.6567432685611,-95.45173183561405,-22.18670002200333,-29.215008590544723,-23.578471989485806,-21.716758834519727,-20.90769031338234,-20.870423051654676
-21.3422552552529,-21.460745150287977,-21.352117298454854,-23.122844567329714,-30.477339550598792,-21.387164647790136,-23.032203549749646,-44.912801756453554,-58.447462064726906,-21.74917264286802,-21.377154757898406,-21.497907809150096,-21.48910907496759,-21.690725551512518,-31.264838751733674,-21.499313318532828,-21.426170988730867,-21.331652627657146,-22.261437021111785,-24.457680851166252,-29.479778306977266,-58.72311966791385,-222.61578234109453,-92.78490611676065,-22.580629034360403,-29.37031322269948,-23.963909101749536,-22.14645344683064,-21.385242569723506,-21.353132231894556
-19.977590905857223,-20.124022738968442,-19.964544794435934,-22.116539126752723,-30.09712289811231,-20.009515437951404,-21.992340177415404,-44.9154861319368,-61.07157067859458,-20.41488968242572,-20.038023384354002,-20.158696909171823,-20.182300872371485,-20.428015597349685,-31.092434507993033,-20.245208820580245,-20.10557092158479,-19.970361058431813,-21.04950481558917,-23.57948497565053,-29.3804649776565,-61.06979237506236,-241.99472506670324,-97.05780611900524,-21.442483339150204,-29.307356981998588,-23.07026835993941,-20.90616987587352,-20.017947194862522,-19.966958686693282
-20.29939392141467,-20.438491400468795,-20.291502272289055,-22.333864946260757,-30.13827521333747,-20.334773400087133,-22.229580496007284,-44.79716769395513,-60.509765605716055,-20.732073974514964,-20.35320454067228,-20.47543663512223,-20.49034186852933,-20.72888237298054,-31.1560771458009,-20.541149081360075,-20.41588748859456,-20.29089900154263,-21.336172374993254,-23.784099320086572,-29.359914865065356,-60.67064641348775,-236.29910481096323,-96.08159842401605,-21.71550043832632,-29.299318888353717,-23.270534456804633,-21.2006525428759,-20.340542167344424,-20.293675603542443
-20.10871240851845,-20.247370005354277,-20.100437173387743,-22.123687497478873,-30.028591841118768,-20.146090694691413,-22.052380756472353,-44.80327617571051,-61.280974794439466,-20.558046861333636,-20.162413095053722,-20.29022108547633,-20.301850762714746,-20.55457176802612,-31.236901202764194,-20.353231249729298,-20.224148784983207,-20.09840569857058,-21.166608381520003,-23.657778824186412,-29.20023645735688,-61.74055803830709,-237.25741666117528,-97.54825807858597,-21.56237807242583,-29.21762970764724,-23.10043027713531,-21.032467254341036,-20.15135536214513,-20.10292069453188
-21.254875321902382,-21.37123145566612,-21.266196409744307,-23.004614819637425,-30.427728253967874,-21.302391151660675,-22.93791091210536,-44.97003003718899,-58.89843578067769,-21.673714600595908,-21.288386933428594,-21.413018224375055,-21.39958630460908,-21.60917588398682,-31.318096281934412,-21.40624410784071,-21.335103790990903,-21.242480148475124,-22.180937340223394,-24.397910118111778,-29.346321580213512,-59.41613092502028,-222.68533190358517,-93.79489556799027,-22.507299013839166,-29.290320644228238,-23.864453961814608,-22.069141570299045,-21.299377799835014,-21.267387122039345
-21.298254335832077,-21.413908621608353,-21.310283619791097,-23.0408380541893,-30.44672479514771,-21.346039482788925,-22.972773655385065,-44.985598695172115,-58.79847024678271,-21.715457329946304,-21.331111334655283,-21.455409771116422,-21.441250624858267,-21.648805042157065,-31.31828780233475,-21.44632194591421,-21.377411074308437,-21.28587363887571,-22.21936999593138,-24.42585359213066,-29.359105881413658,-59.303009477928356,-222.25682393578,-93.63333393764692,-22.54271192906277,-29.297793224752652,-23.89541118454276,-22.108184448969926,-21.342773473262827,-21.311411884133346
-20.54598310027996,-20.67413885870839,-20.546103936062874,-22.423835319431937,-30.148702919036914,-20.58892285289232,-22.373815130190344,-44.81944536602944,-60.54539728613058,-20.99011213201423,-20.59042570808927,-20.719703932014568,-20.718407740466283,-20.959385441036105,-31.31415338594806,-20.750370644590678,-20.644522469125985,-20.533710734503117,-21.553286043361904,-23.941680646480755,-29.172513443110454,-61.21449836765768,-230.54909084172886,-96.47920909381136,-21.926686917518328,-29.195376602647354,-23.367346418955318,-21.430525137175074,-20.590154770788153,-20.54820997519135
-21.001686470725183,-21.127772347520608,-21.004682380849104,-22.872325500653215,-30.354617195737752,-21.04261787279843,-22.774586171132487,-44.7975527713393,-59.05276290167349,-21.41532325813254,-21.043479086690144,-21.16417019063291,-21.164763987582397,-21.378463105467837,-31.21746637873718,-21.190616960860275,-21.097656012759675,-20.9921261529923,-21.96028422072054,-24.239089694112543,-29.455191545870008,-59.26237890810256,-226.88921932125072,-93.64673847193333,-22.30018456144541,-29.354171773217224,-23.744389268204483,-21.837739191765195,-21.0436403983689,-21.006109766121284
-20.106818406288173,-20.24587621126646,-20.0982916623265,-22.12826178569241,-30.032346252154912,-20.143861473851032,-22.053644791434117,-44.80379981061088,-61.25025088054227,-20.555103611402185,-20.160849325486538,-20.28819220089614,-20.300508588531486,-20.552564949396775,-31.227778113906297,-20.352495388336763,-20.222923593869137,-20.09671269526093,-21.16494348960555,-23.656529806841494,-29.212964158118908,-61.67946815261686,-237.43683866341937,-97.48071337305707,-21.560241648156882,-29.224401870882915,-23.103125607100164,-21.030299673730852,-20.149302291702966,-20.100764707424627
-20.1954407691418,-20.334865595381135,-20.18699033794527,-22.22868094589278,-30.08376442762606,-20.231405455773547,-22.13714233157576,-44.79830235641334,-60.872233130565576,-20.635421456994596,-20.24964679911683,-20.37418852822645,-20.3883258046701,-20.63342047085194,-31.18525709630423,-20.440289253445307,-20.31231060982685,-20.186267952028384,-21.24369877917956,-23.714770149019852,-29.29282331810501,-61.1478556616881,-237.0404074333831,-96.75817245742495,-21.631059960738437,-29.265306264151477,-23.183899717285264,-21.108207196008152,-20.23715460789759,-20.189313587019644
-21.040197059457526,-21.16400018551583,-21.044997772824008,-22.879845620788796,-30.353428862106234,-21.082840202474323,-22.7932593249444,-44.82110294022971,-59.09238242771072,-21.45676583131525,-21.080025383662978,-21.202330503762717,-21.19936387016554,-21.413752211259435,-31.248902517587517,-21.220993603922086,-21.132388920197986,-21.02977930523941,-21.993534952951617,-24.26167764069946,-29.410903879047694,-59.40838733796756,-225.89871622921214,-93.81476835569599,-22.332330198398722,-29.32961530152825,-23.753892225244314,-21.87364244941911,-21.08287978145038,-21.046411560465252
-21.578633692683837,-21.697579772027872,-21.5889283956212,-23.37649809562343,-30.62847840368341,-21.621254700621602,-23.253185263039985,-44.951205012376064,-57.65178160347614,-21.96721759127122,-21.613547049578596,-21.728239066024006,-21.72286349345144,-21.90907815137782,-31.210162559764676,-21.732498211193906,-21.663895334113928,-21.570236644564652,-22.475029866970836,-24.6232991988339,-29.682563941913685,-57.60765012598986,-221.68236663553233,-91.19442070421997,-22.77640889511613,-29.488054830818086,-24.17801237622286,-22.358050384567996,-21.61990239546717,-21.589542990359618
-21.50878454687221,-21.629650474171267,-21.51736316805381,-23.330173905635544,-30.608955032052656,-21.550261867692825,-23.2029350767979,-44.92221369897752,-57.74818818213886,-21.897953676267147,-21.545468083371457,-21.65970126660669,-21.6569345305874,-21.845243227956257,-31.19346423064432,-21.670498306855638,-21.597123301507224,-21.500767188790277,-22.4134267146298,-24.580035578560018,-29.687389938316116,-57.66994306640957,-222.67115614874723,-91.30510422991078,-22.71886267592239,-29.488812777872873,-24.1363690140173,-22.294505384972055,-21.549685763924604,-21.518064329293605
-20.761027335455775,-20.89536529620688,-20.757675425834986,-22.745982808222404,-30.342407536457987,-20.79673368733988,-22.616270224473556,-44.804628080104784,-59.25328684896661,-21.171473419094152,-20.81031462667636,-20.926754164922947,-20.93903196009469,-21.15533717534435,-31.11924945980087,-20.979730917584867,-20.87040678986446,-20.75378057921026,-21.74768598082962,-24.09259401219985,-29.54709690889087,-59.1793213559974,-231.72267640371638,-93.80055646120874,-22.096915170272727,-29.39810533595082,-23.621624902039336,-21.61604321463828,-20.801109076247833,-20.759276220100013
-19.8720360951385,-20.017832675369917,-19.85889018542977,-21.99257029413358,-30.0159573791223,-19.90532630501704,-21.891153639522535,-44.8895268379938,-61.53350221207043,-20.319473046821248,-19.932009890348315,-20.056494650897978,-20.077604551268028,-20.332168752989794,-31.14949624499735,-20.1404950460217,-19.99891103597126,-19.86361800668928,-20.956112010996083,-23.506695746274463,-29.27898486586205,-61.7275956108895,-242.1631982673531,-97.91200990459828,-21.359283789761765,-29.259391062091296,-22.972770877879164,-20.813941352102123,-19.913339960087495,-19.861487606612418
-21.31251605671766,-21.432155634472554,-21.3213742566665,-23.1072082540131,-30.469062363738082,-21.356643441774313,-23.013042817939702,-44.890953637433014,-58.46646297361501,-21.71887369523927,-21.348407236063597,-21.468695333696683,-21.461566110222183,-21.663733418958284,-31.25332139466871,-21.474081259755156,-21.398292066566153,-21.302243221398566,-22.235555101989714,-24.439416072576037,-29.492106925257183,-58.707553593826795,-223.10207660094756,-92.76775918649903,-22.55642027338329,-29.377289190402227,-23.949752326377638,-22.119320029920637,-21.35520072295929,-21.32242022680407
-21.396066612697613,-21.522306828408908,-21.400374051854776,-23.291116206242144,-30.634653894175067,-21.433743448291203,-23.14006732512368,-44.92009890579042,-57.757429544929515,-21.78086351388022,-21.437782197289536,-21.54822393011974,-21.553705153744087,-21.74199869284728,-31.126242125695278,-21.577262772388877,-21.493253293181546,-21.38983590280561,-22.315132683638478,-24.520464179766215,-29.77282397215823,-57.470458173174606,-225.51087557530266,-91.14809698436903,-22.624517829885217,-29.528676416643535,-24.093596503844584,-22.190195920838057,-21.4354586775477,-21.40115961133221
-20.624418976723195,-20.756017546588712,-20.62234715969634,-22.557749727751176,-30.208736182358898,-20.66360158997601,-22.46996441726851,-44.76459109612645,-59.95334363099019,-21.0524724190164,-20.671428832969124,-20.79492278935952,-20.80067158729152,-21.030727689811012,-31.216455146533498,-20.837972517841727,-20.72892973618942,-20.614621781511694,-21.624740047396443,-23.99242886774933,-29.34757920389977,-60.259423494298474,-231.10798667000049,-95.20119690264933,-21.98835904329533,-29.29383411927963,-23.472939040004725,-21.497172208800023,-20.666531559819713,-20.624237794285794
-20.751892760043052,-20.88555349096389,-20.748922728672547,-22.725329498940074,-30.320949057174467,-20.78824479679497,-22.602572823659234,-44.79072545395947,-59.335844663933024,-21.1647387850349,-20.800569018252165,-20.918161663661785,-20.92913304229108,-21.147207705343,-31.13578372055366,-20.96887373486196,-20.860126757319513,-20.74422048345854,-21.739350080231276,-24.083999016058435,-29.51660650434789,-59.323013908846555,-231.40077936778334,-93.96955479793587,-22.090242383607297,-29.382857311062853,-23.606436262135613,-21.60859332976559,-20.79230525920775,-20.75055669841467
-20.70394027189725,-20.829312736078844,-20.706568984318665,-22.549961639378427,-30.205685672875255,-20.748016397479134,-22.49790957260546,-44.83860144291185,-60.18562708970571,-21.14295976588346,-20.74583506688911,-20.87430860432591,-20.870090876298388,-21.104541473202474,-31.317358972960673,-20.896346412119165,-20.798107315601747,-20.691532575602412,-21.693036681153817,-24.043398087522682,-29.20228737729591,-60.83878066107832,-228.63405112942132,-95.89573731622195,-22.056426581489774,-29.21022155600707,-23.475625070676955,-21.57300259199142,-20.74823878976285,-20.708489867451096
-20.833403416686846,-20.951654212663325,-20.841991866560285,-22.592496743885093,-30.272324576489666,-20.882767169168353,-22.56867406137047,-45.02756972815975,-60.29197385754722,-21.28149451223202,-20.869889099553014,-21.00175460284214,-20.986872113460134,-21.222071495719007,-31.40569503166,-20.99940441498173,-20.916134356779395,-20.818432027819025,-21.80396648244191,-24.13400429374159,-29.079866260423344,-61.24825521695679,-226.39026152590702,-96.4860537638217,-22.161123537158176,-29.1294610161751,-23.513863800745213,-21.69243761235553,-20.87999109705939,-20.843848010945944
-21.035871948755215,-21.157228717171122,-21.042535035824518,-22.841642540166486,-30.337756647854693,-21.08073618243674,-22.772140264862454,-44.86636440350037,-59.29507065338355,-21.459110800059854,-21.07377881590251,-21.19867730609762,-21.191396434213935,-21.409286774281846,-31.29294457221595,-21.208626777370636,-21.123953680814225,-21.0241661871396,-21.988012370974992,-24.256969993331822,-29.329778240576204,-59.77980356203058,-225.25416428921912,-94.32570202161043,-22.328682587274155,-29.282313988622107,-23.724118518703815,-21.871223144017424,-21.079654644801376,-21.044003485888187
-20.89115779201869,-21.016041030599514,-20.894693857649607,-22.73895980239613,-30.285542276125447,-20.93407658993941,-22.664792604745287,-44.813257417713515,-59.536151144207366,-21.316473259630083,-20.932175497826993,-21.056833321407517,-21.054003068888203,-21.276658498119435,-31.269890632613667,-21.078382748022214,-20.98486129287499,-20.88005895978163,-21.86044631556908,-24.163777993625203,-29.330177724018498,-59.972695619934484,-227.15552193525406,-94.63944725681866,-22.20980753899247,-29.28351693669344,-23.63447239069782,-21.74000403793353,-20.934374729583595,-20.896324943846885
-20.956332754834612,-21.086290857938828,-20.95648798937947,-22.883184847776217,-30.385837515730778,-20.99423875629119,-22.76213045036914,-44.796375924305124,-58.91797301664431,-21.363514924411902,-21.00155971044896,-21.11867260397523,-21.125571407160812,-21.336375377253695,-31.155765960905356,-21.1581630426395,-21.058761753836944,-20.948403442218392,-21.92137834034771,-24.21694131129521,-29.549097541845512,-58.91419218808159,-228.73299738401766,-93.26326053685888,-22.260830038161288,-29.403287361709573,-23.745946975683992,-21.794232739146704,-20.996952979412757,-20.95789695140307
-20.85931808060195,-20.981593895785092,-20.8647570957576,-22.670029559304826,-30.264610702726536,-20.904847192270662,-22.6178920900507,-44.877876298862745,-59.863199204604186,-21.29421261280863,-20.89844401129556,-21.026406392431827,-21.018670381248747,-21.24701299308038,-31.326999917920745,-21.038530736143123,-20.948610432630918,-20.84660899631103,-21.83024130802285,-24.14366494924895,-29.222695603122954,-60.52024793514428,-226.75158487921922,-95.40721556520992,-22.183748458259362,-29.21981299655686,-23.578816957451217,-21.713304003026227,-20.90391055108608,-20.8664942783404
-20.087694002108687,-20.22325162233902,-20.081353548133666,-22.051777017325126,-29.997418863953783,-20.128037672446464,-22.01075316547797,-44.83362431536653,-61.66916795180686,-20.548398641686614,-20.13900217578027,-20.271121261234256,-20.276954047594018,-20.537222162584833,-31.32141675187815,-20.32366791722257,-20.197852337309136,-20.07552010759965,-21.14758635310525,-23.647707792848752,-29.076052887347494,-62.414542578187515,-236.32281305162587,-98.38196482064711,-21.5496091311993,-29.149342960160546,-23.04848241592369,-21.01757303987633,-20.1318613886699,-20.083972491473162
-20.363431996280298,-20.504412484681843,-20.35473279332123,-22.433812893561104,-30.222446330550397,-20.396733628537326,-22.302885466838227,-44.84586122283536,-60.11943545144213,-20.786110348481035,-20.418863131745443,-20.536760304102938,-20.555785084372356,-20.78626490145863,-31.091070133838024,-20.60875309716537,-20.483091964628265,-20.356442399504907,-21.393214785391102,-23.832910439135603,-29.47521281517188,-60.04863758429559,-237.04107898733193,-95.33013773007306,-21.76414603510659,-29.35586387398463,-23.346051046259245,-21.25509568579717,-20.40341372953632,-20.3567466633342
-19.819722245430007,-19.964802864780793,-19.806760024435647,-21.9240964099857,-29.97334229311444,-19.854051768382686,-21.838070096042426,-44.879523510450966,-61.80967857406677,-20.27357522270165,-19.879159196820915,-20.006068871827644,-20.025211582785538,-20.28512081006243,-31.189932423952712,-20.087531133410508,-19.945372285302426,-19.810488518812154,-20.909962547556223,-23.471597781847304,-29.214077506035856,-62.13843972802195,-242.09831816159758,-98.43160668563729,-21.318983966226924,-29.227964235119476,-22.920091670125462,-20.768883396950535,-19.861677463312294,-19.809464114075382
-20.354034726673486,-20.487360440197467,-20.349962191281254,-22.298774928037222,-30.09251839554959,-20.394001951125347,-22.23621038255539,-44.78540253663293,-60.82002767690844,-20.798955707966233,-20.40296036089655,-20.53111047019295,-20.536489633688173,-20.782042338629235,-31.270131169100186,-20.578145557191,-20.460932140133714,-20.34290603465815,-21.383974589533455,-23.816513330778616,-29.200194600455887,-61.36308638618921,-233.52812586634832,-96.81659394582121,-21.767113915099234,-29.214477360013312,-23.25576162847132,-21.255523883034343,-20.397269444354837,-20.352229568931563
-21.267777887279586,-21.387333370232657,-21.276560412553685,-23.05935565421958,-30.444009875445797,-21.312342311534394,-22.971447158957307,-44.890471802160604,-58.623160138709885,-21.677706558597617,-21.303696192517382,-21.425098829738328,-21.417321689864814,-21.622443386459707,-31.26487014234049,-21.429937426984303,-21.353316126696768,-21.257090078864465,-22.19520337727749,-24.409001983301568,-29.454268863096118,-58.9260043736075,-223.32821472435188,-93.0816671078274,-22.519442619423938,-29.355163654030065,-23.909369553378347,-22.07933387268637,-21.310793618409186,-21.27768134739391
-20.982963586301768,-21.104770933744096,-20.989120159749376,-22.792539482115536,-30.315259049711024,-21.027866800017676,-22.727051138968942,-44.863620379166335,-59.449338150789984,-21.409194422858324,-21.02136183389532,-21.147014942936462,-21.139905246725522,-21.36068254458325,-31.299583559769264,-21.158248218742052,-21.07169660269408,-20.97104688997626,-21.94082700845956,-24.22273056541504,-29.303025573020257,-59.973599373840685,-225.72903026445047,-94.60945672763104,-22.285236164019054,-29.266786181340905,-23.68238446077034,-21.823770943344613,-21.026908624832252,-20.99066603022396
-19.98697288043958,-20.13834447711216,-19.971815914835403,-22.213381217407587,-30.262591733316036,-20.015115316083005,-22.03957259090537,-45.12497565541661,-60.639806533536145,-20.410820407193718,-20.051765823682455,-20.16487448714713,-20.196972611911757,-20.431303311241948,-30.967957599219574,-20.265433861505663,-20.12239488667222,-19.98232170678026,-21.05641680864075,-23.604304812464726,-29.564106807094888,-60.238733400924175,-245.36941514649365,-96.30649115351716,-21.438550333000695,-29.387366479373796,-23.12869682968492,-20.907090602699405,-20.02550760405447,-19.974038553279662
-20.73529263736239,-20.860038252064673,-20.738483466757117,-22.574069250898905,-30.217278954350782,-20.779663005812335,-22.52207331129982,-44.845541281890966,-60.12076475814929,-21.17349661480669,-20.77662651373521,-20.905006679133916,-20.900076777006213,-21.133318080152026,-31.31941774580602,-20.925051172072315,-20.82847011647899,-20.722821280013243,-21.720728439003985,-24.06364369297161,-29.206105579154066,-60.775403130344515,-228.24629876296416,-95.79699122139823,-22.082154828923347,-29.21195828838563,-23.49638199462697,-21.601326085652655,-20.779650746973978,-20.740368212718966
-21.013959734199208,-21.138383653799046,-21.01821418223426,-22.861150564991004,-30.34459699985336,-21.05626626363528,-22.77371114816146,-44.81321632833331,-59.13661567484918,-21.430940426997108,-21.054346515551178,-21.176602533469335,-21.174417288685525,-21.389662843647123,-31.244631532807055,-21.197297144047987,-21.107143401312836,-21.003643626747255,-21.970355353244287,-24.244848568882507,-29.410521732899028,-59.44441443517685,-226.24934658733235,-93.87548360958992,-22.310685763303344,-29.329338709852355,-23.737435891300912,-21.849826842241164,-21.056548358411803,-21.019657504284766
-21.01510598297789,-21.13829174505669,-21.02029632943408,-22.844919975843727,-30.336158256508728,-21.058507559106516,-22.765928922666653,-44.83149919160634,-59.22762186402922,-21.435207203946426,-21.054490987066686,-21.17803426303974,-21.173694833620665,-21.390550244346088,-31.266509323083987,-21.194361101000926,-21.106206124326498,-21.00416283019357,-21.970610937020403,-24.244337561802496,-29.371583517768343,-59.61772161667407,-225.86856627872947,-94.10730935503621,-22.31174136566704,-29.307030090831383,-23.725259511162026,-21.851632084881647,-21.058226142046703,-21.021763100074388
-20.134962808579953,-20.27302462835415,-20.12714042055982,-22.141845832922193,-30.034511638106405,-20.172636519315823,-22.071816867989767,-44.79941501354351,-61.23414754431518,-20.583913175620935,-20.18813174786069,-20.316020776107706,-20.3269397989447,-20.57898017774457,-31.241244030798224,-20.377267781942116,-20.24944449885284,-20.124553040292827,-21.18988691668726,-23.674749166930788,-29.19900138272869,-61.70556573998989,-236.83411814164654,-97.47353175276547,-21.584396453594614,-29.216650387618483,-23.11673040298949,-21.05638982632958,-20.177677767284084,-20.12960279907195
-20.27915322287002,-20.420592405218457,-20.269873464400483,-22.351857251162333,-30.175572401456936,-20.312740017530707,-22.229211497479252,-44.83815849977469,-60.38464955896393,-20.70696043742327,-20.335030197311962,-20.45456936968897,-20.47333452095831,-20.708629710221377,-31.10786103812943,-20.5275381844313,-20.39945296405496,-20.271728082920827,-21.318138191582825,-23.775313683804406,-29.427697200425843,-60.386863880789136,-237.66464461791946,-95.81794890268144,-21.695202981101932,-29.33221341994406,-23.277913426303577,-21.179794530132334,-20.319494910835104,-20.272001221646
-20.28839727743958,-20.415722559341432,-20.288471759630816,-22.14317201465665,-30.07259784910859,-20.334423406999786,-22.135945564980474,-44.95542855228896,-61.65199542275668,-20.757271690810708,-20.333179307875223,-20.46908046227334,-20.46310911419948,-20.72341769660451,-31.42814532392175,-20.494944348404026,-20.385124954772376,-20.27349405673644,-21.323160513367775,-23.789013617832218,-28.951768358330142,-62.74933317176944,-232.7148440537322,-98.70227560259923,-21.71767734256453,-29.067051773543128,-23.13390495270275,-21.203044870283083,-20.334844452274655,-20.291014459333446
-20.82363073093083,-20.946890397611636,-20.828206345490226,-22.64601066593814,-30.250854988896513,-20.868580027612282,-22.592135714706686,-44.86046327295503,-59.91481201627444,-21.258737995888698,-20.863592026920394,-20.99142216347854,-20.984966977046273,-21.214362965426677,-31.319855047851036,-21.006804075693246,-20.91449191239032,-20.81112938592368,-21.79891488582844,-24.120455061040985,-29.226356032692777,-60.55297417117874,-227.23335249073054,-95.46085803467868,-22.154557102586253,-29.222676329154297,-23.557960159669037,-21.680920431442622,-20.86803321744232,-20.829980983303575
-20.806575093742133,-20.934776357441617,-20.807432741858495,-22.698286124069803,-30.269031570969254,-20.847242220818806,-22.611431041892118,-44.77801772493811,-59.57366178478303,-21.229628852118875,-20.85045391081706,-20.973469299061502,-20.975454347309118,-21.19880986273597,-31.230735681019016,-21.006059097599174,-20.90570905949384,-20.796500398348435,-21.786384183892945,-24.11040784979409,-29.373644009532303,-59.88763990632888,-228.75289965870024,-94.5812152666758,-22.139383653908464,-29.308287651544397,-23.595811524752,-21.6621958069065,-20.848919872265714,-20.80912262369867
-21.726208562944446,-21.838447779582797,-21.742450832831363,-23.442389763041497,-30.656109910841895,-21.77360158212102,-23.34132911486968,-45.08311270478272,-57.60921420013173,-22.11924062070873,-21.755252393450984,-21.8732169074695,-21.85773306572894,-22.041650784446595,-31.278340106214397,-21.8536768299306,-21.800595906635568,-21.715745086674346,-22.602346536266634,-24.707883875743285,-29.596417363057277,-57.77778214426003,-219.02665457185154,-91.43603677585905,-22.89510040901203,-29.441722207043732,-24.23893213895167,-22.49264371197979,-21.769401323001276,-21.742894322507436
-19.48215652058249,-19.63285451298214,-19.46508197952304,-21.661674085485913,-29.895118414709227,-19.514686980148415,-21.574495719845896,-45.00024170101595,-62.62527313636819,-19.947006343167153,-19.546679427168172,-19.674976467972645,-19.699379577745514,-19.97110297769682,-31.185037484821905,-19.77124492250478,-19.61651323410463,-19.473161118741448,-20.610265049533,-23.254695357957527,-29.170477325036394,-62.948377592772914,-247.1906969548267,-99.90124655216994,-21.03725561966987,-29.21123306296493,-22.690460553400996,-20.463404843079843,-19.524180583075093,-19.46808719999005
-20.93674874523041,-21.066902514159803,-20.936703887730122,-22.86551637559455,-30.376277249224746,-20.974641430947376,-22.74559739344455,-44.793373289733694,-58.96958875250995,-21.344877996517408,-20.982163624099705,-21.09953080009371,-21.10654089684344,-21.31830811502662,-31.15696231844905,-21.1395743213975,-21.039465847191188,-20.928760719779536,-21.9038854234423,-24.203725014311548,-29.540416809555555,-58.97655573724019,-228.90606183891592,-93.35661862759504,-22.244640266643337,-29.398454735559035,-23.730855456150504,-21.776595064213474,-20.977413522065174,-20.938139056222205
-20.799576534206608,-20.924494504863763,-20.802818299450635,-22.643609543793698,-30.24400278086489,-20.84323968662573,-22.581634977857203,-44.826550539689165,-59.867037991544265,-21.232085457250246,-20.840853313006395,-20.967596960413328,-20.963736534070875,-21.192421536136468,-31.296193946185216,-20.988675893792312,-20.893159904110213,-20.787732460164037,-21.77839248727854,-24.104396153186947,-29.260819339164122,-60.422915586426114,-227.80173758163264,-95.28857990346305,-22.13475082902518,-29.243706805294913,-23.554529347240834,-21.65840794664557,-20.843408287171226,-20.80459578243504
-20.68382742961661,-20.81306212092501,-20.683573228139846,-22.584461352160087,-30.215328134381345,-20.724607021795915,-22.5068444243104,-44.77596562136202,-59.933859912437086,-21.113708991061596,-20.728781233224698,-20.853598466072945,-20.855905623858728,-21.085829449407814,-31.246898229314183,-20.888956145736472,-20.784457466193945,-20.673276674977828,-21.67697023423272,-24.0298838842723,-29.313529538095224,-60.33573582493134,-229.87490025143555,-95.24299525192788,-22.038513703113697,-29.275006938851213,-23.49943851704157,-21.552099933277333,-20.7265576486832,-20.6854322916285
-21.020155912815955,-21.147910649237584,-21.022031719336372,-22.916726690245476,-30.389213279219746,-21.059468303383053,-22.804046912668912,-44.797220027621464,-58.86493092442469,-21.428170146039726,-21.063370045295922,-21.181618737625755,-21.185380061274863,-21.395430600441074,-31.181677648371824,-21.213953812880753,-21.118997114494416,-21.011610245910116,-21.97770919226028,-24.255521105894857,-29.524949614005486,-58.93534819025325,-227.463527663921,-93.22585176777339,-22.314598428670596,-29.391927957109743,-23.77845662775251,-21.852982942775284,-21.061282041493858,-21.02339182997943
-20.66454899899911,-20.78569742653271,-20.67036033132573,-22.45360358126189,-30.20658102046927,-20.712785524365817,-22.434759121295297,-44.98969973777483,-60.70102387369106,-21.118888658126977,-20.70366177505012,-20.836757884874928,-20.82481997426692,-21.067834085406677,-31.41035876648496,-20.843626961034705,-20.75172741834034,-20.649625128279375,-21.655031020153437,-24.026868681538257,-29.040016845943313,-61.69980902238135,-228.27441956880554,-97.13959284569088,-22.02394853385611,-29.109370349811357,-23.396432173801255,-21.540785331986328,-20.711042032807402,-20.672437766332056
-20.364273877724703,-20.502710316908153,-20.35700265772903,-22.39187126189242,-30.165300287788767,-20.399683341689194,-22.28384557137212,-44.79362939698319,-60.327147642376346,-20.79374197738509,-20.417451200525843,-20.53885674365556,-20.553424719592584,-20.788799877651442,-31.149461723928646,-20.602846746060237,-20.47977612914892,-20.355957810033484,-21.3939232101486,-23.82703709252669,-29.38583567415847,-60.45378546512382,-235.6279229305042,-95.74931411955579,-21.768996370629335,-29.31263044519024,-23.31977600485343,-21.25895362816982,-20.40526193276248,-20.359096989122012
-20.427926712107205,-20.56061462762661,-20.424506893668152,-22.36699606974187,-30.121097364933984,-20.467819335198865,-22.298776627217457,-44.777385450753734,-60.59324872537242,-20.868637119248945,-20.476185738680964,-20.603261279060394,-20.608459940897042,-20.850024195717378,-31.25802713546165,-20.64866600511904,-20.533889580839467,-20.417075216243806,-21.449657731927456,-23.864059030369294,-29.234523005029352,-61.08317921171212,-232.78259100426934,-96.39983572329221,-21.827631924784367,-29.232761464522202,-23.313230183176543,-21.32166186230759,-20.470920866682683,-20.426676455852462
-21.071821485215086,-21.201349055225304,-21.072686106993686,-22.998706917194426,-30.458934986939205,-21.10918830068037,-22.865362316977695,-44.82659038865091,-58.56593088975708,-21.471690936551255,-21.116609481089167,-21.23127866651668,-21.238792065257314,-21.442811338072286,-31.135834416115124,-21.26992525255001,-21.173777775255637,-21.06461276098686,-22.024886790659604,-24.297744015306556,-29.62519281688196,-58.44893759379223,-228.09598264711545,-92.60327056047839,-22.35582282361123,-29.444538195910507,-23.842765945854453,-21.897679594269295,-21.111887816502374,-21.073921721942117
-20.2447603378966,-20.383477772214967,-20.23690007941759,-22.26939991141821,-30.09985054146479,-20.280918880230214,-22.176762792061236,-44.79144648876587,-60.74838896311001,-20.682832630913545,-20.298305435937934,-20.422489019123727,-20.43601591778468,-20.67907327740426,-31.18429577028442,-20.48663274986051,-20.36053388951001,-20.235615375391866,-21.287536115445473,-23.746846927758924,-29.305080666651932,-61.01359544821674,-236.417022690744,-96.53783068534796,-21.671960768011147,-29.271488566512815,-23.21905777337395,-21.15272413998842,-20.286433640341723,-20.239170202206456
-20.459794247731036,-20.58865321641904,-20.459165051681047,-22.34355355970589,-30.11750470440696,-20.502859450400283,-22.300592479275288,-44.83099992261676,-60.816843277850445,-20.909087143582802,-20.505016828586843,-20.635569816521166,-20.634426719770335,-20.880221720485984,-31.329774854861917,-20.668054767858795,-20.55935504962051,-20.447168030415487,-21.47667217567268,-23.887234990839914,-29.130310604340146,-61.553951969900595,-231.42081676866766,-96.98138507241194,-21.856223678805225,-29.172080387926105,-23.299681893729787,-21.353470074239528,-20.50426825008744,-20.461390408565794
-20.64427014584211,-20.780205062724523,-20.639514447900304,-22.64810793672889,-30.29677082484445,-20.67954906890877,-22.521310879128958,-44.80247977045626,-59.53230309578867,-21.059224461915115,-20.695049133777353,-20.812417855305675,-20.82608039979924,-21.04727062199754,-31.118235453513236,-20.869953161005544,-20.75609205195229,-20.636910264376613,-21.643540656481328,-24.01508543220953,-29.512377966634453,-59.48753585739489,-233.04086403522433,-94.29742525854837,-21.99979333057925,-29.378710172799302,-23.536711306124904,-21.510454718947013,-20.68445345152142,-20.641251473899295
-20.776453990963123,-20.90627834127625,-20.776082139087972,-22.691023621746325,-30.271113157680954,-20.815935100394224,-22.595864076191994,-44.769952749430814,-59.5508041390545,-21.19749914845147,-20.821742715837004,-20.94358539428969,-20.948070682569085,-21.17088031622316,-31.207197844021508,-20.981565683005687,-20.878273965248916,-20.766979220407464,-21.760104786211574,-24.092302167561538,-29.404683904324074,-59.787045137951864,-229.536307561323,-94.48169770223723,-22.113770450276377,-29.325132814500137,-23.586845592838518,-21.634025836758482,-20.81830394448596,-20.777779460914804
-20.313412932165832,-20.4499326249183,-20.30712927909047,-22.306318917746644,-30.104986076076017,-20.350899412891653,-22.222786888032473,-44.7774793469508,-60.68525343999794,-20.752311004523982,-20.36501443900381,-20.490272029120266,-20.500792193509238,-20.743310483678673,-31.211443789878214,-20.547700632715404,-20.425626866560364,-20.303659196734063,-21.348435041413723,-23.79043922199299,-29.279862996762425,-61.032278479748335,-235.0181701159827,-96.46608511108802,-21.73056908472564,-29.258189313291574,-23.254981517578795,-21.216095522875897,-20.355544430806283,-20.30936292955394
-20.745392740213333,-20.878826441368094,-20.74254052261045,-22.714782645180975,-30.31179719851898,-20.78199006239362,-22.594830448585032,-44.78600488085884,-59.37567170969949,-21.159305555826418,-20.793868221464287,-20.911933154265462,-20.922423984557824,-21.141316214280508,-31.142294461635675,-20.96186169862346,-20.853234718786634,-20.737549548610197,-21.733474999186985,-24.078775729253216,-29.503741088193024,-59.387770161531805,-231.3122279709979,-94.04974805997976,-22.085190089625,-29.376304708130046,-23.598334465329476,-21.603031819285437,-20.785939173285378,-20.74419095536501
-20.43191293245107,-20.56617080315926,-20.427460358895587,-22.395738061113075,-30.138539008869433,-20.47037695325022,-22.313962726270955,-44.76848898415811,-60.43838744053308,-20.867782635285916,-20.481446264401967,-20.60652366186694,-20.614555553189064,-20.853068451157935,-31.221691396128094,-20.6572476374473,-20.540538528918937,-20.421932878419263,-21.4536164567755,-23.867047214486753,-29.291420782455596,-60.801108392260204,-233.3410002772382,-96.05398863959392,-21.829282133077896,-29.263865279832814,-23.33367074299725,-21.32359986458266,-20.47419734982323,-20.429577757925696
-20.631509221617268,-20.76480427124373,-20.628341782080838,-22.591866138552145,-30.236645346865366,-20.66914687054825,-22.489213036923967,-44.76726607346641,-59.78732005214633,-21.054391735680383,-20.679956287888754,-20.801155649019247,-20.809996529153192,-21.036690781899306,-31.17836794705727,-20.849956958170765,-20.73889824675663,-20.622664343527344,-21.631577802669096,-23.999681694455536,-29.41106884165338,-59.95680094514937,-231.78329689167404,-94.83539708726236,-21.99252797783025,-29.327519226326096,-23.497371653950733,-21.501842885254856,-20.672855342310168,-20.630174430094733
-20.092500126766954,-20.233507574213775,-20.082769612951473,-22.145583959793356,-30.052685637042117,-20.127975777269718,-22.055326282041662,-44.81622088876468,-61.12281282743102,-20.53616558930922,-20.148172589088553,-20.273319048117283,-20.288906970047606,-20.538023493481738,-31.185052280203994,-20.343805273970414,-20.21183354938893,-20.083327112160216,-21.152221928641584,-23.64801000112182,-29.271524855011805,-61.411058452877455,-238.41020893978245,-97.20234497047797,-21.545509965307073,-29.254811700280946,-23.11177439805311,-21.015170510804232,-20.13425848781597,-20.085198662218122
-21.166206067120196,-21.289612641495257,-21.17170590924553,-23.00638649000874,-30.420339183649446,-21.208171801334796,-22.905908082536886,-44.831733087498804,-58.689465080131846,-21.574239033055125,-21.205483762645528,-21.325217346420377,-21.323019650520912,-21.529799187685672,-31.224435967724542,-21.34321688279933,-21.258005850746883,-21.156629920089742,-22.106528384563877,-24.34653616620779,-29.496706213385387,-58.87109258973826,-225.07498871107734,-93.04218212790266,-22.43605048901306,-29.378626116104208,-23.86060283955098,-21.986439635351122,-21.20822695183446,-21.172923688829584
-20.54464573717339,-20.670627924936507,-20.546383037781062,-22.392053205126526,-30.14852739817338,-20.58956823960617,-22.357850564998035,-44.875270639604494,-60.744503715045155,-20.995216907432262,-20.58750676498308,-20.718979053446972,-20.713880810553402,-20.958296406536654,-31.35899987475638,-20.74204682343725,-20.63955284602299,-20.531216280286355,-21.5509743267637,-23.94404702825209,-29.1009560717644,-61.57397684595934,-230.08198790554349,-96.97088973793566,-21.92628374270197,-29.15207132735764,-23.342887791001456,-21.43106557921422,-20.5898090183914,-20.548545764769475
-20.760437718338675,-20.883159101594828,-20.765257596617367,-22.573078571099394,-30.227817355332423,-20.806416197453206,-22.531296388263968,-44.89444000644254,-60.196650982629926,-21.20222012077874,-20.80022300673371,-20.929947982214728,-20.921819191349424,-21.156191373360723,-31.34949188597422,-20.94301123444066,-20.850304477837184,-20.74712928806122,-21.74195504424705,-24.081521816168518,-29.161202864001098,-60.957046172875756,-227.63611013575925,-96.04720140282308,-22.102743180104262,-29.183879612010355,-23.49689211888805,-21.625028733247973,-20.80552704143753,-20.76714588308383
-20.861657711708435,-20.983842369366403,-20.867174438861852,-22.671256925476854,-30.265536976411127,-20.907248796167664,-22.61940415118282,-44.87981554045429,-59.861976207538945,-21.296610212541914,-20.900709637439824,-21.028704745130156,-21.020838875478947,-21.24914674117236,-31.327940388383276,-21.040520397134898,-20.95080334613456,-20.84892141758705,-21.832275954701668,-24.145206758306138,-29.22163075180749,-60.522027721414126,-226.71504697613153,-95.40937776073852,-22.185656301721764,-29.219116731390066,-23.5799037331766,-21.715442116975606,-20.906274563501945,-20.868909668331042
-21.07292416083681,-21.191965713854376,-21.081530022445918,-22.84986656945121,-30.350465249260495,-21.11954955477033,-22.790228790729742,-44.921002598935715,-59.34090619163875,-21.499254955480982,-21.108992506153868,-21.23521174396816,-21.22436181585934,-21.44269119742829,-31.322033105540598,-21.237098381399957,-21.157245275698237,-21.060354079765947,-22.019548856665118,-24.280809702299248,-29.286699059758014,-59.927151579441926,-224.494619211853,-94.53456229948802,-22.35851957732458,-29.25573123486939,-23.73230803103936,-21.90547391251756,-21.11747751131393,-21.082979108936396
-20.241943424382892,-20.381869895426874,-20.233365235516466,-22.28659883950553,-30.11937520062773,-20.27709230482051,-22.1834388159768,-44.804803469450164,-60.651522918812034,-20.67679968300973,-20.29652575009742,-20.419160506007263,-20.43478954036849,-20.67565892266189,-31.156491730827945,-20.48716336420669,-20.3597183340082,-20.233419502847063,-21.285061235138336,-23.746584305308552,-29.345778570546866,-60.82338959234826,-237.0250769622614,-96.33458850429224,-21.667761923875474,-29.292042226425142,-23.22959006345011,-21.14874640266345,-20.283135711239204,-20.235600108618602
-20.490822310425106,-20.628721695498346,-20.484333390033303,-22.51751746716874,-30.236035743058977,-20.52566673017115,-22.395672075405255,-44.8043974826425,-59.91507877788785,-20.912086760411906,-20.543437754828393,-20.662206520714467,-20.677424263080752,-20.905247963483397,-31.12100842798438,-20.72520796686465,-20.605636828503513,-20.483249181837454,-21.506724218577002,-23.913154929600893,-29.463404526387137,-59.917930576683375,-234.750476978412,-94.98464351386622,-21.872350535969346,-29.352220998208637,-23.42400494272144,-21.371880096507645,-20.531202375231903,-20.48624908377729
-20.90982177388078,-21.039096667913952,-20.910272593995167,-22.823431250207406,-30.343258417692475,-20.94869453580116,-22.714100939702067,-44.782612724693806,-59.127311744584304,-21.32218492063408,-20.95447773256197,-21.073640936319748,-21.078771700626476,-21.2936751450154,-31.18109218855804,-21.110549424230253,-21.010994991849778,-20.901157412371475,-21.879385621847582,-24.18258001567471,-29.489703207232516,-59.23082281819623,-228.62593257625227,-93.68367173459954,-22.223236428785555,-29.371691197242235,-23.697840874941505,-21.753327908253237,-20.95102580788122,-20.911772254784974
-20.82629506148156,-20.955920714156502,-20.826223881176197,-22.740598624489518,-30.297428388426923,-20.865540645977283,-22.640059308495726,-44.773209056786186,-59.39044839354982,-21.24405141421874,-20.871348245270347,-20.992185150107176,-20.99692623610883,-21.21675843425627,-31.196977124522043,-21.02979382401823,-20.927883449308236,-20.817126946800876,-21.804664383272733,-24.12585341021966,-29.43658437200741,-59.57621392831014,-229.18855194904245,-94.17902857036223,-22.154649057466408,-29.34260073110979,-23.62837125151442,-21.67858675766383,-20.867898776353652,-20.827847307132703
-20.194532581520487,-20.335194121408414,-20.185363130243502,-22.24848680724953,-30.10499627550461,-20.22945019207415,-22.14577532241989,-44.81267553699432,-60.76458442562726,-20.631044100200942,-20.249794765657235,-20.372692113846917,-20.389004764260868,-20.63168884112374,-31.15573218264781,-20.442734312753263,-20.31344859426924,-20.186012155827385,-21.242888211133327,-23.715736379610057,-29.33608547236768,-60.94127674684937,-237.65603379309368,-96.5355882284521,-21.628278374255096,-29.287091512112553,-23.19638218355762,-21.105851178663286,-20.23574172106344,-20.187646610469947
-20.069602107968297,-20.21316557824262,-20.058376350409922,-22.16484203022136,-30.088222761499225,-20.10311782540751,-22.054077647887787,-44.855317534944625,-60.97790177686679,-20.507736534932324,-20.1274805760707,-20.249721167242313,-20.26951569617381,-20.51492740538644,-31.13014475695878,-20.328068604603345,-20.193090710223466,-20.061604699738815,-21.131667644955865,-23.63615934186142,-29.345910141004545,-61.08737714710355,-239.86806473901572,-96.89996432069351,-21.52235032738462,-29.29153851588971,-23.119302905476932,-20.99151951309878,-20.110474060317937,-20.060752062089627
-20.628123949331517,-20.75956412010486,-20.626171021583342,-22.559216030675998,-30.208856137940195,-20.667415349629852,-22.472174153033944,-44.76496044958998,-59.95308135915387,-21.056322520579336,-20.674995414000698,-20.79858865409964,-20.804103242158963,-21.03417514812,-31.218627928944585,-20.84112505326274,-20.73237418652306,-20.61827378978657,-21.6279989886512,-23.9947351065606,-29.3450417725483,-60.26606907173364,-231.0240970391067,-95.2056131620723,-21.99151077086897,-29.292462815414282,-23.474470957152516,-21.500613180773207,-20.67027940895069,-20.628060117181956
-19.957032321677666,-20.10362706737799,-19.94382269237515,-22.097438291335035,-30.08756443706676,-19.98898861179664,-21.974837159916106,-44.9167617193085,-61.13457921267468,-20.395471963874595,-20.017619088937483,-20.138625919966454,-20.162246579372855,-20.409046426890267,-31.095977942855157,-20.22551396817388,-20.085254289014692,-19.949723258504886,-21.031236845339652,-23.565732643737057,-29.371059406359258,-61.146784817857906,-242.1894626608977,-97.1730848662389,-21.425632637457824,-29.302899224130414,-23.054297493124437,-20.887776102252698,-19.997459582891235,-19.946261829904472
-20.333733253065944,-20.47429172546615,-20.325145015793346,-22.3950233316958,-30.191408807179283,-20.367613139899575,-22.27234519058399,-44.828430877394524,-60.26020769348902,-20.759767088926917,-20.388800114108033,-20.508098595363553,-20.526012080464945,-20.759337670902347,-31.110408443517276,-20.578625738875978,-20.45267327820374,-20.3262858564208,-21.366765025799253,-23.810907743759557,-29.437725950738553,-60.26052310344371,-236.9194557447825,-95.5953981501615,-21.74085488459653,-29.33766242987364,-23.315864616274975,-21.229288341956295,-20.374069527349697,-20.327218110260947
-20.913707075781275,-21.041168962777054,-20.915431843854535,-22.80008282668692,-30.3202078939185,-20.954142366984303,-22.70407680040174,-44.78447612410426,-59.2530358557235,-21.33046846076719,-20.956794958332335,-21.078045112952708,-21.08001774134085,-21.29743818722839,-31.214993837079273,-21.108743770474387,-21.011816523045027,-20.90413286743245,-21.882051520309382,-24.18158584685444,-29.43211810712037,-59.47993019978957,-227.87261701890304,-93.98570691334147,-22.22746256146555,-29.340872859653302,-23.681839225726666,-21.7582425556906,-20.955653854538074,-20.916968712302133
-21.134542916405575,-21.26291057693234,-21.136411825780215,-23.047035186117565,-30.47983449265649,-21.17241625468334,-22.914286481217957,-44.8335781838216,-58.44233489134298,-21.53272541355643,-21.178244898320163,-21.292788348057485,-21.29898933544782,-21.500759023202217,-31.142973934108316,-21.327831339780815,-21.234684010714023,-21.12725082999703,-22.080754073861094,-24.338534855979816,-29.635543016888096,-58.328227840335245,-227.30419710807874,-92.39758842465082,-22.40812653956106,-29.4514848887626,-23.885576703120964,-21.95465771753117,-21.174688347034206,-21.13757451219205
-20.3681251668688,-20.500254711435307,-20.36491292341012,-22.29536152010795,-30.09141311123726,-20.409043913152313,-22.240414435210056,-44.79698087549194,-60.87536830369121,-20.815419360749544,-20.41607963964722,-20.54526458084884,-20.548708855086215,-20.79538589268739,-31.291869523298192,-20.58833457259632,-20.47302597711432,-20.356472812277456,-21.39618173010712,-23.826245126168022,-29.170166205529643,-61.491934332494814,-233.0400625357824,-96.9653427741058,-21.779619176604005,-29.197249936069802,-23.255081358834865,-21.269206427413707,-20.41179018580221,-20.367193101609814
-21.02760402372373,-21.14911902458035,-21.034119223576948,-22.835146300665755,-30.33447337616972,-21.072395617059886,-22.765694511880998,-44.863826948122686,-59.31229112731303,-21.45108001330972,-21.06565460174144,-21.190586180139913,-21.183484512453255,-21.401712982092803,-31.292442086937008,-21.20104996937549,-21.115933614894846,-21.015910052303003,-21.98069982824663,-24.251633615269082,-29.32834360941449,-59.797398143637125,-225.3487691918877,-94.35214612205739,-22.321905907303307,-29.281524551348735,-23.718523247562988,-21.863758029365425,-21.071373246143906,-21.03559815143502
-20.406981323277243,-20.53911365596535,-20.40387943776225,-22.33638171518424,-30.1078054180203,-20.447554853010516,-22.275715432432868,-44.78748787378174,-60.72403661332719,-20.851036111955356,-20.454844794647112,-20.58308105939791,-20.587028814979487,-20.83100475565822,-31.277744863572295,-20.62644526172027,-20.51196274056828,-20.395657204444795,-21.43081511578141,-23.850830770412895,-29.19971798625147,-61.28598210569824,-232.74832979679024,-96.67178955337353,-21.81112927874775,-29.21346862454762,-23.288966660735603,-21.303638073364823,-20.45036817376081,-20.406098058706924
-20.970631183153902,-21.097525333378634,-20.97294563174617,-22.85158397958126,-30.346300710464376,-21.011101709427727,-22.752075851689135,-44.79100999573261,-59.09871737894238,-21.384540746242084,-21.0131553602563,-21.13366946863829,-21.135320284160137,-21.349864303039258,-31.210529477440875,-21.1627430564832,-21.06790248098916,-20.961232462764425,-21.932834313853302,-24.219373641852687,-29.457628264597663,-59.292086018809364,-227.35490148035208,-93.7066342331064,-22.274388350666058,-29.355233662327,-23.725744041042837,-21.809441018624426,-21.0124443861187,-20.974404654234426
-20.970631183153902,-21.097525333378634,-20.97294563174617,-22.85158397958126,-30.346300710464376,-21.011101709427727,-22.752075851689135,-44.79100999573261,-59.09871737894238,-21.384540746242084,-21.0131553602563,-21.13366946863829,-21.135320284160137,-21.349864303039258,-31.210529477440875,-21.1627430564832,-21.06790248098916,-20.961232462764425,-21.932834313853302,-24.219373641852687,-29.457628264597663,-59.292086018809364,-227.35490148035208,-93.7066342331064,-22.274388350666058,-29.355233662327,-23.725744041042837,-21.809441018624426,-21.0124443861187,-20.974404654234426
-21.320871507090626,-21.435713220741405,-21.333642881843186,-23.054291139499384,-30.456866455845738,-21.3691929392975,-22.988043501439158,-45.00813674970506,-58.77832737757244,-21.73831433361418,-21.353065238398255,-21.477555642398084,-21.462257201526576,-21.66921154733349,-31.32499648205619,-21.46563691570994,-21.398746792790703,-21.308279226815348,-22.238997228746214,-24.440296872434395,-29.352590411655893,-59.302407005522056,-221.95868707037192,-93.63859101825561,-22.560839709042668,-29.293486708574996,-23.906936590970197,-22.128686689274968,-21.365595847793372,-21.33474399723771
-21.45875166306117,-21.578981012563926,-21.467638231019595,-23.268532546195075,-30.564839712566407,-21.501186014911024,-23.15190192763938,-44.9085661644111,-57.94780871632236,-21.85296715448709,-21.494913625602067,-21.61110312676944,-21.606648845294437,-21.798865210166895,-31.21314384650886,-21.61937595582079,-21.545874505137608,-21.449995349746764,-22.367815322348832,-24.542259450719225,-29.626887132681826,-57.97034518362833,-222.60801013216022,-91.7209144637111,-22.677425008890197,-29.454935858790876,-24.08530572766969,-22.24998624063991,-21.500238127651517,-21.46843301509803
-20.814317176055244,-20.939818431708716,-20.817164089823443,-22.667214956416238,-30.252819392677257,-20.85733096657116,-22.599117103837564,-44.81243197333127,-59.76495008798172,-21.244053339337533,-20.85600576253735,-20.981807760493517,-20.979142101660493,-21.206007414520506,-31.280691246451724,-21.005034234192085,-20.90890772391572,-20.802899137631066,-21.79193388347698,-24.113863712459647,-29.290968096491127,-60.260316902602895,-227.85098912050057,-95.06199607633091,-22.14671611579553,-29.261273464417236,-23.573677499657457,-21.671124261445144,-20.85778880906819,-20.81890483933512
-21.504886137063906,-21.63226976583155,-21.50889482770009,-23.424524035853214,-30.764930563778435,-21.540770219773087,-23.25082337614459,-45.02273454383442,-57.36413931011745,-21.879794943828117,-21.547823170912753,-21.65372525022258,-21.662496068487616,-21.84232371817568,-31.0871171854714,-21.687054915343523,-21.60429627650192,-21.500132618433383,-22.413863826971166,-24.608688387185072,-29.899339839934818,-56.87699048774245,-226.0471406640111,-90.37922117862377,-22.713459030341564,-29.594110865817264,-24.201902358825574,-22.286779580573036,-21.543177564242242,-21.509475681750697
-21.117260546078146,-21.2414502227929,-21.122018746628918,-22.966224559904592,-30.40026145005257,-21.15892933391765,-22.86670055273742,-44.82039967873827,-58.798172025838014,-21.5270013338873,-21.15727490792571,-21.277314294814527,-21.275925881834063,-21.484799727888632,-31.22256786742105,-21.297795138570947,-21.21027529869026,-21.10767998915527,-22.06301112373818,-24.31453023207832,-29.483638954138705,-58.98950740576548,-225.60083915415058,-93.22330428412567,-22.39565608122516,-29.370891081779188,-23.825826279382916,-21.942214845225212,-21.159266448546877,-21.123300200775187
-20.95790542122499,-21.074090685952132,-20.968525995156558,-22.696212968219562,-30.322172515297417,-21.008044374598352,-22.668079716508917,-45.059812017861645,-59.98711090807257,-21.401150245884207,-20.992499088343706,-21.123371670170236,-21.10641547354982,-21.33567161337924,-31.40138179153645,-21.11437402398854,-21.03748897219732,-20.942947067341443,-21.913855153868735,-24.21281666763525,-29.11305651837123,-60.904608809574405,-225.05830047926227,-95.99532242983892,-22.262179385593655,-29.14715613985013,-23.601558750473885,-21.804197173264757,-21.00453682376007,-20.970211067295775
-21.268894962652094,-21.388705394349934,-21.277480361008067,-23.063950279221032,-30.446283356478,-21.313223441314754,-22.97426296763805,-44.88588207181196,-58.601158321969564,-21.678112268780023,-21.305015292578368,-21.42613771179754,-21.418816725770416,-21.62356280525894,-31.260504553069975,-21.431898431502134,-21.354862351584227,-21.258344981535988,-22.196405284810407,-24.410123879766353,-29.463106277649842,-58.88644113462192,-223.3923479364051,-93.026032092621,-22.52043572560219,-29.36030517998147,-23.913044821493564,-22.080212033686728,-21.311792599984663,-21.278595283245217
-19.878097187981904,-20.021333675847018,-19.866355884503207,-21.954668362049954,-29.974589273636465,-19.91349822005484,-21.87712895055033,-44.85433288652535,-61.75640990881932,-20.33271944518759,-19.93592714995514,-20.063782952207703,-20.080449236988702,-20.34017219100952,-31.21409029771862,-20.139873350977943,-20.000793784699678,-19.868348915803917,-20.96193320185586,-23.50901106364274,-29.19083737496306,-62.159942082703374,-240.82642906592483,-98.35668999880443,-21.36939263095598,-29.21555890564943,-22.950550194251672,-20.822948933606046,-19.920413720779088,-19.869037642339954
-20.26117587920375,-20.397033170144418,-20.25514783910195,-22.240247715596364,-30.071439956000205,-20.299697344712417,-22.170281649747146,-44.78449518653885,-60.94693233156206,-20.70627169379443,-20.312321638353183,-20.439745115551066,-20.448409004369903,-20.695807320005958,-31.24595476790688,-20.494611903005087,-20.372175414778518,-20.250631286708632,-21.30183985481747,-23.756260119089173,-29.21717434685643,-61.41937714265573,-235.09598385317852,-96.98311591523472,-21.689183254146208,-29.224994173831927,-23.202410257340524,-21.17058399853903,-20.303956980273465,-20.25748387898766
-20.502892751813356,-20.63099038196285,-20.50293827547458,-22.37785393099823,-30.132503413413787,-20.546265734541016,-22.334378859512896,-44.834231456457076,-60.71747619952846,-20.950795173853773,-20.547420702690715,-20.67775804121639,-20.675823404988684,-20.91985555692045,-31.330396725463178,-20.70791240391045,-20.601255237170932,-20.490226530520612,-21.514783909526795,-23.91495109084739,-29.137930030590528,-61.45084196828711,-230.88387860816945,-96.81953624828704,-21.89162882210258,-29.17565397838673,-23.32910098861617,-21.392337657631693,-20.54739955398456,-20.505114721187528
-20.961826348558073,-21.087246148398606,-20.965180518974336,-22.820727924433953,-30.325430299090208,-21.003676946733613,-22.73319478440053,-44.80181666532947,-59.24262468235488,-21.380227386326673,-21.003129121041052,-21.125535998071722,-21.124484852027404,-21.341736913348633,-31.240332136053535,-21.149412347632556,-21.05658151999188,-20.951591874789464,-21.92414290894757,-24.21110936814001,-29.402336752897583,-59.549652269148346,-226.87954927296886,-94.04235153939533,-22.267668418362945,-29.324592909807322,-23.702248965631775,-21.80264422455264,-21.004331938577007,-20.96668644942213
-20.93224628297703,-21.05876620537609,-20.93470516341594,-22.80565958498074,-30.320060571246856,-20.973363455657314,-22.714127499050296,-44.79117922934185,-59.261178955643025,-21.350048147149188,-20.97451299263396,-21.096397672064388,-21.09693084729939,-21.31453158768064,-31.227819058491157,-21.123937518467194,-21.028799756976923,-20.922336464941942,-21.89820357751281,-24.192677307163837,-29.415398110733847,-59.53016327233137,-227.42638213167663,-94.03589163825679,-22.24305728379039,-29.331781478822954,-23.68803154125915,-21.775479811749143,-20.974474242123485,-20.936234068341577
-20.721265245619684,-20.85736981018323,-20.716710737947153,-22.732695455238726,-30.356935878789926,-20.755804663030116,-22.593542828879528,-44.830460826159154,-59.25641209079104,-21.13015799065937,-20.772182849079613,-20.8872524579935,-20.90215422776208,-21.117960228483796,-31.09317509675401,-20.94572271337609,-20.833494200069413,-20.714611941865332,-21.71243361290937,-24.07048018681658,-29.57769595800408,-59.102670532514466,-232.85708737990308,-93.77821473130123,-22.062260973744245,-29.41190624675469,-23.605636845165762,-21.57878275219847,-20.760897781655714,-20.71832309505151
-20.384794288163768,-20.523122150199796,-20.37766133220258,-22.4118911925127,-30.175965493095422,-20.42012880802251,-22.30179414460812,-44.79430754801354,-60.26127706675091,-20.812975890607873,-20.437859510358415,-20.558867676623503,-20.573505034866898,-20.80768911169888,-31.145153376240273,-20.622632258016846,-20.500149546959083,-20.37658779699627,-21.412201744449995,-23.840854946991097,-29.397618432937975,-60.36927161146096,-235.46950803265452,-95.6273292019811,-21.785772140996983,-29.3186489882099,-23.336436474208245,-21.277280077836643,-20.425691283036546,-20.37972740489148
-20.3084755752519,-20.44785808595704,-20.300452092898826,-22.34830208110098,-30.149367610612742,-20.343539442205376,-22.240083343227052,-44.802066536821144,-60.451524912569376,-20.739655037821315,-20.36252534606319,-20.484128689036144,-20.499653401671857,-20.737013540740943,-31.14628196946982,-20.550805645730012,-20.4254540679673,-20.300205529801715,-21.344266481222224,-23.79079541065473,-29.376889486073324,-60.577661087059845,-236.39834661684722,-95.96778908462527,-21.722387235108126,-29.307812415790508,-23.28146024781414,-21.20835316803128,-20.349447286705317,-20.302602197638628
-20.74725606544226,-20.87302847174351,-20.749706369492152,-22.60083160377243,-30.22429817044475,-20.79059838867389,-22.5399970683579,-44.81930013961755,-59.98970479341284,-21.181632203072244,-20.789328480985922,-20.916405064103802,-20.91340703347954,-21.144358620973662,-31.29592173918447,-20.940139558616032,-20.84217267297,-20.735419525378795,-21.73203044110635,-24.070650429501413,-29.248291379079106,-60.55588499457416,-228.40318331007174,-95.49177601316762,-22.091768840345328,-29.23696259843478,-23.5178190700385,-21.611240706616996,-20.791072431911324,-20.751548477903818
-20.709067387488034,-20.839826383300732,-20.707837496556063,-22.634211623520653,-30.244978902142563,-20.748283521326975,-22.54113617039017,-44.766249995788904,-59.716114665762795,-21.13280831975212,-20.755244052830434,-20.877639099344062,-20.882950814528943,-21.10872927205096,-31.208028219434272,-20.918382169529615,-20.812329876366288,-20.699527008709904,-21.700145958127923,-24.048163946450607,-29.384220814558553,-59.97238125214926,-230.28462431907815,-94.77064443371347,-22.05805704927308,-29.313791878607542,-23.537908388386207,-21.57322416228193,-20.750968994882417,-20.70961714264775
-19.4597758835504,-19.605819343455945,-19.44508287895036,-21.555074755470713,-29.826648168404205,-19.496521930717325,-21.519380349041512,-44.97330688992755,-63.228788071859626,-19.941933654224034,-19.520663647351753,-19.655971836671544,-19.67175188461889,-19.956338065371323,-31.33146705030709,-19.73772998979061,-19.586464311762825,-19.448009257330767,-20.592127436722674,-23.24619410458545,-28.982305171973632,-64.01136341042478,-245.20912550954267,-101.07890202888841,-21.03077190403622,-29.115950024819227,-22.620910323569607,-20.451333671153993,-19.503955462178205,-19.44831166104154
-21.03543354543586,-21.167737268397982,-21.03439982616475,-23.004294331349367,-30.50023075731764,-21.07073270804382,-22.85365145741009,-44.86761465394616,-58.492990609794234,-21.43122747046492,-21.082827474419258,-21.194710206831758,-21.20669621594671,-21.408624627188647,-31.09132075613836,-21.242382261893013,-21.141957823331495,-21.029352976002915,-21.99318696136292,-24.282813390392874,-29.691237196907643,-58.22765033784064,-229.72856608643986,-92.40760620677537,-22.323474321930068,-29.47554592972044,-23.840247003015865,-21.862706710083874,-21.074619535906383,-21.035623528127587
-21.14762591524405,-21.27116705635557,-21.152964752733645,-22.988803871531605,-30.410890027241663,-21.189623044651782,-22.889830252461657,-44.82869181004034,-58.74254785034479,-21.556713999414608,-21.187045954895297,-21.307077210398,-21.304900899449173,-21.512695096081494,-31.226559304560865,-21.325445999100808,-21.239611213565095,-21.137964617975307,-22.08990641499492,-24.334063147811367,-29.486458053402657,-58.93874627757941,-225.21706632136312,-93.14052876074643,-22.420738000070983,-29.3727471449483,-23.845664247808266,-21.969752511047613,-21.18971078225515,-21.15421002121322
-20.837515416470602,-20.970247557905637,-20.83544397541594,-22.801206052049423,-30.360494204950264,-20.87398157912268,-22.674176595085488,-44.799214618776645,-59.1137744311761,-21.24642374958851,-20.885312648238134,-21.001891766104414,-21.012264437770686,-21.226296586203055,-31.13162341934529,-21.050006119762212,-20.94436212589841,-20.830055500333955,-21.815782134371936,-24.141594454357648,-29.55108361256957,-59.060682283036485,-230.5817711417513,-93.5689623293619,-22.161132402030386,-29.401766937561774,-23.671414925492392,-21.68577063898339,-20.877759133003238,-20.83696893989643
-20.567163679928946,-20.702256953287023,-20.562634880271155,-22.552509102672435,-30.228251045168925,-20.60377393874476,-22.443976453691853,-44.77507352761647,-59.87081009088981,-20.99013365156969,-20.617241083699394,-20.73777326434179,-20.748994197133246,-20.976837929032374,-31.159342224676774,-20.792134023610185,-20.67744921038856,-20.55873836988001,-21.574492079910673,-23.959195371841815,-29.42379877010245,-59.98868177214863,-232.95007949945688,-94.95191181131237,-21.938146275435102,-29.333478154350182,-23.46051818007834,-21.442803819827805,-20.608186834316005,-20.564516505914003
-20.61437825168146,-20.73179301150013,-20.623099845640414,-22.358052560009558,-30.23743388745786,-20.66641362530474,-22.36763571492076,-45.18882509873785,-61.227623651182185,-21.083959193419172,-20.65152767716962,-20.788235961238335,-20.76949706679522,-21.020793802528715,-31.49556886033129,-20.781635053626704,-20.695667433819526,-20.597141030544556,-21.60718358503808,-24.011381341396937,-28.891102097152064,-62.5409026764805,-228.58369103311315,-98.42937900501477,-21.981151305392025,-29.01058324609422,-23.313818922243264,-21.498395929828238,-20.66295198670997,-20.625334378720535
-19.891472566832025,-20.024633157252122,-19.886302632200568,-21.80916240525395,-29.95117780809325,-19.93589118406917,-21.817927032381665,-44.99779160065158,-62.75388750824746,-20.377827354923287,-19.941773743334675,-20.081126774551606,-20.080070308778964,-20.359274881949975,-31.467997692549815,-20.12388865985131,-19.99723256643073,-19.876276994730585,-20.972986752384532,-23.54155497755766,-28.848428807415246,-63.99189154119547,-237.68196633894533,-100.59472495711707,-21.39435665330615,-29.019406568496787,-22.852283111707948,-20.847399189814066,-19.93825946116391,-19.889315814902112
-20.056916041697676,-20.18712202216411,-20.054285436956402,-21.940905002543264,-30.004125556735282,-20.10247442406034,-21.946936900166545,-44.99279617789087,-62.34342647514115,-20.537673069067008,-20.10458113777552,-20.242985074251397,-20.23900128362163,-20.511271502309736,-31.462492589995776,-20.276992978708527,-20.15804247280587,-20.041555655995786,-21.118665615393034,-23.646736323931865,-28.87309921313797,-63.56483710863581,-235.4991518784991,-99.92699007717974,-21.529407471526238,-29.02700480670169,-22.963723047683416,-20.996109312602,-20.103797411466434,-20.057122367868065
-21.61864384876706,-21.738526657050773,-21.628364457756337,-23.431834338375655,-30.672747125679678,-21.660124361950448,-23.297340179048117,-44.96528255982626,-57.46969940258248,-22.002300223894952,-21.65437660432956,-21.767002693720038,-21.763731133369642,-21.946362855632387,-31.1888255368478,-21.774815138635383,-21.705615242372982,-21.611053126269997,-22.511897895084857,-24.655676394960757,-29.744740168385036,-57.32005424032786,-221.92923738064286,-90.80047140605178,-22.809701429483855,-29.52249551283701,-24.223431846658958,-22.39350438358648,-21.659268243973788,-21.6288974744397
-19.712063525963284,-19.854818824960628,-19.700065926149396,-21.769063142494048,-29.896115771974532,-19.749380821618523,-21.72306198827225,-44.893516114446975,-62.494641241503054,-20.182535766988607,-19.76982805902321,-19.902715138567483,-19.916218186611477,-20.189193402055327,-31.300813635250883,-19.976008836909486,-19.833677821384313,-19.700642267245993,-20.815165736598736,-23.405283256902397,-29.049710222047487,-63.18534452184596,-241.8533978042513,-99.75888137899558,-21.23775955146478,-29.144559870420686,-22.80209408409795,-20.677526552110237,-19.755797240302186,-19.703024823733564
-20.088050195355784,-20.22895485583373,-20.078363476211806,-22.139104877156626,-30.048594751496843,-20.123651700031818,-22.050488956210007,-44.81543074763416,-61.14962191925602,-20.532378190687563,-20.143642018893143,-20.269044828993675,-20.284391761226573,-20.534032710073237,-31.18930651768258,-20.339173780970686,-20.207206283609352,-20.078785208240905,-21.148275079178593,-23.64499043435192,-29.26450718751901,-61.45253782186143,-238.3878246160976,-97.25444779279071,-21.54210914158116,-29.251268943524188,-23.106818014985343,-21.011371440320904,-20.12988203106487,-20.080802922137714
-20.829535962229656,-20.957801616866657,-20.830420857942663,-22.723428050999665,-30.28218284792146,-20.869954922800133,-22.632911799549014,-44.7774607353777,-59.48660065526094,-21.250639324197792,-20.873430175529755,-20.995808878486354,-20.998185914589946,-21.219923868519608,-31.22287442577595,-21.028766369201307,-20.928827335404034,-20.819684822383287,-21.806982716658467,-24.12588513538921,-29.39354380040117,-59.76585892592571,-228.64183975227508,-94.41006639237425,-22.15813390701145,-29.319313193047165,-23.616625950860385,-21.682596088268465,-20.871698779178,-20.832072665835828
-20.639938968650352,-20.768294516716303,-20.640181355418765,-22.525318665862613,-30.188537316927793,-20.68188083055626,-22.46054585200548,-44.79337279189436,-60.171159433439,-21.075788067388718,-20.68428659206296,-20.811141621547563,-20.811359567437616,-21.0456268831943,-31.27870420792228,-20.84316138605087,-20.738995022647572,-20.62855970734422,-21.637335384653717,-24.001177638970212,-29.250687644019344,-60.696660776307695,-229.89524587399427,-95.7385557735532,-22.003181486244106,-29.239652367753813,-23.451599876038564,-21.513812593447778,-20.68335868110409,-20.642132476964747
-21.046616044386745,-21.17056684344881,-21.051326079505955,-22.88866607647088,-30.358093465980936,-21.089074781254695,-22.80019574701237,-44.81918060318413,-59.05883735713328,-21.462313789630414,-21.086552561804755,-21.20854671174953,-21.205913998391427,-21.419684373368767,-31.24460185875742,-21.227769780654896,-21.139070845869664,-21.036327418065298,-21.99939174965173,-24.266176903194236,-29.42066740605079,-59.35659644000845,-225.90768518595434,-93.74279497738524,-22.337591065533196,-29.335176111142452,-23.76111076820358,-21.87927907007084,-21.0891918932273,-21.052726498543045
-21.0322458421187,-21.154044304937422,-21.038554192352862,-22.84380616445474,-30.337604105900304,-21.076745165898714,-22.771877928470413,-44.85693781571983,-59.273892967162375,-21.45461935575252,-21.070501683941416,-21.19505172661095,-21.188495215922668,-21.406055706420016,-31.28628039051771,-21.206553625796406,-21.12105677837293,-21.02073515191052,-21.98506784589718,-24.254762987365634,-29.340852852020944,-59.73421988731457,-225.38672501865466,-94.26253695538276,-22.325764864169365,-29.28893183167656,-23.725605415667744,-21.867741489306677,-21.075858653254986,-21.04002022684861
-19.92824856777842,-20.07155960671033,-19.916639544009698,-22.00953463868861,-30.00160379447878,-19.963152860561078,-21.923293019228357,-44.8497643535665,-61.54861717467393,-20.378481040882793,-19.986067020931145,-20.112477920812818,-20.129955619773614,-20.385907425897628,-31.1913960006341,-20.189149796451133,-20.051142476376594,-19.918958071478304,-21.006340676434114,-23.541591484796555,-29.231002216259547,-61.87430598477926,-240.53794756290543,-97.96617914696142,-21.409400374822155,-29.23540257114246,-22.99462542375452,-20.86705892144032,-19.970182346647885,-19.91924110247765
-20.30905376355402,-20.4414551119546,-20.305485718483,-22.237192964476954,-30.0690526696006,-20.35025319795197,-22.18877943629696,-44.80963654860175,-61.08257619728773,-20.76050435837553,-20.357369118458845,-20.48767804602775,-20.490839848209866,-20.741168841889404,-31.307755357301215,-20.531234625021067,-20.414299705477237,-20.297048818156007,-21.343646753677845,-23.789000803688115,-29.134701131944183,-61.76148580292321,-233.58381816985076,-97.3577099155127,-21.731529325617068,-29.177971285568084,-23.206586274928508,-21.216624149620685,-20.353022571406004,-20.30785157334125
-19.65156327234593,-19.79491360170285,-19.63902745243314,-21.714443717472594,-29.877573218894323,-19.688911761084817,-21.67275019159681,-44.91201200665857,-62.68975509765638,-20.12545994837728,-19.709928580317246,-19.84364088582311,-19.857352008391977,-20.133538755566327,-31.313066919967618,-19.918363021757816,-19.774069251141537,-19.63995183693477,-20.7616740002082,-23.367397693068916,-29.02624584944805,-63.41968986817394,-242.57452321494145,-100.11561159352016,-21.18846372649654,-29.133550530467488,-22.756445529596885,-20.62353645818894,-19.695486763943702,-19.642059128027885
-19.998464800110625,-20.138629260125374,-19.988917429708717,-22.031233432705697,-29.9935424198337,-20.035486537148696,-21.963422065236195,-44.82283591682264,-61.57456632534347,-20.452429549300728,-20.053587140675486,-20.182321686285412,-20.195154279942987,-20.452691427155724,-31.24347508933156,-20.249437222736724,-20.11623582170465,-19.988052226270153,-21.068803982606102,-23.586784484276993,-29.170798965815003,-62.06604995439167,-238.64854064552802,-98.07138705828426,-21.471379200815605,-29.203460569672135,-23.021291643254827,-20.933224614314042,-20.04124016240463,-19.991521492777874
-20.311390955764335,-20.445135521186312,-20.306909692666782,-22.26018771589095,-30.07680359600161,-20.351358111233658,-22.20049909048728,-44.79048499611511,-60.94752645879589,-20.758611359013333,-20.360742987031742,-20.489454489848697,-20.495023616879283,-20.742797658948795,-31.2762775038225,-20.53759458113552,-20.418914068296615,-20.300129207922883,-21.346101237982662,-23.78917211394846,-29.182230315677888,-61.51751752313223,-233.98224287004177,-97.0488848195323,-21.732166336862818,-29.205019073842195,-23.223179255899066,-21.217321478540295,-20.354743899066836,-20.309231795349657
-20.99699932580642,-21.12298829213119,-21.000050104166494,-22.86597185417228,-30.350787713025362,-21.038054910619344,-22.76957277223694,-44.79783662756905,-59.076315983271314,-21.411240044820758,-21.03871703265382,-21.15963373081337,-21.160001152019206,-21.37414468475379,-31.220478447532322,-21.185714427010424,-21.092794286704905,-20.98735019097136,-21.95602445637281,-24.235724158938943,-29.44834957679518,-59.29863942017822,-226.87887156960485,-93.69614934619818,-22.29636995989128,-29.350373385725284,-23.739234383756372,-21.83362546968613,-21.039025718950892,-21.001487141857456
-20.46291973971368,-20.593119100725364,-20.461332795366165,-22.366334731272303,-30.121726604796315,-20.504743147084614,-22.312753336535053,-44.80283107120658,-60.68295278656679,-20.908004491180204,-20.509143199050023,-20.63819655334877,-20.63944597536705,-20.88283234977176,-31.300036530353527,-20.675339832662335,-20.564742937072953,-20.451033337704338,-21.48002180726883,-23.887598897355044,-29.177124729192844,-61.314776429425834,-231.74465373161286,-96.66413651128039,-21.85799968039828,-29.19961091689178,-23.316854394810257,-21.355055733464738,-20.506768822562144,-20.463516961357517
-21.155552411772597,-21.2790044297708,-21.16098356733764,-22.99585132596745,-30.41456452801767,-21.197564244197896,-22.896456633959485,-44.830244153226275,-58.72218619698556,-21.564269133083585,-21.194884922385018,-21.31482443619059,-21.312583284585585,-21.51998679715374,-31.22619953878833,-21.332923777448386,-21.247404838586778,-21.14591120800201,-22.096977082328756,-24.33931890846968,-29.48980317714613,-58.914273811214244,-225.1453055689534,-93.1043206084223,-22.42727342442034,-29.37468382034514,-23.85169910746041,-21.976890564390185,-21.197623560676053,-21.162217737407413
-20.593789523040805,-20.718776654218598,-20.596413845859093,-22.429804268999423,-30.166775504072014,-20.63917887665538,-22.395634737560663,-44.88574998857946,-60.64116031987339,-21.043090503820082,-20.635772782316653,-20.76708594111002,-20.760866977483925,-21.00337816817978,-31.36164477019081,-20.78700951968211,-20.687128993038304,-20.580253987930753,-21.59430937660754,-23.975782599662644,-29.106319556098583,-61.47322568522249,-229.46836767552225,-96.81514764038921,-21.966508433335065,-29.154027610616623,-23.375198134249345,-21.475418473594143,-20.639048745379874,-20.598521176715725
-21.236749425470812,-21.36274659002267,-21.240617839795288,-23.118814222647174,-30.505790875127452,-21.275873554891106,-22.990406293540026,-44.84566601302885,-58.27419470695423,-21.633301673166386,-21.278238890860074,-21.393158634679892,-21.396357739275437,-21.595070252741923,-31.162986336926814,-21.420602602667305,-21.33311698584163,-21.229081831035163,-22.17151081341698,-24.40328159376888,-29.637317398465353,-58.19516649083663,-225.82193220369973,-92.14393657405277,-22.493440506565005,-29.455188188338255,-23.950374202380416,-22.0478068183794,-21.277226192613988,-21.241668425312135
-20.346789802273307,-20.4810718805723,-20.342055341613708,-22.306003579459794,-30.096877192380777,-20.385965644528213,-22.236589393330984,-44.77874170478127,-60.760424344551154,-20.7894919008113,-20.396495927599503,-20.52368688073866,-20.530667835246195,-20.77500670663928,-31.251033391854378,-20.57389729744835,-20.455291410737754,-20.33611391238119,-21.377755739517227,-23.811594430979007,-29.227526096604272,-61.23848436822831,-233.91472772531654,-96.67130203404423,-21.760263698905646,-29.229736690624758,-23.259811382466935,-21.248111581606548,-20.38965559075093,-20.344305531254825
-20.688217456878743,-20.815909906233674,-20.68908125388179,-22.566368927453468,-30.206655782317142,-20.730340026348543,-22.499775200692923,-44.795338164387545,-60.04749604692246,-21.122024634012238,-20.731929008974284,-20.858359687037616,-20.858006169686295,-21.090045032049098,-31.276657248594596,-20.888405348634123,-20.786249956435594,-20.67689259878666,-21.68019805459841,-24.032356884382132,-29.26575577923193,-60.555888600381806,-229.35758429557097,-95.52365388996094,-22.04288921604195,-29.247832701820123,-23.486707502224647,-21.557269089704555,-20.731594118615604,-20.690971985240655
-21.03197055107933,-21.14947009064061,-21.041710913743987,-22.788197025806596,-30.337905098357982,-21.08031460248875,-22.743086381017434,-44.98168853196345,-59.60859189181541,-21.465620010903102,-21.067102767939566,-21.19548378628544,-21.181551174282273,-21.404383725546065,-31.35855820648721,-21.19160441219533,-21.1137259695336,-21.018285078056334,-21.98149339391007,-24.255990990012855,-29.208518690518645,-60.34599978331347,-224.5622587139719,-95.15542697663133,-22.324020042395052,-29.20734123058432,-23.68019456137832,-21.86964119274833,-21.077492995288218,-21.04325270255612
-20.897770464817132,-21.01640716924503,-20.90621561396086,-22.66353128573838,-30.28838050438963,-20.946236078289527,-22.629053001390414,-44.9855754587345,-60.01607621177441,-21.339405988768977,-20.93421995300438,-21.064477368066807,-21.050969259250337,-21.28137042727293,-31.379045111647706,-21.063884399877345,-20.981186891821107,-20.8835328605056,-21.86199148749746,-24.171934399677184,-29.14023708478313,-60.86057093627241,-225.848719926416,-95.90871645680328,-22.214196362555718,-29.166900763425026,-23.57427817256895,-21.749529042894448,-20.9437251977959,-20.907958997032008
-20.765019530641933,-20.90384800328438,-20.75916053573481,-22.824592516023486,-30.47587285159014,-20.79703963835504,-22.65573148744918,-44.94362930325454,-58.92102176919509,-21.164249910071447,-20.818517650178954,-20.92846909634284,-20.948637979968314,-21.1566530262827,-31.0250523965149,-20.995599594255864,-20.881701650816474,-20.760101441302144,-21.751912099462928,-24.114801072019578,-29.706582628432592,-58.51841321244049,-234.4864643613929,-93.13475885742412,-22.09387842488792,-29.472368283985404,-23.672212021009866,-21.614671494844526,-20.80336017816371,-20.76062433514117
-20.731819951977435,-20.871458484917,-20.72539733024155,-22.802929886365305,-30.475078341250104,-20.76344699360721,-22.6315539386146,-44.95858605403315,-58.973556310142314,-21.131450592739284,-20.7860710115393,-20.895752747662463,-20.916924777777172,-21.12559749104047,-31.016464849709664,-20.965214040587185,-20.849742501579783,-20.727049336540283,-21.722235426790004,-24.094339019287,-29.70929073613742,-58.55246959362896,-235.1112314029685,-93.22877243728837,-22.065512416014474,-29.472251052208374,-23.65169410706578,-21.584149779640597,-20.770061957392738,-20.72688793141848
-20.125073927024527,-20.267750563615298,-20.114533043416255,-22.20876625199156,-30.103594629221092,-20.158873150907038,-22.09787719886895,-44.84246839168317,-60.84747856679638,-20.561357301220443,-20.18213928069925,-20.304118207633817,-20.32307726888908,-20.566471932826957,-31.131745978346906,-20.380052292457897,-20.2471915949369,-20.117056967556923,-21.181032490699998,-23.672189980308296,-29.355736396391165,-60.95456811179909,-239.09382762155832,-96.66591376965071,-21.568685709908085,-29.296482562508587,-23.157786728006343,-21.041767712036098,-20.165931966754755,-20.116854709191962
-20.088269493842155,-20.233000610617314,-20.07651555924929,-22.204998877029734,-30.128090782366215,-20.120685855024767,-22.080215894262988,-44.886786968163705,-60.80617831560045,-20.52171594755828,-20.14715224877775,-20.2672227734428,-20.289297524016284,-20.530949374772113,-31.0945229632518,-20.349227584171743,-20.213648157350526,-20.08103596941017,-21.148066549773954,-23.651595194953913,-29.40182226012827,-60.796093334908434,-240.45780211215433,-96.57522104365195,-21.535013120278403,-29.318078797353927,-23.147726029066988,-21.006409945871212,-20.128562762284833,-20.078822020390373
-20.99917220948546,-21.129255602592416,-20.999401161774497,-22.9304887096239,-30.418237805118956,-21.03663141959305,-22.80260350195129,-44.809761805626394,-58.7656836862235,-21.402917773226015,-21.044492192933703,-21.16033222037446,-21.16796520255691,-21.375797093358102,-31.142667081964934,-21.200474558008498,-21.101905338639273,-20.99165727166675,-21.959870277584294,-24.247715971028647,-29.586908521982267,-58.69962363789524,-228.6290828682403,-92.96960609088677,-22.29582692942959,-29.423435592869193,-23.784878419971015,-21.832349415480007,-21.039469063339496,-21.000738950053215
-20.90645060233593,-21.031299182361554,-20.910058441199066,-22.754488839166978,-30.292735936520224,-20.949272083881834,-22.67849870954782,-44.812303320777644,-59.48397765584981,-21.330657050092,-20.947405580232278,-21.071742154685978,-21.06903268133179,-21.29072846520095,-31.266192588265483,-21.09326658201738,-21.00012661250698,-20.8954610177039,-21.87413916655825,-24.173801924591462,-29.340871328493442,-59.902783601439936,-227.04505306165203,-94.53852703378914,-22.22235613704359,-29.28962532626837,-23.647524346101285,-21.753657768234422,-20.949578611464954,-20.91166570516328
-20.886015002666205,-21.01976192092907,-20.88350723694128,-22.86904828949092,-30.42073618861985,-20.921249160701112,-22.726907590257404,-44.836135878745424,-58.87804381002841,-21.288898441028174,-20.934741408544582,-21.048651778392323,-21.06139847840983,-21.27055915267707,-31.098706202199494,-21.10033033252243,-20.994643507203286,-20.879470578593097,-21.859518101484525,-24.180055422127435,-29.623839280095147,-58.69204752355131,-230.97214581850733,-93.10563610439067,-22.19964464398337,-29.43851677241934,-23.724618742202352,-21.72800496882188,-20.9255509598298,-20.88492844768536
-20.11910520331542,-20.253412257149677,-20.11369901467599,-22.065716520617507,-30.00530336811815,-20.16029860351592,-22.030327539035603,-44.84311014528652,-61.66486656573383,-20.581016577308908,-20.16938635946073,-20.30216033169527,-20.306195441795698,-20.566560974258156,-31.338606920942556,-20.35072837922151,-20.227207826755386,-20.10651687160006,-21.1752229994435,-23.669271178697358,-29.056629352099392,-62.466187989653605,-235.69979157555267,-98.41797634426973,-21.576284524918915,-29.1372508729306,-23.062135885372246,-21.04669892854764,-20.163606860447743,-20.116308256326732
-20.453762650743368,-20.587468873589323,-20.449741346474955,-22.41016616768239,-30.143440325590003,-20.49252746875738,-22.329794755799654,-44.76798907909145,-60.40477588124055,-20.889452864191476,-20.502802860172622,-20.628008718242068,-20.635341264033592,-20.873340987588733,-31.226539738612324,-20.677032195259855,-20.56149879008198,-20.443669835215406,-21.472972390459937,-23.881098705218445,-29.289071804082997,-60.78048885776173,-232.98457626246545,-96.00534988888751,-21.847600363226608,-29.262508928862164,-23.346751748349867,-21.34355301361404,-20.496134201341643,-20.451840718989565
-20.4338078400859,-20.57017477628176,-20.428024956500156,-22.431662215424765,-30.169711337007616,-20.47041591519528,-22.331595904389076,-44.77550154520489,-60.24824714688125,-20.86359413889674,-20.485123213580735,-20.607459507581737,-20.61925361411029,-20.853792082085057,-31.173630315687433,-20.66517563145855,-20.54598338988235,-20.42496468100573,-21.455692089413738,-23.870635362488514,-29.366135802236364,-60.444254782491996,-234.2475558403527,-95.63965524218678,-21.828264544567933,-29.303082854755218,-23.358039141567225,-21.323007772741047,-20.475186731425925,-20.430075983694948
-20.6162371867822,-20.755705408276906,-20.609390292292453,-22.677194064926038,-30.371282452073537,-20.64883881447398,-22.523445160175815,-44.88974676430068,-59.36347648127813,-21.024341926606212,-20.67027174625553,-20.783414709137123,-20.802913660811484,-21.019452684295818,-31.05016139643442,-20.851926339625738,-20.733765951743063,-20.610473913409578,-21.618832591299388,-24.008279874797463,-29.614555223963997,-59.09188842886643,-235.25139656546617,-93.9442944130652,-21.971748546326534,-29.426054864537626,-23.54950794443755,-21.481497148656047,-20.65522872002956,-20.611064305610714
-21.300119428310065,-21.415001718284,-21.312794834846304,-23.033338712490696,-30.447957683274723,-21.348573459090808,-22.969436183175468,-45.0098977184845,-58.84742988342673,-21.719079122637492,-21.332415463040594,-21.45730797126653,-21.44185689149486,-21.650102110425507,-31.329323257658032,-21.445431623511706,-21.37802891790446,-21.28737400077276,-22.22034294174502,-24.42690878914144,-29.337631157737277,-59.39560764880217,-222.1122266927067,-93.77520835428335,-22.54369436429951,-29.284359254147084,-23.889049437672742,-22.110112981259466,-21.344965670525898,-21.313930058907218
-21.350467557106033,-21.465160587579255,-21.363452128639597,-23.083080323735466,-30.469902806470238,-21.39868089549635,-23.014007430742645,-45.00907364565932,-58.68679033577625,-21.76597906202881,-21.38245233879234,-21.506441070122733,-21.491205525340042,-21.696416848627976,-31.320275799056702,-21.49413097456386,-21.42814843247908,-21.338049172027805,-22.265523498162445,-24.459448497421803,-29.37128118390705,-59.181979512255836,-221.72839855970588,-93.46305211695605,-22.58523055572688,-29.30484154415206,-23.931517625668754,-22.155211725982987,-21.39505857725003,-21.364505671085478
-20.81993824102858,-20.94046870923044,-20.82664860372417,-22.60658771036372,-30.254701341321336,-20.867374474406937,-22.570832637871646,-44.94571874393846,-60.15441996910841,-21.262860227929675,-20.85797983553556,-20.98832835238257,-20.977145001562672,-21.210405307162382,-31.37031524372447,-20.994001844224062,-20.906311718512292,-20.806006814195936,-21.793695594024747,-24.121348662232826,-29.13858539674844,-60.98100181800955,-226.77816914869973,-96.07959312153596,-22.15105314339356,-29.16806374553254,-23.52589620514198,-21.679259010138278,-20.86559221181758,-20.828484411413243
-20.638833065669022,-20.768540274861728,-20.638109081567315,-22.544147646936338,-30.19712049733948,-20.679573497933774,-22.46923474374797,-44.77589004151241,-60.059917083847886,-21.070985271834083,-20.684259549574595,-20.80962968658397,-20.812214443239437,-21.04440871534774,-31.251350644811453,-20.84631261804453,-20.74017152775439,-20.62815719800562,-21.636930686287176,-24.000597578008616,-29.29481239263803,-60.487441418684796,-230.32908639497637,-95.47056548333374,-22.0015172552782,-29.264746170365562,-23.465173086345025,-21.511688198153355,-20.6816661877806,-20.640027287994535
-20.59897801010457,-20.73130014861344,-20.596339241540864,-22.542103276661607,-30.20383300066583,-20.637736137872306,-22.452099738505297,-44.76372595698662,-59.98557947012065,-21.027034320250518,-20.646634305700168,-20.769882616059547,-20.776595041454456,-21.007141137108658,-31.209120675376354,-20.815214340827765,-20.704661301572354,-20.589352725559046,-21.602232387136155,-23.976230975870443,-29.352709548495454,-60.271242732356015,-231.54638004581562,-95.241353653933,-21.96699916260773,-29.29656596375809,-23.45850713859652,-21.47387400551845,-20.640953016920644,-20.598250041768928
-21.10597958115983,-21.2249361389484,-21.11474954392513,-22.88308368916865,-30.364324531077006,-21.152405953352282,-22.819707110777774,-44.917284295576096,-59.22936416063844,-21.52991319094778,-21.14187821350955,-21.26745562525982,-21.25683061482112,-21.473104064207003,-31.314631658044256,-21.269228374665655,-21.190216168556468,-21.093642323216574,-22.049186591950864,-24.302028165084643,-29.309639315792232,-59.77789172832371,-224.2369801338827,-94.31650107330242,-22.385728232025148,-29.269411921969983,-23.760493681039954,-21.935020749411184,-21.15034452785809,-21.11614586324963
-21.16814858146678,-21.28576187606876,-21.178185663343438,-22.93049166467145,-30.39041370253055,-21.215258255981105,-22.867318413780655,-44.94567323796292,-59.11011260637075,-21.59061809581423,-21.202862512565613,-21.32827523955631,-21.31604062708123,-21.529836136077055,-31.320159322365456,-21.32556858441754,-21.250287090048275,-21.155656018561658,-22.103982712579572,-24.342056147631993,-29.31686867193087,-59.66232434107168,-223.53182073916076,-94.14999635024756,-22.436384081974726,-29.273097367187262,-23.80115051647284,-21.99113786252066,-21.21268392460918,-21.179501266734512
-19.82751765449026,-19.978803724590087,-19.811637285508503,-22.04213785398416,-30.13191277577392,-19.85685169133629,-21.893180614050582,-45.056268602808856,-61.21720699401295,-20.263195923270693,-19.892248595561764,-20.00999428216213,-20.039989787550006,-20.28545463194515,-31.02532752315895,-20.109774537169606,-19.962883745463024,-19.821603199400183,-20.915045005589967,-23.489508129945683,-29.444656379165433,-61.01874779681746,-245.81395372340177,-97.34007743745846,-21.31081821258361,-29.334613556052496,-22.991687909808697,-20.766347146484467,-19.867040581173814,-19.81409921856517
-19.950147660670453,-20.102237528861508,-19.934533840306365,-22.186847684914564,-30.25882633452707,-19.978036682029,-22.01149421654526,-45.14563143570608,-60.7152336312516,-20.374883924032652,-20.015575155805408,-20.12864920654416,-20.16149118255236,-20.39675472580913,-30.962907324068667,-20.231036053053835,-20.08662173931283,-19.94557087749255,-21.023481394427357,-23.580909763975303,-29.562673449137613,-60.30410425457961,-246.01546022069692,-96.45109359640523,-21.407192369738798,-29.385970775707115,-23.10438339613709,-20.873423558196762,-19.988660135702904,-19.936785086993233
-21.065126667790807,-21.18351594679218,-21.074236240211437,-22.833514983191534,-30.34784663519889,-21.112399495594264,-22.778857990531463,-44.94265494362398,-59.419111851493795,-21.493774478874272,-21.100752972684866,-21.227704329477955,-21.215651907799028,-21.435265980459857,-31.334867167136412,-21.227205941536425,-21.148369413368126,-21.052163524235713,-22.012017438190103,-24.27609088731318,-29.260812602417026,-60.05695241095255,-224.4359910960019,-94.72594368018514,-22.3518062956221,-29.239764481619446,-23.71861817239439,-21.89881941968489,-21.110023165625023,-21.07570899769828
-21.159131336497577,-21.276308164870546,-21.169497922269873,-22.91569132369037,-30.38689225679365,-21.206703982574687,-22.85625798640809,-44.96077847134495,-59.17468301338864,-21.583421830878844,-21.193561549159302,-21.319538228980917,-21.30645957550092,-21.52133499836871,-31.32937699710422,-21.315209416059993,-21.240544273782312,-21.146345832088045,-22.09550257945508,-24.33632048098267,-29.296712480193722,-59.765614322845884,-223.51984036622858,-94.30313790444814,-22.42870041596404,-29.26068667795031,-23.788655274841517,-21.983264647156666,-21.2039210924098,-21.17083505716806
-20.943253545976333,-21.062332490909196,-20.951464203809998,-22.715997340469695,-30.301307211725295,-20.990936068805574,-22.672944691111375,-44.953633254680234,-59.81066407184852,-21.379943530864914,-20.979816308631072,-21.108769819687474,-21.096524037648116,-21.323354414961003,-31.357929505188867,-21.11002648799753,-21.027441105710977,-20.929619462040893,-21.9031485279121,-24.199198328492,-29.18827214829169,-60.565841428142235,-225.5196663819381,-95.47178651124958,-22.251793345735017,-29.196528747336224,-23.618791421786007,-21.789821918290077,-20.988689208918608,-20.953125137969213
-20.827138615702818,-20.958831425611088,-20.825692303062493,-22.773665177389034,-30.33211934604941,-20.86457756301896,-22.656563221329247,-44.7834034154849,-59.22745472159685,-21.239458400167226,-20.874003878655028,-20.992220182628355,-21.000629479175792,-21.2170686623908,-31.155384238346752,-21.036823636973224,-20.932220314770763,-20.81905470511889,-21.80617047325619,-24.131177901781996,-29.507389331833178,-59.26266478846034,-230.1046140261813,-93.80875351336509,-22.153672255427452,-29.379566789709898,-23.651244667171497,-21.67750476435457,-20.867872794695405,-20.827261257166533
-20.89070293602799,-21.01485300006584,-20.894789696811202,-22.728212190531202,-30.28164426564878,-20.934282393853163,-22.659228682310324,-44.826702871761924,-59.596477647898475,-21.318015300809776,-20.931147154902067,-21.05657595871833,-21.052459604732775,-21.276171732114907,-31.283590461694025,-21.07553802816269,-20.983173946812613,-20.87922117422164,-21.859597756584016,-24.16323414043914,-29.30622509878362,-60.084170356231986,-226.9563484394771,-94.79035763377365,-22.20953033042118,-29.26954987959573,-23.626255566289675,-21.740087583141893,-20.934245611656003,-20.89643728417859
-20.905202595925843,-21.036175748766137,-20.904505613783556,-22.844974961448933,-30.370761477122773,-20.942639291445108,-22.722866660112714,-44.79388592215737,-59.01549872372918,-21.31358544362437,-20.951373828328826,-21.068499733360795,-21.07658026075823,-21.289090137057197,-31.14903894049153,-21.11112646870712,-21.009234161940896,-20.897381582305332,-21.87589416551559,-24.183944368568177,-29.543629289772355,-59.00381428922877,-229.42932399593764,-93.42304394980354,-22.218143532879157,-29.399460888691063,-23.711941801698522,-21.747740645227772,-20.945732080599782,-20.905970013713922
-20.248189629181194,-20.37383616371628,-20.249455193591032,-22.079454676394956,-30.080365988146873,-20.29613252252226,-22.089451251804693,-45.04749438892355,-61.98364241034714,-20.72599948890503,-20.292100294333945,-20.430288046580998,-20.420937508306295,-20.68678008433445,-31.480685924637903,-20.45000535515702,-20.342135488167113,-20.232049672554126,-21.286437835535434,-23.773189034222142,-28.868684484602646,-63.26392611310127,-232.96502836983123,-99.45313000056544,-21.68541181841701,-29.01455836653212,-23.08106696567694,-21.16892739384311,-20.295728373213855,-20.252108539747724
-20.929029442034423,-21.04990657824783,-20.935762687597247,-22.724148548308793,-30.29223232060913,-20.975221446011112,-22.671795102859424,-44.89993518391398,-59.71918502851455,-21.362051973727002,-20.966909519067375,-21.0946190561244,-21.08528361380426,-21.31081609030634,-31.331190542429237,-21.102206188024006,-21.016130805985917,-20.916187999019044,-21.891762562147633,-24.188603594041698,-29.232521149965763,-60.37632665695391,-225.93523657162717,-95.19234527263438,-22.240722534797413,-29.224595404327545,-23.625196912239577,-21.77620856094301,-20.973760273958884,-20.93741397560766
-20.39310070223859,-20.531136428341433,-20.386169312893667,-22.415870176256995,-30.17539193729747,-20.428615254616467,-22.3071450208678,-44.79100355857771,-60.255626089949104,-20.821442472323074,-20.445903560372304,-20.56708696468753,-20.581314255783308,-20.81549008718863,-31.149110578290035,-20.629963720168092,-20.507985649535165,-20.38480763194986,-21.419583828324946,-23.84594446200904,-29.3936511447398,-60.37549374583289,-235.278209929254,-95.62158312516539,-21.792936111052775,-29.31674125708775,-23.34052993009611,-21.284990720361552,-20.434061987709388,-20.38823174849114
-20.34651826041977,-20.485808014872912,-20.338688463166392,-22.387238193143343,-30.17142096694501,-20.38135174344921,-22.274186767662226,-44.80501993047437,-60.319789968759174,-20.775013755605293,-20.400456454265996,-20.52117150360375,-20.537018033565673,-20.77195669710373,-31.13563949545199,-20.58777835233385,-20.463401274349735,-20.338508109272443,-21.378144043186833,-23.81664831230744,-29.40248042874139,-60.40285534942145,-236.16115982785377,-95.72232711680877,-21.75329822201249,-29.320720223258697,-23.31347300580659,-21.242187141829675,-20.387277114720607,-20.340782946572713
-20.98802583007915,-21.109784829429586,-20.9942348167934,-22.797166944544717,-30.317374850852197,-21.032929904393285,-22.731327806421525,-44.863952703457,-59.43492594859172,-21.413983298555976,-21.026373001644554,-21.15195898832943,-21.144824027677505,-21.3653315139572,-31.299025575350466,-21.16305117969912,-21.076687756324215,-20.976126626495688,-21.945337131512694,-24.22599980373059,-29.305414344792375,-59.95574313861679,-225.68198614489737,-94.58325335104426,-22.289391267447073,-29.268167293556502,-23.68632034792947,-21.82831333957926,-21.03195757338022,-20.995773398082132
-21.071151495312964,-21.19184476457571,-21.078438871345575,-22.86954997120177,-30.35191272517727,-21.11631552863284,-22.799736806140146,-44.87731457143217,-59.22071818637272,-21.493344323515977,-21.108454238185193,-21.233197643382763,-21.225171687078593,-21.441597343024316,-31.29487136226286,-21.240988835659984,-21.158196027165264,-21.059402101173653,-22.019221667610807,-24.279740752099627,-29.336354255961275,-59.702893538607896,-224.8560768860844,-94.21077214394155,-22.357588949850868,-29.285964962306686,-23.74813435402544,-21.903066875333113,-21.11498676473975,-21.079862045445992
-20.026348589561717,-20.171933666200054,-20.013917151499854,-22.153784041783567,-30.10812360086693,-20.058566276679052,-22.03027954267409,-44.89954592014958,-60.96275398276025,-20.46221579982534,-20.086013991435955,-20.206562038209285,-20.2293253588199,-20.47346255323289,-31.095712491310323,-20.29080473214053,-20.15302917812073,-20.019066110365024,-21.09294047822146,-23.61098780388977,-29.386271255156174,-60.96529903423084,-241.25496402024933,-96.86013572763483,-21.48345460610459,-29.310366446748823,-23.103348743526965,-20.950465507792305,-20.066713627356652,-20.016287443578143
-20.509450543703174,-20.65141276134689,-20.500866980667624,-22.605925384911217,-30.364134688184663,-20.54087673852747,-22.44492443147377,-44.93480146437089,-59.541297238472595,-20.919052008568837,-20.565781454964135,-20.678236436825703,-20.700752077917777,-20.91955732005696,-31.025422290047697,-20.753851816808005,-20.630811555934248,-20.504115706309733,-21.523427699251464,-23.941599097703133,-29.620773947049347,-59.215526093401536,-237.19874595789574,-94.2624471544633,-21.880697071720306,-29.425563844207044,-23.48273461301758,-21.383489716745004,-20.548166104281712,-20.502626142645465
-21.293708287569252,-21.407856470821354,-21.306978300480758,-23.017922358093287,-30.44666997732309,-21.3428637388015,-22.958898894063985,-45.036107372487834,-58.92262345445015,-21.714981430305293,-21.32551314086049,-21.45111632046129,-21.434355889164866,-21.643769110271364,-31.34164388351554,-21.436546980596496,-21.37042930365441,-21.280549486064128,-22.21387979939929,-24.422843073285097,-29.311047850636555,-59.52229162067371,-222.04768883706387,-93.96908603315757,-22.53780082452843,-29.267629983166255,-23.87580877758292,-22.104613184889377,-21.338921344117953,-21.308133424687576
-20.818494470169984,-20.95119650142087,-20.816371229362826,-22.780557137081956,-30.346540666970405,-20.8551363765635,-22.656421411660364,-44.79356239613152,-59.180609483079834,-21.22887500547882,-20.866272353265096,-20.98339120383498,-20.993480054578082,-21.208807525028124,-31.137297263087454,-21.031304101035865,-20.92525340398803,-20.810864592568898,-21.79873311210901,-24.12803908419863,-29.535258426290973,-59.153595621729906,-230.64039715570354,-93.69615969948822,-22.145627143366937,-29.39347702078291,-23.654451438397615,-21.66885145880208,-20.85887120173034,-20.81792690911495
-20.141697138146334,-20.27787887085052,-20.135097555121778,-22.118758922819644,-30.02133320680948,-20.180986723957346,-22.064137258505024,-44.80852519318462,-61.388463136261706,-20.595814072938136,-20.193351673754485,-20.323391574180963,-20.331055419818842,-20.586267490259658,-31.284283228408313,-20.3784541821004,-20.25301652811136,-20.130322925577747,-21.195656114902796,-23.68020419947154,-29.13827102864998,-62.00433873115372,-236.0877377211964,-97.82078157478507,-21.592358009845277,-29.183333418633545,-23.10214936998352,-21.064553320787823,-20.18518930175532,-20.137610914655102
-20.141697138146334,-20.27787887085052,-20.135097555121778,-22.118758922819644,-30.02133320680948,-20.180986723957346,-22.064137258505024,-44.80852519318462,-61.388463136261706,-20.595814072938136,-20.193351673754485,-20.323391574180963,-20.331055419818842,-20.586267490259658,-31.284283228408313,-20.3784541821004,-20.25301652811136,-20.130322925577747,-21.195656114902796,-23.68020419947154,-29.13827102864998,-62.00433873115372,-236.0877377211964,-97.82078157478507,-21.592358009845277,-29.183333418633545,-23.10214936998352,-21.064553320787823,-20.18518930175532,-20.137610914655102
-20.883510557510277,-21.007926344240182,-20.88737524368659,-22.72439139340549,-30.279516164891405,-20.92691245591791,-22.65453345536412,-44.82257314129742,-59.60119342970949,-21.310680437728383,-20.924179700674788,-21.04950206253525,-21.045764234475072,-21.269581795270405,-31.280757162093806,-21.069355861272314,-20.976413301017413,-20.872106218591487,-21.853311088642673,-24.15861531468465,-29.309211871549177,-60.08011975104483,-227.0768967745698,-94.78775289929655,-22.20360359340436,-29.271359511086825,-23.622776022912245,-21.73350320077098,-20.926985385021453,-20.889028729953054
-20.795481278457657,-20.929416934280123,-20.792505923199084,-22.77601882842578,-30.357784157546668,-20.831257422789523,-22.64485967385683,-44.80752221821468,-59.16647889342582,-21.204426648804155,-20.844391095949113,-20.960461790829513,-20.972449004787723,-21.18718885089671,-31.11826876368292,-21.012306014569393,-20.904255284087203,-20.78830441975383,-21.778442873767695,-24.115740131248224,-29.559902629849404,-59.078740992764814,-231.37762663223901,-93.64449289983597,-22.12549435746524,-29.40515955078064,-23.647455266991592,-21.647136398976322,-20.83550666024422,-20.794064005906293
-19.668153169828194,-19.81355471774972,-19.654489975519162,-21.767380455435475,-29.903689209512628,-19.70353676360902,-21.702949831641092,-44.90604482696038,-62.399318967373745,-20.13385499765973,-19.728093566152303,-19.85866116501814,-19.87627935146181,-20.146585426646347,-31.248107576680322,-19.940046509907813,-19.79411643631019,-19.65782320653695,-20.77594750487262,-23.374591997342463,-29.11311355509661,-62.921012709713196,-243.28299353428497,-99.52957109030882,-21.19745547557368,-29.179172826317227,-22.79309013737993,-20.63506904232627,-19.711053730852218,-19.657416611114705
-20.16438587484691,-20.300898266160065,-20.157638648446735,-22.148071597187087,-30.03336543697263,-20.203176499215413,-22.087131184385093,-44.80005203090493,-61.265837486216135,-20.615572378652644,-20.216251484873858,-20.34531936011883,-20.35387275039967,-20.60684051055997,-31.267337148314095,-20.401657004697068,-20.27630803818969,-20.153382962520013,-21.21586565018885,-23.69420067799551,-29.166878753559708,-61.82221486858329,-236.03254900637683,-97.57556677749619,-21.61022907212394,-29.198786707340666,-23.125440899224454,-21.08422470034651,-20.207568228649713,-20.160105631975064
-20.551000676186533,-20.681990874936165,-20.54911574731973,-22.47092767436929,-30.1652258616987,-20.591346943227045,-22.398494552036958,-44.774201472544874,-60.277065729580166,-20.986592612108694,-20.597641348837055,-20.72367549854848,-20.727430078212517,-20.96346815231753,-31.252963847778155,-20.764159320128666,-20.654334093254686,-20.540272284748287,-21.558938605344835,-23.943674028823647,-29.270736477439925,-60.727767008923436,-231.3518766313567,-95.8460427179696,-21.92907294916017,-29.25185536073058,-23.40225852094462,-21.432503400418753,-20.593880045303216,-20.551138740368042
-20.592166032269397,-20.721643683997407,-20.591464788274976,-22.491602313185354,-30.173518230216025,-20.63351211897708,-22.42507207245279,-44.785401816906976,-60.25371499726856,-21.028717158147423,-20.63750930868516,-20.764267440142653,-20.765867791247658,-21.001589174608846,-31.27119715535352,-20.799839856520347,-20.693022818199797,-20.580979931224885,-21.595127636669027,-23.970264760396574,-29.251437112249228,-60.76149700638569,-230.57417117633858,-95.85575069807538,-21.963622905087576,-29.24059392601753,-23.421913335631597,-21.4704166687068,-20.63542348144688,-20.593462996264552
-20.937514226528712,-21.065762755621588,-20.938765206950414,-22.837003541729068,-30.344776998423804,-20.97706158738625,-22.731792625852684,-44.78478708681162,-59.11000221086403,-21.35043713111745,-20.98124543093859,-21.100968702940165,-21.10461665725177,-21.319293136411144,-31.19357294405927,-21.13452451362574,-21.03700903799171,-20.92854462817602,-21.903774682469223,-24.199386895946155,-29.476852400917394,-59.25082644756271,-228.05902317943583,-93.6824313146661,-22.246560760489107,-29.365243392797332,-23.711155804497697,-21.778858713104768,-20.978969675362944,-20.940245605850734
-20.86678561496537,-20.994065643244678,-20.868489956916026,-22.747993970057646,-30.29206547803105,-20.90776984584196,-22.659765910559877,-44.78450445192104,-59.432571078852945,-21.287626664893274,-20.90979605189637,-21.032403191014456,-21.033491442023365,-21.254266830768177,-31.231452355577904,-21.0621810844079,-20.964486446141184,-20.85672895410852,-21.839894311025827,-24.14964849385757,-29.38968418236291,-59.73329011571573,-228.0714014459704,-94.3408547461867,-22.189105906818565,-29.31729255342319,-23.6387232362434,-21.716556274866697,-20.909123486604745,-20.87010592061073
-20.362477005310172,-20.494583405716668,-20.35926468884498,-22.289056910321207,-30.08899698132634,-20.40346671678921,-22.235124939758272,-44.79883181475303,-60.89960858616474,-20.81031267584491,-20.410427657204924,-20.539775713794928,-20.543106432050745,-20.790216938529692,-31.294459452348683,-20.582724850139112,-20.467327692147645,-20.350764636130027,-21.391141540519488,-23.82271409166687,-29.165106322620893,-61.52591917779562,-233.07657766524147,-97.01323840567308,-21.775059901148065,-29.194449366775917,-23.249910874813292,-21.26422537501166,-20.406192825925082,-20.361554483792652
-20.362477005310172,-20.494583405716668,-20.35926468884498,-22.289056910321207,-30.08899698132634,-20.40346671678921,-22.235124939758272,-44.79883181475303,-60.89960858616474,-20.81031267584491,-20.410427657204924,-20.539775713794928,-20.543106432050745,-20.790216938529692,-31.294459452348683,-20.582724850139112,-20.467327692147645,-20.350764636130027,-21.391141540519488,-23.82271409166687,-29.165106322620893,-61.52591917779562,-233.07657766524147,-97.01323840567308,-21.775059901148065,-29.194449366775917,-23.249910874813292,-21.26422537501166,-20.406192825925082,-20.361554483792652
-20.734019055744117,-20.872842196137107,-20.72802414860191,-22.791554613889346,-30.44871329542317,-20.766267439065523,-22.62701985080404,-44.92540496761086,-59.02126502161492,-21.13540403354858,-20.787492973365936,-20.89831597373007,-20.91810828024816,-21.128145534294756,-31.032898680143788,-20.96531919483162,-20.850657304556318,-20.728855079868847,-21.72415577841121,-24.091754572238855,-29.68248544949776,-58.65544644708987,-234.54242376269423,-93.31849493157893,-22.06863218135299,-29.46051208419486,-23.64518939678036,-21.587071980609558,-20.772544430017625,-20.729536108370002
-20.64675472697492,-20.78561865696184,-20.640358552999718,-22.699472285013734,-30.377306621818427,-20.679611952132515,-22.5467672577893,-44.88250481289454,-59.30513088609516,-21.054167877955848,-20.70023200042386,-20.813409122714422,-20.832227558178595,-21.04789125027061,-31.054836844781946,-20.880192777236804,-20.76335379037093,-20.640924188098758,-21.646085278982795,-24.027854978355307,-29.616767849517885,-59.0407595047046,-234.7771307481921,-93.84051016826484,-21.997539961765753,-29.42798612319816,-23.569729667745943,-21.509358628579967,-20.685787679892133,-20.642004084033736
-20.58632674583804,-20.724502062165108,-20.580055392885864,-22.623673840007037,-30.310709118103407,-20.62019788161515,-22.485619811728323,-44.83716824368477,-59.560306387426564,-20.999803270008123,-20.63916195320281,-20.754973712272193,-20.771857092185293,-20.99278997608084,-31.08650223849311,-20.81934209308496,-20.701734082359255,-20.579663033900548,-21.59202468396175,-23.98149303820193,-29.546223471355866,-59.42115150661204,-234.53639099347689,-94.3191563485895,-21.94948432126838,-29.39369191484147,-23.50996782188586,-21.45642107993355,-20.62599368718553,-20.58181517470381
-19.531301925292478,-19.677748090501282,-19.51660695154155,-21.63882850402777,-29.856770953583187,-19.567018560126733,-21.586916261656484,-44.946496159527726,-62.87012650291168,-20.005616862220567,-19.592337264003618,-19.725189107422096,-19.74273072170107,-20.020896093778937,-31.283724710028352,-19.80880466443215,-19.65878521263455,-19.520382029628784,-20.655005631783936,-23.288483485170495,-29.049952942953585,-63.50457444519333,-244.77864010948758,-100.39662042641228,-21.086493316085523,-29.1496816458502,-22.686774206630197,-20.513359456113335,-19.574759940563673,-19.519706580860234
-19.651346512485162,-19.796863969335,-19.63756281353461,-21.75138554028204,-29.897572777743832,-19.686780480647556,-21.688595127786414,-44.9105322805476,-62.45776646651521,-20.118134219377392,-19.711410577672993,-19.842274513684682,-19.859863199858562,-20.13115544709249,-31.25266105154879,-19.92389767233322,-19.777476116643687,-19.640937797239147,-20.761087084278497,-23.36396008698096,-29.104874083597764,-62.99422023849726,-243.45825226404688,-99.63740927588962,-21.18383772711901,-29.17527712950872,-22.779887486147633,-20.620129967348124,-19.69431987151442,-19.640511164894182
-19.74485825171043,-19.88859554044527,-19.73238800588351,-21.82079867930605,-29.918482488752893,-19.78100501357522,-21.76000045285509,-44.8821820681209,-62.25233900941009,-20.20925745719467,-19.803325479181392,-19.934065412420296,-19.949786451788082,-20.218150965425085,-31.258844387269704,-20.01076656887989,-19.86817575333776,-19.734261665372692,-20.844007719308234,-23.424157883308176,-29.109613370165505,-62.80709550117059,-241.99053579684082,-99.28086725799119,-21.26198828862955,-29.175728404515056,-22.841076675746883,-20.704943967382107,-19.7879177020888,-19.73525840393704
-21.257674072720754,-21.378278827161,-21.265603452354434,-23.063019196260317,-30.446037747102288,-21.30138691787224,-22.969608805905914,-44.872387354831474,-58.58235924737126,-21.665783627170455,-21.29446195970921,-21.415034716227094,-21.408972474601796,-21.61347340282263,-31.250183230531896,-21.42358149124153,-21.344950313201533,-21.24743200571206,-22.18690042404952,-24.403790216213917,-29.47921979704575,-58.831191230742945,-223.6850644295267,-92.95213332174248,-22.51134803932778,-29.369533764936495,-23.911534888132827,-22.069783960757256,-21.300301511320036,-21.26672344544072
-20.4549349703753,-20.585719673415998,-20.45291082596372,-22.366617382182977,-30.120908036307625,-20.496300395937748,-22.309645355939463,-44.79518106490971,-60.66093210212606,-20.89896925150076,-20.501630344946555,-20.630229132114856,-20.632408548296507,-20.875369332417435,-31.290226964286276,-20.66932853029982,-20.55773118189719,-20.443293483375083,-21.473120500778222,-23.88209379760141,-29.19065678737628,-61.25943919755154,-231.97484776039863,-96.5986100375396,-21.85111416284566,-29.207571257001185,-23.316208317673677,-21.347438223485835,-20.498579788208872,-20.455091548175815
-20.63845394282504,-20.76501778899774,-20.640007055300824,-22.498101780968767,-30.18175813304505,-20.682023420566118,-22.446679978426157,-44.82848532818005,-60.331264377837684,-21.079494136551503,-20.68143311086564,-20.81020889799936,-20.80727089585031,-21.044391726104887,-31.31528357328002,-20.83597423244346,-20.734494180761054,-20.62612013523386,-21.635120976790475,-24.001196759694416,-29.19086574105325,-60.98890197626892,-229.42769918043962,-96.12837361612678,-22.002660506515845,-29.204563641560032,-23.431076897197897,-21.513913382665976,-20.682681913499266,-20.642004865366534
-21.09634608843273,-21.21621438288985,-21.104359821986257,-22.884894656511097,-30.361311259137867,-21.142038199856717,-22.81707052010873,-44.89427882378466,-59.19431016601047,-21.51869144542121,-21.132952305650498,-21.257910977615815,-21.248746139851995,-21.464549086242066,-31.302097791070047,-21.26289791776433,-21.182069247146693,-21.084388544352123,-22.041240932978113,-24.295897537288894,-29.330250357396295,-59.697099944049015,-224.4957559183869,-94.19960379762112,-22.378116928008513,-29.282071188046153,-23.761601905328508,-21.92598030518683,-21.14037391468451,-21.10575643812987
-20.568619447205894,-20.701808989895635,-20.565308905157202,-22.523597614985125,-30.198524779517378,-20.606869691239133,-22.430839256055812,-44.763969417379194,-60.02356896358716,-20.996662292065988,-20.61705225222992,-20.73999223667639,-20.74786090880111,-20.978962637263084,-31.200134348574046,-20.788044653460606,-20.675707641096718,-20.559202167539002,-21.575357379528214,-23.956941934823117,-29.35913564339607,-60.28411244350093,-232.08026888759497,-95.28948822121359,-21.94145491103494,-29.299926135462286,-23.441343321892425,-21.446049868173223,-20.61042990467198,-20.567243059398706
-20.30982054538508,-20.44810386423688,-20.302445362644345,-22.331408962319507,-30.12974764639847,-20.34580859082939,-22.232868593104072,-44.788096693989054,-60.54197474146538,-20.743968084247435,-20.362919045137513,-20.48596886541464,-20.49956883540357,-20.738971965801017,-31.171553266477407,-20.54912975967458,-20.42497982197509,-20.300978584566597,-21.345413870424636,-23.789863033385473,-29.339068595889213,-60.75355999864237,-235.84008056765458,-96.15652447975525,-21.72518044701097,-29.288853288312424,-23.2708554125077,-21.210868122663467,-20.351234499969976,-20.30462876364039
-21.518279630149166,-21.63623363499755,-21.529143644194953,-23.299572350484745,-30.576007124085226,-21.56225621050226,-23.190160554048212,-44.94327865980822,-57.90665957031128,-21.91347144821052,-21.55240700135601,-21.669618752366787,-21.661830967955943,-21.852941344606087,-31.23645240063958,-21.669997929998747,-21.601703255570552,-21.508879953390107,-22.419735641349327,-24.57760405875827,-29.602948164913336,-57.996606215230074,-221.57681812716118,-91.7399517920476,-22.72611517589789,-29.44275167491368,-24.11402883456507,-22.30435435858016,-21.560354382007713,-21.529873788224354
-20.131072369827535,-20.274625767528644,-20.12009144254618,-22.230262989935532,-30.127523839986534,-20.164103463286207,-22.110171348679675,-44.86311071805576,-60.74872777689036,-20.564455153425357,-20.18889751087127,-20.30947680615399,-20.33004848083317,-20.571206045078686,-31.108151800647118,-20.388140762279377,-20.254612007308964,-20.123565510576796,-21.186261927986276,-23.67820458272064,-29.39165261370517,-60.7769821316503,-239.56287553512269,-96.47560655599295,-21.571824593989888,-29.31367198815645,-23.17224973947861,-21.04589115875575,-20.171545014084586,-20.122373738114188
-21.223895051183213,-21.342810278516865,-21.233049733099072,-23.005125957145193,-30.41833004768117,-21.26938714245518,-22.926877851422017,-44.90471587722425,-58.81946740246009,-21.63875475762289,-21.259417841909162,-21.382433030859225,-21.373055032496776,-21.581746461229155,-31.28554361301676,-21.38472522603435,-21.308277487116378,-21.21251951876898,-22.1552016171981,-24.378991602429043,-29.400036370040542,-59.21854334723547,-223.43021313705566,-93.50246576762379,-22.482993699893722,-29.32319316389021,-23.863919181520934,-22.040387837491792,-21.267481851109157,-21.234253143914096
-21.037417595314572,-21.163441973892542,-21.040575005111585,-22.90902195260237,-30.37494089974397,-21.07811199757491,-22.806927579072763,-44.80116457091691,-58.93459181647255,-21.448518063880393,-21.079107550381448,-21.198994561660033,-21.19990263668785,-21.411370471616145,-31.209427983176386,-21.225437818796852,-21.133362459772652,-21.028120689651093,-21.99233210017261,-24.263434076263923,-29.481086730779523,-59.10277838498518,-226.68137704683977,-93.41941243280264,-22.329544017264674,-29.368667364245148,-23.77514346122278,-21.869674859484434,-21.079162892995853,-21.041946406552675
-21.103817783062166,-21.232848631094008,-21.105130117560517,-23.024823672685432,-30.47160039399018,-21.14136091841585,-22.891056093629825,-44.831187038833704,-58.49625080570233,-21.50259864715429,-21.14813977630085,-21.26262208417147,-21.269634880529168,-21.472365743557344,-31.137713545864546,-21.299755420118572,-21.20500844402856,-21.096614983546033,-22.05342855686883,-24.318906538072156,-29.63363029654964,-58.37429596620699,-227.7382003675632,-92.4831056737867,-22.38244459760059,-29.44965727613161,-23.865607220399365,-21.926670485367094,-21.143885600107282,-21.10632647702096
-20.453543763382932,-20.587674373269003,-20.449243541843533,-22.4166308204179,-30.14828402644632,-20.491935959647343,-22.332751189073374,-44.76716985535061,-60.36838822318914,-20.88804556749532,-20.502936639047753,-20.627623934077604,-20.635706052173777,-20.872966074535544,-31.217185590697564,-20.678068716968223,-20.561996298425967,-20.44367517513449,-21.472878444887026,-23.8812300417626,-29.30352202334059,-60.71155340579111,-233.15451813140953,-95.92349207358625,-21.84697100305644,-29.270288946536688,-23.351142087467508,-21.342921930693777,-20.495734325800075,-20.451330818767385
-20.9028251523817,-21.02846290129488,-20.90583601808151,-22.761938546000543,-30.296393615564263,-20.944971814206934,-22.680817624741977,-44.800981610592984,-59.434376671248295,-21.325220563433874,-20.944421109707985,-21.067995616069272,-21.06662643883575,-21.28743789982208,-31.25250667833824,-21.09226913445434,-20.99782435877675,-20.89221413447662,-21.871340204832315,-24.17197734975024,-29.36368428910759,-59.80322340361429,-227.30718503530318,-94.40836479845605,-22.219211644551095,-29.302704549128446,-23.652770466704453,-21.749881716093263,-20.945632849253847,-20.90743180518815
-20.599097458649872,-20.728570772323554,-20.598419729795186,-22.498830517891097,-30.17664774809665,-20.640387690267353,-22.431349602175352,-44.78427033814057,-60.22805890171108,-21.035099683833828,-20.644421554056933,-20.771017846886927,-20.772696801237252,-21.007954857570432,-31.269013332817664,-20.806623282072774,-20.699960671192002,-20.587966943128,-21.60131945258209,-23.974736543715018,-29.25658792765278,-60.72672277965437,-230.52402968600086,-95.80598201296135,-21.96927343359796,-29.243459187072112,-23.42792349980872,-21.476578286535055,-20.642308490499595,-20.60040704949212
-20.87873042381993,-20.995734863840266,-20.888461747246662,-22.624398222807773,-30.294253790648085,-20.928816346233745,-22.601834207307682,-45.05952289607767,-60.22103474028337,-21.326412931112845,-20.91421683099717,-21.046079263606774,-21.029617828525137,-21.263245045446375,-31.412316691790657,-21.039558634155842,-20.959534102061237,-20.86351592525038,-21.843546971372263,-24.16383113765002,-29.077165755401737,-61.19447577925439,-225.8588427924459,-96.41786799716823,-22.197615040089506,-29.12602733199865,-23.54063314724756,-21.7333557564102,-20.92555658372577,-20.890264625842615
-21.198300937776406,-21.31530686791998,-21.208921838020704,-22.954117846895162,-30.40330720153187,-21.245702868904793,-22.890729611002023,-44.95895778095558,-59.04891083478529,-21.61993773908591,-21.23247342215694,-21.357760769189053,-21.344820365249515,-21.55734676587216,-31.32206427569799,-21.353030070203253,-21.279496975318878,-21.18575689429619,-22.13058923783361,-24.361457539930814,-29.32190508303606,-59.599684534349734,-223.20407503103527,-94.06061259737173,-22.460943835110907,-29.275839093679895,-23.82136682965522,-22.018325408937965,-21.242899706809,-21.210196833990658
-20.63848727823591,-20.775555996162083,-20.633048958163073,-22.660688629586737,-30.32032257168271,-20.672867074205833,-22.524898756845538,-44.825885350919634,-59.46547847237232,-21.050965509838143,-20.690300944905754,-20.80625637851488,-20.821840447663604,-21.041359500573027,-31.095577714086254,-20.86738821969558,-20.752165923421778,-20.631668821856536,-21.63853044363945,-24.014760444805283,-29.547520611646473,-59.34358581074582,-233.70182219491608,-94.15566947543365,-21.99352902561124,-29.395518682324177,-23.54368559948402,-21.504063836015572,-20.678259105624115,-20.634761444802667
-20.809924851163274,-20.936830167230404,-20.811723930904833,-22.682734759110804,-30.25929467950312,-20.85171846757281,-22.605087313548633,-44.791074379243256,-59.666403405328204,-21.236202811565107,-20.852737269011605,-20.977134533054738,-20.97687789637243,-21.20197381910426,-31.255043913657005,-21.00524581861498,-20.90687329177547,-20.79920143175572,-21.788755222514958,-24.111504669042144,-29.333393017344925,-60.06849654991835,-228.2962434090506,-94.8107898700009,-22.14270494815888,-29.2857209147434,-23.5848520795966,-21.666186516893685,-20.852809955738316,-20.813439412701914
-20.92182840325023,-21.04426880329915,-20.92731621502624,-22.737325117193635,-30.290144451122302,-20.966678729005963,-22.675763076958123,-44.85925247296062,-59.62040204081093,-21.351241556357028,-20.96088141837924,-21.08729754188685,-21.08057495829682,-21.30455014117643,-31.305662364410754,-21.10040211732697,-21.011502659151194,-20.909725980907275,-21.886406478945002,-24.18332781471797,-29.275837813825042,-60.18306383380529,-226.31433700634807,-94.9175706218721,-22.235076374803313,-29.251148000918437,-23.635403279245025,-21.768896053509195,-20.965913399765068,-20.928948796358654
-21.199387463941633,-21.325129162950127,-21.203301280744924,-23.07552117806292,-30.47481679767657,-21.239029654365947,-22.95392860745202,-44.83264145612797,-58.41314451221528,-21.5992450682636,-21.24066604635299,-21.35685272602562,-21.359163323329966,-21.560617850787757,-31.175783515730963,-21.38321710717385,-21.29522981531341,-21.191281215836728,-22.137755947494433,-24.375783584732776,-29.59922564907267,-58.39722465421011,-225.8435944207386,-92.4197978716263,-22.462798493377118,-29.434469464392553,-23.91471642799023,-22.014577537073052,-21.2402065875554,-21.204417797553717
-20.088237941108638,-20.225816405126764,-20.080576320430193,-22.084368536771983,-30.00899321344592,-20.126755148463307,-22.025818450201136,-44.81120496479248,-61.46711069445355,-20.542588495703722,-20.141111606946808,-20.27080057075327,-20.280235460344148,-20.53654957775869,-31.271651906092274,-20.330105379901216,-20.20181725447389,-20.077172246830834,-21.148349236034107,-23.645312145350125,-29.146829749378156,-62.045173153307914,-236.98731668444245,-97.93097997211703,-21.547463851484988,-29.189055624128617,-23.0709574932997,-21.015691406017172,-20.13149851692346,-20.083127906740337
-20.352320784234397,-20.487150171135404,-20.347243723733605,-22.320490416312975,-30.104830773120625,-20.39096241349907,-22.245653807648523,-44.775141147026225,-60.68940461112465,-20.792971549588216,-20.402461328587414,-20.528845828841686,-20.536869286679917,-20.779829614059835,-31.236552985238042,-20.580930809598616,-20.461758300415532,-20.341984649082928,-21.38280044882685,-23.815199171745036,-29.250618895984786,-61.116674892360024,-234.0820958449159,-96.51879240898441,-21.764135023353422,-29.24229939715598,-23.270548851014702,-21.252430399375992,-20.394909630168925,-20.349468682582145
-20.277108206215182,-20.411705226823802,-20.271954644159063,-22.23720178899153,-30.067878528816685,-20.316613720123932,-22.175537433376277,-44.78981242078572,-61.00226155752242,-20.7246391267875,-20.327210622851002,-20.45576372117342,-20.462398126647724,-20.711020195244952,-31.269422684399785,-20.50652695771822,-20.38600741786167,-20.266017617065184,-21.31577994891005,-23.766893258993324,-29.18558934574528,-61.553001604943695,-234.52460048260082,-97.1268783252257,-21.703532569911435,-29.20741274396555,-23.202597574908683,-21.18606813345322,-20.32032888405019,-20.27430481583273
-20.216003695029617,-20.351480113877486,-20.21008671615381,-22.186333928326825,-30.047789061461742,-20.25526258583861,-22.126439550634363,-44.7960393603402,-61.160028852993285,-20.665998437032645,-20.266936289165802,-20.39596209987875,-20.403356476203722,-20.65464106460239,-31.272032221027466,-20.449224840937557,-20.32627275992728,-20.204874122039215,-21.261590373109957,-23.727587962998108,-29.169807447388905,-61.7268523069252,-235.28174996392062,-97.40316340518811,-21.653156306023586,-29.199578722504135,-23.159021526225196,-21.131040041934224,-20.259272884785688,-20.212505651034856
-21.6557545815469,-21.76995806348932,-21.670119109862092,-23.393793152755578,-30.62709656263315,-21.70196579798361,-23.29011234407366,-45.02933388581879,-57.70934631126781,-22.04952148423122,-21.686527724135054,-21.804275155956198,-21.791443100051662,-21.977886869795416,-31.26455050462161,-21.79164472921825,-21.733229966810626,-21.64565417220148,-22.540570963433137,-24.66377191455002,-29.598352374998022,-57.85276600028617,-219.85490795025075,-91.5319877447651,-22.838113662774877,-29.442079131271075,-24.196722855828853,-22.428930398075227,-21.69855510903505,-21.670663911014486
-19.85305440820433,-19.98840012492895,-19.84624760580844,-21.800703661678437,-29.929913896262832,-19.89581296263656,-21.797927682784504,-44.95322687814568,-62.68675951715974,-20.335583820338556,-19.904969826166347,-20.043008088069318,-20.045267478964444,-20.323162533297584,-31.431229354822285,-20.092882612743495,-19.962406691640687,-19.83873008625547,-20.93951348534017,-23.510408021439495,-28.893825718041548,-63.80299077013642,-238.45620009517268,-100.36709843325832,-21.361452339381845,-29.04951684419164,-22.842808011328053,-20.81111720655531,-19.89911108541419,-19.84924950797868
-21.65203414669169,-21.762275466579766,-21.6697370068027,-23.341601122345455,-30.610413866686375,-21.70176694903735,-23.260049927461786,-45.13351534171141,-57.97498877624847,-22.05502935175493,-21.679777185983962,-21.80098595393748,-21.78133463047086,-21.971648764151197,-31.317554893612144,-21.773769756146756,-21.7230325934918,-21.63998303366819,-22.533214501608168,-24.6543062768783,-29.479052830785115,-58.344360381616,-219.03205319889813,-92.28659514033924,-22.831381666890223,-29.370047439105296,-24.152535292983703,-22.426444036370555,-21.696572445630885,-21.67032437386403
-20.11236465411333,-20.24405136314691,-20.108784896376708,-22.019784195287077,-30.00663580556705,-20.1560258088748,-22.00633493354769,-44.90998035490983,-61.955992995750194,-20.58323075351274,-20.160788689546063,-20.29650874813857,-20.295837307060637,-20.56145512632677,-31.403563365790205,-20.33606859535706,-20.216043264609105,-20.09829034893899,-21.1684739009433,-23.672445002090125,-28.963122080921146,-62.977486855755046,-235.16209404927523,-99.0932637827565,-21.57315539282337,-29.081314427817674,-23.02783485815525,-21.043513540922916,-20.158123698299175,-20.111486705343808
-21.834316955312914,-21.94282125517552,-21.854129501272165,-23.509664896716647,-30.7026084381777,-21.88414991645453,-23.415555435547542,-45.19816242020214,-57.49694901284126,-22.227640553534098,-21.860198529254383,-21.97893490655154,-21.95816831243751,-22.13855835972515,-31.306544766303844,-21.946012506860693,-21.902852904555687,-21.822978266473555,-22.696201030071443,-24.774186292757342,-29.575158697247055,-57.73559533536086,-217.70379697358285,-91.42269932737612,-22.98119529228049,-29.429642408883872,-24.296726766612803,-22.590299344501503,-21.87842315461223,-21.85441237220293
-20.95154099477829,-21.083541243674716,-20.95036161392446,-22.910397551547767,-30.426668703234412,-20.98773767169817,-22.77363423616541,-44.82406419132674,-58.786215065207756,-21.354007270590568,-20.99863854141485,-21.113186250731115,-21.12363871811298,-21.331469207792733,-31.117131549813088,-21.159470460208727,-21.05739126799345,-20.94462698296957,-21.917794789216117,-24.220505866665977,-29.614958795019447,-58.64394259864393,-229.79173125528345,-92.96500889561668,-22.255104557198088,-29.43611461798017,-23.76348787099616,-21.788128404864093,-20.99136273546614,-20.951726170414428
-20.928750805292236,-21.059766111571307,-20.92811262971861,-22.870578220310588,-30.38796146304682,-20.96596489051793,-22.744894749750795,-44.80073813597772,-58.9330680692153,-21.33530333210493,-20.97494876685913,-21.091406899024935,-21.099845326849934,-21.310755228540867,-31.142163902878394,-21.134301907922143,-21.032902654825463,-20.921143454603705,-21.897026391162605,-24.20073674621421,-29.563457229395134,-58.888874719370676,-229.3577625919442,-93.26516189069588,-22.23737599046289,-29.409982453400566,-23.733033499408577,-21.7687023844759,-20.96911326739778,-20.92953869061122
-20.501045899732446,-20.632414500823337,-20.49874902099532,-22.4239898402004,-30.14470459301463,-20.541484517047845,-22.35574835666249,-44.77796087957894,-60.43232433411934,-20.939602819565366,-20.5480944536016,-20.67491275919896,-20.67870683676565,-20.917517155856608,-31.261624551217395,-20.716342090000655,-20.604920321512417,-20.490101804730482,-21.5144717404181,-23.911332708804895,-29.245400631104573,-60.9226733249417,-231.82307233639284,-96.13351633034682,-21.888148671457248,-29.238100509084255,-23.362739272995697,-21.387802824119756,-20.54410726369289,-20.500840545300218
-20.11422421470842,-20.25251619420936,-20.106192983580623,-22.12355956826351,-30.027217343635968,-20.151876717221267,-22.054673674959925,-44.80269105927855,-61.294181662198234,-20.564206021971632,-20.167617932000145,-20.29574918316583,-20.30680172305018,-20.55985755974376,-31.24372846249078,-20.357601073079472,-20.22905546477509,-20.103765391111914,-21.17148210401212,-23.66139658120989,-29.19148449681676,-61.776103089013596,-237.07111127360412,-97.58219690123616,-21.56735975291487,-29.212882914374017,-23.101243123022613,-21.037784299627777,-20.156986438019278,-20.108680113102704
-20.428331885042507,-20.565114121554373,-20.422276106488276,-22.432638278508882,-30.173623547167296,-20.46462792074904,-22.32976052921273,-44.77901731566871,-60.232971394192546,-20.8573954299186,-20.48001171745135,-20.601943672265676,-20.614403149831826,-20.848542584836814,-31.16604595273671,-20.660980594820217,-20.54119157723365,-20.419663766433512,-21.450864606933933,-23.867612793625756,-29.376486757891122,-60.403939322868624,-234.47484514613757,-95.60215229388993,-21.82326719750633,-29.308337169304444,-23.357732534800412,-21.31768431360891,-20.469574938885952,-20.42432291959859
-20.696415261635728,-20.830914507198287,-20.692721789174144,-22.680030611634482,-30.300872597219172,-20.73249439446291,-22.55806430639071,-44.790267343097526,-59.46281237574091,-21.111213636109433,-20.745874992113436,-20.863806647291927,-20.87557901011326,-21.095862122043826,-31.13382709734033,-20.916963423002368,-20.805945146905355,-20.688729680574554,-21.68990203940874,-24.047470713385145,-29.502698208529864,-59.45857875977039,-232.0637642587894,-94.1925256018282,-22.04405305215395,-29.374916767941677,-23.566920194270917,-21.55836164084857,-20.736842940747504,-20.694418985768266
-21.042513067663627,-21.1642383227882,-21.04890880341401,-22.8535277640014,-30.342135140013163,-21.086992432124887,-22.780732463064908,-44.85736503084017,-59.24311284416133,-21.464273767736405,-21.080685356239453,-21.205074506112176,-21.198509127372507,-21.41549367254521,-31.284802193284147,-21.216377560947247,-21.131221635213645,-21.03105049183572,-21.994237738408014,-24.261448530655144,-29.34650338331688,-59.6949007143513,-225.29960659635415,-94.20513155753744,-22.334202909337552,-29.29221478309577,-23.73385838219501,-21.876945353546258,-21.08608841306983,-21.05035954815681
-20.74077917732462,-20.871929888448026,-20.73939029715682,-22.673784818906515,-30.268704294569297,-20.779389353227067,-22.573124312126335,-44.76787527679146,-59.5712669335483,-21.161028482651822,-20.787249212433746,-20.90836450446132,-20.91475952504955,-21.13778714742871,-31.190648880336866,-20.950634683622532,-20.844769380532334,-20.73170532756507,-21.728660894787527,-24.070290430202043,-29.421986973825263,-59.757173183378654,-230.27330105526397,-94.48053679643647,-22.083620608050694,-29.33412515331127,-23.56985742785545,-21.60109258785294,-20.782303340850067,-20.74110961857896
-21.400800199102648,-21.51627576243438,-21.413290502011225,-23.14486885635506,-30.494347575219866,-21.44791441721822,-23.065088995721112,-44.982371628190485,-58.46054478539,-21.810562344549407,-21.4332042359352,-21.555452251066495,-21.542090536022783,-21.74328318449652,-31.297502525131225,-21.54623885873017,-21.479842611004464,-21.389187126600223,-22.311609741699694,-24.493051928292303,-29.434035481252224,-58.84575048613587,-221.54909846428313,-92.9659942031205,-22.627485653074654,-29.34312551293648,-23.984102140261815,-22.20000968306099,-21.444713293841613,-21.41425014625324
-21.543329190729885,-21.655271997804853,-21.559226879089444,-23.24935504337567,-30.558427969790138,-21.59242516134013,-23.17185268686134,-45.08095256920529,-58.222710111312054,-21.950619553322234,-21.57267132271631,-21.694821626915882,-21.67693994141594,-21.87257529187638,-31.316802171933844,-21.673388721954254,-21.616880499357716,-21.531183618733667,-22.436794289008134,-24.58404809269899,-29.442079378186484,-58.6332188503868,-219.98797132035588,-92.68672296277957,-22.74278686202035,-29.347476842370764,-24.073649813835353,-22.32865433649281,-21.587841399617275,-21.559985448818644
-21.570863179538637,-21.68755957761287,-21.58290849190605,-23.337703541104656,-30.596247742326668,-21.61553739007144,-23.229571464647282,-44.9708539826979,-57.82023603165996,-21.965133549782692,-21.603848427532,-21.721115824847182,-21.711705871927347,-21.900896393838778,-31.244986351351443,-21.717190767501894,-21.652300613998783,-21.561278490529695,-22.46614311431006,-24.610999851000702,-29.60612880331852,-57.921476568866815,-220.95142977514138,-91.62813069310843,-22.769158080509904,-29.44538603370482,-24.147436710339925,-22.351984042645682,-21.61313880268299,-21.58356747269909
-21.54951031378465,-21.66633196743786,-21.56138316629379,-23.31705311480608,-30.584225820305893,-21.594242796078394,-23.21079766132401,-44.964854499733676,-57.88044676264987,-21.945045140903794,-21.582636480543165,-21.70027506389708,-21.690850887958813,-21.88124326908074,-31.24721749976597,-21.69670099811281,-21.63110575519573,-21.539808538370803,-22.446970739531338,-24.596448788858723,-29.5928839138349,-58.00038588395577,-221.08568984560617,-91.74144327580586,-22.751514018011477,-29.437522094965274,-24.129814617581914,-22.332790789569724,-21.591869467494107,-21.562076421381672
-20.064185780265344,-20.206841516622518,-20.053428131426568,-22.143440422938273,-30.06612921919767,-20.098500956067394,-22.04212648846374,-44.837959560126365,-61.08025322773118,-20.505335388593313,-20.12128914997682,-20.244942827829135,-20.263070497431467,-20.510765405491952,-31.154770669503883,-20.320444600972955,-20.186191741912754,-20.05566227561288,-21.126966705858397,-23.631006207352243,-29.309255873873653,-61.27158486870776,-239.40458643007318,-97.09953821076891,-21.519747369049647,-29.273715747645472,-23.104963119894027,-20.98796643735749,-20.105458669452556,-20.0558438074705
-19.834746916602743,-19.978356828429575,-19.822647337570075,-21.914737516664058,-29.958456580457636,-19.87020458444053,-21.84057251230009,-44.863339273870565,-61.894811771835265,-20.29186018493904,-19.892951527633006,-20.02146338139254,-20.038201263734607,-20.300256497849702,-31.222643833246394,-20.09842549500981,-19.95799593745008,-19.82483920766831,-20.923512315148397,-23.481127142333538,-29.17197427070635,-62.328771259807326,-241.29180065958988,-98.61062871653064,-21.33399486010779,-29.20648888239865,-22.917192842003015,-20.784232169916294,-19.877212772814676,-19.825382599135665
-20.20363011982128,-20.338463107265824,-20.1981037568644,-22.16314764409279,-30.038479750591495,-20.243577686872143,-22.110559833864674,-44.80593402117687,-61.27075644932484,-20.65662642277327,-20.25408615434918,-20.384185002906655,-20.390273794560787,-20.64363360483311,-31.292050181516935,-20.435191841487356,-20.312786218891834,-20.192047404542084,-21.25046199094371,-23.72039490611258,-29.138238612913007,-61.90706980075326,-235.16000051665955,-97.6368407751755,-21.643903662650445,-29.182120019016942,-23.14128001153368,-21.120807618746298,-20.24727407158119,-20.200562426988753
-21.345687037250357,-21.464583480711205,-21.35523720227325,-23.13184704790658,-30.48201073087897,-21.390207382674664,-23.038208570349955,-44.90562034247986,-58.40760136308757,-21.751364400278106,-21.380906586772674,-21.501178355615934,-21.493124711045574,-21.694054416603407,-31.257719057221802,-21.50406850506674,-21.430290226417586,-21.335316938708548,-22.264855503327873,-24.46068257800247,-29.49509819764846,-58.65365026619289,-222.7092270219499,-92.6863481091743,-22.58361184376746,-29.379232561282983,-23.971220249845175,-22.149347445993758,-21.38847568050893,-21.35624022835018
-20.72658521570831,-20.846678479552455,-20.73340143965448,-22.504660000561845,-30.230318561383186,-20.775226064616447,-22.483974817898417,-45.001916897478054,-60.549510455277996,-21.178611132735583,-20.764738794175926,-20.897381802130486,-20.884381694236957,-21.12453081269422,-31.408429427078797,-20.900915788603108,-20.812141182348547,-20.71164643721918,-21.709754574491132,-24.066212214850108,-29.054631906806392,-61.532614700829114,-227.57391130210885,-96.89607354326536,-22.074374651544417,-29.116670306924107,-23.43960689157918,-21.596501365410063,-20.77310764790035,-20.735398587835757
-21.17049099422516,-21.291143020717755,-21.178110361234715,-22.972573476342973,-30.399784599982087,-21.214872222831623,-22.890114116906332,-44.870311870884606,-58.87636312902842,-21.58509465035843,-21.20750521255653,-21.330042375782607,-21.32307467753015,-21.533113111999747,-31.2701986244914,-21.33826584842602,-21.257660955228417,-21.159547587374675,-22.108489226947075,-24.34518152037389,-29.412355244353346,-59.233003743542305,-224.2027683662569,-93.53059714536923,-22.439435819555356,-29.33056482146115,-23.83515818398348,-21.991814169832335,-21.213675505339943,-21.179372176480328
-20.740943131335946,-20.86563076500661,-20.74419376636562,-22.579172514765578,-30.219434183544635,-20.785316986083973,-22.526804016651543,-44.84547364371488,-60.104436242058824,-21.17884624549403,-20.782216685522876,-20.910525853425824,-20.90556300977401,-21.138506780721855,-31.318735669079977,-20.930404058868316,-20.834034036112413,-20.72848897613344,-21.725751784276785,-24.06724789367896,-29.208564330637394,-60.75546644924103,-228.18913579680887,-95.76747090270968,-22.086784103047194,-29.213341702971615,-23.500711308582943,-21.60639210417206,-20.785287406998133,-20.746070718513
-20.96916495188167,-21.094309622498386,-20.972744850030768,-22.82446942460266,-30.326908493954253,-21.011199779761615,-22.737920018144017,-44.80487401397264,-59.238132538005374,-21.387718341817227,-21.010227967561967,-21.132762737906276,-21.131315030580932,-21.34847706281859,-31.243424958585173,-21.155718882626708,-21.06347069634863,-20.958849131264945,-21.93057134860396,-24.215695004339246,-29.399076584000436,-59.55460188802947,-226.7460583183978,-94.04462993532681,-22.273758394306185,-29.322771893979965,-23.70575782854789,-21.809379099184405,-21.0117406494201,-20.974244954470297
-20.941635766159482,-21.063658285735528,-20.947505246122862,-22.752359693664516,-30.297823276249332,-20.986693736220385,-22.690926886196365,-44.86575815090751,-59.58171510915531,-21.370582518545962,-20.98031679746308,-21.10668935588649,-21.099473713382505,-21.322691704628074,-31.30742547338832,-21.118432724632203,-21.0306513278714,-20.92948447313463,-21.903889304892854,-24.196111165202694,-29.277931689936477,-60.146148305582486,-226.0754026402842,-94.86130121762565,-22.2513001927932,-29.252158300862572,-23.64836480272832,-21.786797440953997,-20.98576954312774,-20.949113993492546
-21.221765541382986,-21.342225551280208,-21.229694107912373,-23.023514520911462,-30.425366069085264,-21.265898935631384,-22.935678223483688,-44.873427184597105,-58.71450696017078,-21.632942291415976,-21.258510392342266,-21.380063360735313,-21.37334240851654,-21.580319742709257,-31.260969061627648,-21.387890907417557,-21.30872091596555,-21.211151483944985,-22.154474763535127,-24.37928771767278,-29.446459524025414,-59.01810239989183,-223.84496413218454,-93.21964971322944,-22.48168750963634,-29.35049193730665,-23.87832763480798,-22.03774500578429,-21.264692722410356,-21.2308753982712
-21.253679991713,-21.37304656295422,-21.2625677078486,-23.04212390785763,-30.435474552604,-21.29852717159273,-22.957222890289266,-44.894038857512655,-58.68464745934812,-21.665143348141857,-21.28948063044605,-21.411390822228213,-21.40312753843382,-21.609375651964243,-31.271199195245565,-21.41547228064698,-21.338873190449544,-21.242779622556455,-22.182365124246267,-24.39928860290128,-29.437324958569093,-59.01731066372331,-223.3603125428897,-93.21257224364973,-22.50774321902823,-29.34522531548999,-23.894939090506526,-22.066813194971918,-21.296871295443697,-21.263714885283527
-21.128005642649715,-21.238172630432434,-21.14419753171991,-22.80396144715585,-30.424612343329127,-21.182012070701646,-22.785623485031405,-45.26498068218709,-59.816912509953426,-21.5728241089133,-21.158123928350026,-21.289511998490287,-21.264455693417315,-21.48864311428277,-31.442425589251272,-21.259848511736987,-21.198449991887813,-21.11154798708145,-22.060756396284013,-24.3272386867031,-29.070631110876786,-60.85955001088256,-223.17099492133647,-96.03700368170085,-22.39664850571527,-29.11160910897314,-23.689440524300508,-21.95777742718279,-21.176129240522336,-21.14567716151907
-21.128005642649715,-21.238172630432434,-21.14419753171991,-22.80396144715585,-30.424612343329127,-21.182012070701646,-22.785623485031405,-45.26498068218709,-59.816912509953426,-21.5728241089133,-21.158123928350026,-21.289511998490287,-21.264455693417315,-21.48864311428277,-31.442425589251272,-21.259848511736987,-21.198449991887813,-21.11154798708145,-22.060756396284013,-24.3272386867031,-29.070631110876786,-60.85955001088256,-223.17099492133647,-96.03700368170085,-22.39664850571527,-29.11160910897314,-23.689440524300508,-21.95777742718279,-21.176129240522336,-21.14567716151907
-21.174863011886895,-21.294324639425692,-21.18343386899896,-22.96126055421725,-30.396563091457548,-21.220269917331812,-22.885867557241635,-44.895458716897195,-58.94916838689609,-21.592130195381017,-21.21093802379084,-21.334532241609438,-21.32554987592332,-21.536753691420603,-31.288733163192838,-21.338512821095605,-21.260057991275115,-21.16335416438972,-22.111519302951248,-24.34704549351106,-29.378670959540045,-59.376499857565236,-223.8749777652,-93.73282891272194,-22.442721187849962,-29.310631652168894,-23.82645270539451,-21.996309647013188,-21.218539099984167,-21.184708853867075
-20.2719919669515,-20.4063842430371,-20.266959770292296,-22.228591394795373,-30.064213616114582,-20.311726319444105,-22.1694060781801,-44.79296122914997,-61.04156607810855,-20.720563953227707,-20.321943665550165,-20.450867322439485,-20.45707166119687,-20.706427495115797,-31.27609963219642,-20.500902998044758,-20.380534729163205,-20.260747853178742,-21.311181508686527,-23.763780067459056,-29.174669242957346,-61.615833011417436,-234.4926308371467,-97.20913824192658,-21.699618006906842,-29.20139532423937,-23.195926902450548,-21.18175930843593,-20.315339662473946,-20.269324288071815
-21.08711365709054,-21.211945126327763,-21.09130089379907,-22.943831531649604,-30.389889851410246,-21.128458968046523,-22.843739561297113,-44.81283269711386,-58.853512723324556,-21.497501848118958,-21.127716767801186,-21.247761700739677,-21.247151133985266,-21.457087409570043,-31.218585825267247,-21.270323398331225,-21.18114777102455,-21.07761315923559,-22.03630183670398,-24.295133605624,-29.480897730999015,-59.03985440173747,-225.9857653116927,-93.3062613276379,-22.370730915918372,-29.369081311098064,-23.806129199725618,-21.91486824569239,-21.129042497425896,-21.092617821090535
-20.91991595904856,-21.043227598201774,-20.92472681657639,-22.747164157583732,-30.291642268328776,-20.964000920876476,-22.680006259354336,-44.83956861548502,-59.55779723954785,-21.347153840064273,-20.95963611514908,-21.085241782260145,-21.080009047103264,-21.30294190940639,-31.290532827379536,-21.10142432087653,-21.011039381105466,-20.9082452840017,-21.885267601328135,-24.182059026077876,-29.30196008936001,-60.06412844869848,-226.5367921284117,-94.75241988334818,-22.233542586416668,-29.266775141449322,-23.642973405957942,-21.766659566393685,-20.963628350425537,-20.926344828580266
-21.035207893429227,-21.161581449412516,-21.038107564675304,-22.91186333859796,-30.37819044086669,-21.075612083722184,-22.807496748734113,-44.79968603877228,-58.91611736240171,-21.445588495703657,-21.077200800454584,-21.196733459994782,-21.198231796430104,-21.409339736839915,-31.20356751564634,-21.224379118338295,-21.131740092269805,-21.026072919980766,-21.990533938222825,-24.262653272146228,-29.49087017338715,-59.06308645620224,-226.8268751536814,-93.37106501627694,-22.327599473627785,-29.373949265848708,-23.77693039532035,-21.86745233189761,-21.07681911152059,-21.039474829819945
-20.871778199558335,-20.996658197643665,-20.87525902666719,-22.71862059432612,-30.276324583940767,-20.91486299469998,-22.64710001145141,-44.8155760643012,-59.60634687290544,-21.298630999894964,-20.912839428154825,-21.03795267649075,-21.034886541271522,-21.258827246950485,-31.275517499690324,-21.059366963575357,-20.965437581795292,-20.860516415137567,-21.84306979837808,-24.151101367202738,-29.315120530862405,-60.068710523987804,-227.28429460971213,-94.77745086254666,-22.193917727382342,-29.27489457138897,-23.61743352434354,-21.72273705017091,-20.915128960511606,-20.87692132235117
-20.665056274201643,-20.799537284415806,-20.661258644382887,-22.646460888468617,-30.279423517199035,-20.701400833044527,-22.52909900050186,-44.783289381242085,-59.57342213114475,-21.08224284256674,-20.714517812859636,-20.833298681189458,-20.844652854514724,-21.06704637425273,-31.14321776216106,-20.886220652250586,-20.774498125088854,-20.65710679108438,-21.661851856420004,-24.025484155808243,-29.477865650014305,-59.61061473926442,-232.18926212443603,-94.40189149517133,-22.018530330781903,-29.362006110722152,-23.539354204961995,-21.530479502628506,-20.705693020235884,-20.66300531211047
-20.458093424226064,-20.591754280669686,-20.45411574722997,-22.414036161882468,-30.145147068867857,-20.496861400018055,-22.333408449582087,-44.76775578452569,-60.39248874285698,-20.893565611116323,-20.50708883260665,-20.632241266709173,-20.639548544317364,-20.877332298074844,-31.226076664934062,-20.681141897684714,-20.56576134591996,-20.448012381050887,-21.476824087576492,-23.883920631108936,-29.290814330389736,-60.76580926490159,-232.9392755950559,-95.98309654322641,-21.85116260568355,-29.263432823600237,-23.35003623038437,-21.347441803005903,-20.500454716400498,-20.45620965068641
-20.13257194413691,-20.26635256171671,-20.127564588047544,-22.07193654965665,-30.009131724098836,-20.174121778242846,-22.038815522187132,-44.8479743616214,-61.6618702761167,-20.59496622541763,-20.18242317970796,-20.315456545250957,-20.31873941377203,-20.579111730169256,-31.345604466517425,-20.362343182697504,-20.239810515722056,-20.119811873329112,-21.187057883316516,-23.678548137744947,-29.048761342136828,-62.48600809110225,-235.44277967612965,-98.43188196040089,-21.587667733179053,-29.13225101953371,-23.068105689996226,-21.059160489857515,-20.177213263637686,-20.13016901271728
-21.534947731923427,-21.651303672239116,-21.547147975592324,-23.295704368933496,-30.57146988347354,-21.58020874792285,-23.194091791238403,-44.97002436504714,-57.95782595141027,-21.93262169793435,-21.567716683389474,-21.686153627461504,-21.67575994952998,-21.86756132692001,-31.256833032402916,-21.68081353384491,-21.615728419244864,-21.524892657904985,-22.43341726427723,-24.58525825040517,-29.566953300318893,-58.12350183273808,-221.0195733886077,-91.91773233915245,-22.73920259917559,-29.42244386034889,-24.112023694371896,-22.319900716840554,-21.577601001334113,-21.547871747325093
-21.01852230048132,-21.136840550439267,-21.0275577611911,-22.784387530722544,-30.330401853312523,-21.06624898968233,-22.736160271868524,-44.95705240315462,-59.593856150792284,-21.451107225288613,-21.054270054757854,-21.182267863265892,-21.169574290225555,-21.39233594276608,-31.348955466313456,-21.18124582245908,-21.10158163953608,-21.00513447625119,-21.97009831872011,-24.246815888380038,-29.222847415264845,-60.297556609817505,-224.7904843564876,-95.07974204496821,-22.313380247100945,-29.216767644929114,-23.676919879611802,-21.857279719688716,-21.06377282096591,-21.029108253924882
-20.331096539670014,-20.462029379815096,-20.328623127363134,-22.23853992062397,-30.073739012824568,-20.373430874856002,-22.198458558478194,-44.83022967372304,-61.133356838703946,-20.785116297371516,-20.37824429564512,-20.509632619336866,-20.51049065901995,-20.76181738833298,-31.332364527093077,-20.548321633222322,-20.433906057485448,-20.318488518162706,-21.362784109000867,-23.804798478213648,-29.101926411480473,-61.895048184327266,-233.00639328218935,-97.51395781295521,-21.750525618608233,-29.158280389766638,-23.209883615644593,-21.23756943002525,-20.375567534494113,-20.33099661523435
-21.22455129494275,-21.349024847782538,-21.229461883332885,-23.08322144813458,-30.47095661351907,-21.265105420124332,-22.96752737063585,-44.836875743294684,-58.41906506793596,-21.625654017518396,-21.26467969402722,-21.381760397402715,-21.38212056561239,-21.58372842657198,-31.192386551322258,-21.403838394838345,-21.31829927350213,-21.21600374242645,-22.15967047113167,-24.389711991906353,-29.577425131644766,-58.45666588009723,-225.20708679927858,-92.47486910688848,-22.483912955429915,-29.42346295772402,-23.923395501737478,-22.037930680019187,-21.265741091701805,-21.2305638173903
-20.351862703204702,-20.48714078602101,-20.346493199777104,-22.327140170653564,-30.109510388725518,-20.39011153939981,-22.24856356117671,-44.77399622055647,-60.65063553085328,-20.79124790198008,-20.402372660264323,-20.528213016327502,-20.53702681366299,-20.77919643520903,-31.22644639564302,-20.581792230747894,-20.462056918617375,-20.341763166848605,-21.382479597891656,-23.815031893069495,-29.265816658081516,-61.043149496703116,-234.26111757824407,-96.43203887872356,-21.76324097277724,-29.25050731634881,-23.27500293364755,-21.251540244517834,-20.394260814652334,-20.34870521394553
-20.523092221732714,-20.65606051268667,-20.51977949134305,-22.471943526791073,-30.170939092239458,-20.561919712589283,-22.38758229214137,-44.76509571490391,-60.210038766777785,-20.955337091669733,-20.57140612403483,-20.695771624396755,-20.702675507393035,-20.937242960102747,-31.21960778740583,-20.742781369642074,-20.62971713471201,-20.51318171997009,-21.53464426057002,-23.92634275419594,-29.31668234855934,-60.548456590964136,-232.26036441504294,-95.65322825961779,-21.90465591909784,-29.277207780566926,-23.399238041409752,-21.405831370655854,-20.565305904994425,-20.521791343246004
-20.896274979255146,-21.02528995781699,-20.896857338381338,-22.80514198933988,-30.330795071002257,-20.935485066641892,-22.699688707491124,-44.78011980570045,-59.19388802658787,-21.310324612696007,-20.940718088170595,-21.06054312133599,-21.06505083806195,-21.28124432683563,-31.189766340133076,-21.096484170565475,-20.996978780353068,-20.887364292517567,-21.867129405233985,-24.172630322350795,-29.470410905874235,-59.333216061065784,-228.5803093857676,-93.81968396190973,-22.21231664344524,-29.36132549035881,-23.683176198929328,-21.74146496386357,-20.937676716719793,-20.89838487354325
-20.74917672155863,-20.8772560159637,-20.749943420712853,-22.636079260376636,-30.23824502860903,-20.7904342259849,-22.558104806631036,-44.78221874187304,-59.790871036670595,-21.177056503821106,-20.793062764842382,-20.91760958628311,-20.91868135766375,-21.146040196636985,-31.250122027621714,-20.949405814045214,-20.84798532132456,-20.738562275325503,-21.73493132389139,-24.072214947334178,-29.32533232290985,-60.18955504101824,-229.0667545232971,-95.00790272203177,-22.092513986242544,-29.28138025539845,-23.544221432981175,-21.611191766286353,-20.791963733870972,-20.751727575065296
-20.642138778499337,-20.777691155709185,-20.637603352979188,-22.639572310985724,-30.286647643131587,-20.677756512313955,-22.516362887866332,-44.79489436276693,-59.56941750244383,-21.05824182808831,-20.692573304722465,-20.810519695498176,-20.823482002690803,-21.045499379536473,-31.127037373098133,-20.86680710000108,-20.75332323995832,-20.63456256953245,-21.64157094231361,-24.012431438322743,-29.497410986656963,-59.55592191058368,-232.84332766691494,-94.37375406188579,-21.998556390906565,-29.371336781511616,-23.530785054472585,-21.50897015758108,-20.682488946027135,-20.639354865759
-20.61504209364422,-20.751235254780216,-20.610022172924484,-22.621306256884353,-30.282344354456956,-20.650334322228847,-22.49645495809458,-44.79998823106325,-59.61372967588649,-21.031495160660178,-20.666066379038188,-20.78386059828411,-20.797617699751655,-21.020282922964853,-31.121147489163853,-20.842071521592818,-20.727241892172803,-20.607580834157616,-21.617455571710813,-23.995286698876345,-29.49888977792568,-59.586772112113266,-233.29908314883357,-94.44607159282606,-21.975670748368152,-29.371577695837694,-23.513983679847367,-21.484181173253905,-20.65530834896186,-20.611797010068685
-20.45938536437485,-20.585787868634288,-20.460583489817658,-22.308867391231203,-30.121216320486155,-20.504689455270302,-22.28371551815011,-44.8987009348228,-61.04341951912685,-20.916021600475624,-20.502853731830985,-20.635828847108048,-20.630406335977717,-20.880094901822375,-31.38126703069903,-20.659752222696795,-20.55485102500508,-20.4454544857156,-21.4750904406802,-23.89181328916596,-29.05017495058365,-61.96256632703416,-230.92326922331097,-97.54202797934533,-21.856766562246264,-29.123046758128254,-23.27297785545937,-21.355138212252836,-20.504980218945907,-20.462873329870213
-20.936387914262752,-21.063706743709492,-20.93828811314309,-22.82183950226228,-30.331565798177238,-20.976763495714764,-22.72381335410766,-44.78655804629872,-59.18498880975379,-21.351795507419286,-20.97932169733803,-21.10018126895827,-21.10217300230946,-21.318323002931415,-31.211600108990737,-21.130521910972234,-21.03430415160412,-20.926926676321028,-21.902323995576925,-24.19677482956339,-29.44501677512521,-59.39267594890207,-227.69675589712767,-93.85885846276233,-22.246118967673322,-29.34807513103177,-23.700216665605772,-21.778577042859983,-20.978245744176853,-20.93979211165509
-21.202545701090692,-21.318429961785114,-21.214101547846703,-22.94469127339144,-30.406357235054152,-21.25090928441885,-22.887285675325963,-44.994322648782926,-59.116924159815056,-21.626677169083397,-21.23590444825159,-21.36202941231227,-21.34722794094258,-21.560712046866808,-31.338323951133916,-21.353273039973523,-21.281929765764076,-21.18948057885796,-22.133422436597222,-24.364337328570496,-29.291633476777353,-59.73060800852228,-222.98565406930996,-94.25978369893546,-22.463736850078377,-29.256807536422702,-23.81343704553733,-22.022548131751726,-21.247611329592335,-21.215385661118034
-20.105230051943806,-20.24285433419809,-20.097590809091344,-22.103152151231317,-30.01674012240197,-20.143554708999897,-22.041575027167923,-44.80686699851874,-61.394461160985166,-20.558002078272306,-20.158104520954474,-20.287304109429243,-20.297048081988574,-20.55205999178427,-31.263696243655836,-20.346888811031608,-20.218918773531456,-20.0943327575377,-21.163441523564423,-23.65599849534346,-29.161221999055797,-61.94430566109287,-236.87773007918437,-97.79077301086764,-21.561076647632436,-29.196642599392163,-23.086192170075286,-21.030644307029778,-20.148348063984777,-20.1001142119196
-20.734816889141168,-20.86851392571808,-20.731761284067296,-22.707803284877755,-30.310073670899914,-20.771273590128057,-22.587146534694035,-44.787230358969516,-59.39191993633324,-21.14883568471729,-20.78353481619874,-20.90152762262567,-20.912354276882645,-21.131492263133676,-31.139785091690847,-20.952265098967533,-20.84307920608852,-20.727024948869094,-21.724075950992937,-24.072108613363742,-29.50464034726741,-59.39809581120319,-231.49031449262776,-94.07487838512661,-22.076275745756284,-29.37656875133413,-23.591903024924058,-21.593354676050534,-20.775323953771494,-20.733420981430616
-20.75161582904861,-20.886332795252404,-20.7479987937258,-22.7421624646189,-30.344563547143622,-20.78707684073423,-22.610574081373077,-44.80916344928503,-59.25686516652243,-21.1617908182686,-20.801252189511782,-20.917425710889578,-20.930256817831033,-21.146520705049635,-31.113940856696573,-20.97158518219088,-20.861607377486816,-20.74448945824756,-21.739342787951777,-24.087182422478122,-29.55293872974414,-59.16695477928799,-231.96435505522814,-93.8005447971131,-22.088784255845674,-29.400743011113,-23.617430226591395,-21.607273227284377,-20.79160567892434,-20.74960362522825
-20.843094234768042,-20.974481107442024,-20.84190387090091,-22.785732132445787,-30.336909322047937,-20.88066940646023,-22.668884771699634,-44.78378414656794,-59.19596347358264,-21.25501337519607,-20.889675313891882,-21.007874320449776,-21.015936026316258,-21.23183126339882,-31.157221901460737,-21.051543305455752,-20.94769354329471,-20.83498139907643,-21.820365334441842,-24.141503881510108,-29.509347424439202,-59.233032092193284,-229.88901621830314,-93.75644443010992,-22.166989108909153,-29.380839683374404,-23.661945919297526,-21.69200319475433,-20.883851748788594,-20.843455683952396
-20.452305786211767,-20.58557794522979,-20.44856762744988,-22.40182397762972,-30.138078422659518,-20.491467557657366,-22.325257272267315,-44.76985416236596,-60.448528078217265,-20.88935267861324,-20.500991309939597,-20.626762793868032,-20.633307448947633,-20.872173188179545,-31.236653968376533,-20.674315167663654,-20.559305207180905,-20.441969491060078,-21.471561741543205,-23.879947328058698,-29.273057466170698,-60.859782033591244,-232.8278847968616,-96.1023718012901,-21.846859156516278,-29.253812120961136,-23.340793859926777,-21.342701175887104,-20.494875125414023,-20.45068192140802
-20.507715525954215,-20.643508263738315,-20.502544406188132,-22.5007746657266,-30.204158259121733,-20.54420994268172,-22.394862653210698,-44.7757137376972,-60.027089862048484,-20.933352029661886,-20.55845837379539,-20.679621144443438,-20.691333743783318,-20.921916337378274,-31.162560397343288,-20.735915822322326,-20.619063015750147,-20.499173365841667,-21.52153879422454,-23.919880386803786,-29.40257356851321,-60.169528321434385,-233.5859882801623,-95.23300898490652,-21.888975600653456,-29.322149735009436,-23.416215071645954,-21.389244178933406,-20.548841472342183,-20.504497883384634
-21.40362590794182,-21.524762855898324,-21.411630157705584,-23.223429923764392,-30.54067126804845,-21.445695699770823,-23.10774996389129,-44.88940235671342,-58.06445877636979,-21.79969698735317,-21.440641230792743,-21.557158954834087,-21.553682184362028,-21.748265611974006,-31.209792060381975,-21.5683922636467,-21.492148601913954,-21.394867810165398,-22.318768740668517,-24.506073707229987,-29.61177025994779,-58.09745988218032,-223.16622438370175,-91.91190767513122,-22.631946038281615,-29.445550752680184,-24.046124647713345,-22.20014463401375,-21.445079487748945,-21.412501092259014
-21.31276706584009,-21.43407067275586,-21.320337383054774,-23.130402419314834,-30.48498150069229,-21.35541500400812,-23.025256990873043,-44.8697423143751,-58.34935873085686,-21.715075520690498,-21.350042649448316,-21.46857200972429,-21.464358406289758,-21.664485856336626,-31.226334745029916,-21.47991876607673,-21.401348847856138,-21.30333711744768,-22.2370144110498,-24.443007234718134,-29.544861176926773,-58.484244885986996,-223.6275379062616,-92.46310375307843,-22.556915633651993,-29.407152759810508,-23.9675740513087,-22.118713191415935,-21.354734219508515,-21.321354962780138
-19.94307786188675,-20.08836550811252,-19.93046615339269,-22.05963416705419,-30.047732172851116,-19.97620353199083,-21.951965643131807,-44.882007051093495,-61.30493662555753,-20.386300643418668,-20.002548888324867,-20.125808574057732,-20.14696783405643,-20.397593371926423,-31.134568527107966,-20.208687722335423,-20.06920806824608,-19.934967666281164,-21.019152074966925,-23.553581588144848,-29.313460992306,-61.44387562099026,-241.49244212250267,-97.49259375387751,-21.417265171344987,-29.275795633749055,-23.028518891590934,-20.87734854755942,-19.984106708641402,-19.93297368318125
-20.786054757168372,-20.91101970608834,-20.78922237459402,-22.630126006023477,-30.2383620995997,-20.82979119758745,-22.569667393915733,-44.82828836060658,-59.91311024526503,-21.219524384568203,-20.827404635858233,-20.954411017327466,-20.95047075632522,-21.179992039970767,-31.299423445071106,-20.975566120187423,-20.879691359307973,-20.77412213808495,-21.76630895812149,-24.095724461113292,-29.251962799161866,-60.483852630837916,-227.91263010048021,-95.37720563523655,-22.123671851188163,-29.23862725470127,-23.543181639876302,-21.646339324993566,-20.829959645369208,-20.791020543128724
-20.4679820807913,-20.601320821972276,-20.464248717322725,-22.419445793380824,-30.14663626091814,-20.506950629940135,-22.340041393009948,-44.76796765212109,-60.38361432367255,-20.903578028168628,-20.5166946348719,-20.641992360162153,-20.648854533619396,-20.886530170955897,-31.22985113273512,-20.68987701112001,-20.575124859562454,-20.457811558251528,-21.485563039211954,-23.89024386895545,-29.287292990898983,-60.76832731253377,-232.75131139429374,-95.97558127097254,-21.859518975355755,-29.26148064398465,-23.355177603883586,-21.35654283660649,-20.510414280633576,-20.466336460905623
-20.560257419123577,-20.693904437371508,-20.55662140910302,-22.521984092907065,-30.200296882776783,-20.598177154466068,-22.42663589101307,-44.7648389885,-60.01563538333363,-20.98769399926642,-20.609090663409052,-20.731668220977802,-20.74024237696922,-20.97111116357399,-31.192901928154477,-20.781197393031327,-20.66810081215921,-20.551013088208773,-21.56800656393928,-23.95193617435662,-29.36846080319141,-60.25256066728555,-232.32291522113925,-95.2620029758018,-21.934179746333484,-29.304822605486507,-23.438969749269557,-21.43816253345448,-20.6019303390591,-20.558555647374288
-21.024619425049114,-21.154999965697407,-21.024750091975502,-22.96211695990927,-30.4432031610661,-21.061624743095283,-22.828420739308527,-44.822493306513046,-58.6605698663842,-21.425799885152493,-21.07020553852391,-21.18498899009237,-21.19345101437716,-21.399171856811808,-31.130808623054683,-21.22625889823071,-21.127907870545425,-21.017464870153447,-21.982827379841474,-24.26698347490321,-29.616988935236925,-58.54227470077901,-228.69175773356005,-92.7625625951168,-22.31643661268681,-29.439145898568327,-23.810379693915426,-21.854804354854224,-21.06463577961127,-21.02604002512499
-19.959826014193332,-20.10603222172113,-19.94681788409189,-22.0936045875283,-30.07965351848606,-19.992071053432962,-21.974365069427247,-44.90624705998288,-61.158295835106756,-20.399129086042663,-20.020074143582804,-20.141563397107817,-20.164545487388793,-20.41199474206007,-31.10476447000552,-20.227308391410716,-20.08743673840851,-19.952335807894446,-21.033803422639153,-23.566746013754614,-29.359113229969317,-61.198621509621745,-241.9412716164509,-97.21764452636067,-21.42872396174355,-29.297372512323363,-23.052625204599355,-20.89080834219775,-20.00038447926441,-19.949266803491863
-20.24466337284245,-20.377851973641413,-20.240370687333403,-22.1812045611917,-30.047274003666452,-20.28572863617104,-22.136019472515915,-44.81710425928563,-61.26444653315685,-20.699198266589345,-20.293750745752497,-20.424734533617038,-20.4284491137984,-20.68191238044587,-31.314470638796664,-20.47048457387227,-20.35111616794173,-20.232537682962324,-21.286562290198788,-23.74802446125143,-29.1128541227558,-61.97331659349168,-234.33119068472985,-97.68183284547086,-21.67873049491828,-29.166739970285196,-23.159096637720722,-21.15884674724723,-20.288746241964986,-20.242815142844385
-21.51336501873098,-21.630398305536197,-21.52494734675463,-23.28210367394834,-30.56418922431037,-21.55819702470783,-23.17903650636513,-44.95538373595117,-57.983017227694965,-21.91104990122553,-21.54673145649045,-21.664996441902694,-21.655546634747246,-21.847976858754446,-31.251129006743945,-21.66201242044486,-21.59522877173533,-21.503465307884113,-22.414524306969884,-24.5718945914955,-29.570518535021293,-58.13472546007199,-221.31765758951255,-91.93457929776775,-22.721654430088524,-29.424245059537707,-24.09999764432933,-22.300307531989727,-21.55586631660004,-21.52569842906873
-21.262486132071118,-21.385404136037188,-21.26867016573626,-23.100524352133096,-30.47333536702805,-21.30410840551934,-22.990856266281398,-44.84929785146048,-58.40283657863223,-21.664587420142784,-21.301213582896978,-21.419162478481912,-21.417215074239667,-21.61848152678876,-31.21057039988018,-21.43597097131973,-21.353683566806318,-21.253458809297552,-22.1928408686686,-24.412036191032517,-29.556860066274503,-58.49580464726034,-224.4366281530193,-92.5017936707456,-22.515429628839712,-29.413025348397284,-23.940314426270785,-22.072822139639815,-21.304090025326502,-21.269740699912564
-20.394765641088455,-20.524871576863752,-20.39305680319333,-22.293340762936023,-30.095412538328077,-20.43727930547454,-22.25033922880495,-44.82549014541604,-60.95797650372704,-20.84585282262143,-20.44110918708593,-20.57187638320172,-20.572096436366806,-20.820364196289646,-31.32669931284081,-20.608195093600898,-20.496302015621257,-20.382254221373774,-21.419204167327226,-23.845263025076864,-29.122411836323252,-61.69260937033505,-232.2660562329104,-97.20509184452193,-21.802706264106718,-29.168886825298912,-23.256420041479302,-21.294726877125044,-20.43914718697427,-20.395352063601752
-20.796164975324135,-20.92353670912007,-20.797584028926476,-22.675082758322848,-30.256050164455317,-20.83765791511153,-22.595885375149017,-44.78647462518116,-59.678258825253494,-21.222264762452347,-20.839382776835173,-20.96359205131167,-20.963989314012643,-21.189298919627728,-31.25002921284724,-20.993238230975027,-20.89387347280945,-20.785570683147988,-21.776664616975708,-24.102737842280476,-29.338137015143783,-60.065354494553695,-228.53421247605434,-94.81565114284713,-22.131259495268466,-29.28845036075651,-23.577791935532836,-21.653577495729795,-20.838940226188534,-20.799310438795846
-21.192306974723436,-21.31875372586738,-21.195700444391484,-23.078669929743725,-30.482699687563226,-21.23139003439206,-22.952793130458296,-44.83436452139128,-58.38734538440004,-21.590972597752845,-21.23422695565917,-21.349722811688732,-21.353199267745765,-21.554102487691473,-31.164817366777484,-21.378489077400626,-21.289329814445704,-21.1845036693623,-22.13176387337531,-24.37306924600683,-29.61699437398878,-58.33272962873346,-226.1859320731253,-92.34759602165515,-22.456675822799028,-29.443549007893132,-23.915986860704948,-22.00774651592499,-21.232878136292996,-21.196813289656752
-21.05171915982986,-21.178839863425925,-21.0541459624633,-22.94044520822635,-30.39945180064978,-21.091333122112005,-22.828294361759916,-44.801867817777435,-58.80497922377489,-21.458989151158274,-21.094344975166212,-21.21257284910443,-21.215587161402155,-21.424537003295573,-31.185643412516004,-21.242901576375367,-21.149556472342276,-21.043105755839495,-22.00574456270363,-24.275892212768113,-29.5285705844442,-58.87951783018735,-227.05250825866895,-93.1306825716771,-22.340829102344237,-29.394362149249503,-23.79942920385539,-21.881643626397345,-21.092907488014706,-21.055470049548127
-20.769191777044245,-20.894884988246638,-20.771764244860595,-22.622676443672013,-30.233492387962034,-20.81241750357941,-22.55939151407044,-44.81653591797633,-59.91501850015616,-21.20201709615323,-20.811144798850652,-20.937795444271938,-20.934923404136974,-21.164521162194923,-31.290673375861353,-20.961398357630163,-20.86401732721798,-20.757497197033274,-21.751625518768943,-24.08473278565552,-29.26253585471473,-60.457272726526085,-228.22268217455616,-95.34844371209397,-22.10973327648713,-29.24508406731244,-23.536185550234247,-21.630816939360713,-20.81289066421671,-20.773572998898597
-20.541001719536656,-20.6809479192414,-20.533582809740338,-22.60524936609451,-30.325978270286136,-20.57378292962904,-22.457926687897004,-44.87375911869759,-59.582025467764616,-20.953307375140486,-20.5954677504329,-20.70998980571506,-20.729405907651355,-20.950007079725058,-31.06077255052819,-20.779643788748054,-20.659207461966922,-20.534888761910697,-21.551625650010614,-23.955746520373676,-29.573795562861466,-59.36699020067366,-235.77632153679042,-94.34420291595224,-21.90983665433771,-29.40536646548164,-23.48916808118322,-21.414033367596055,-20.58027201096484,-20.53535761014426
-19.78274933014877,-19.923536791879926,-19.772162025544425,-21.81171222599552,-29.91009148762491,-19.821177763117305,-21.77260913789725,-44.88223712525071,-62.403984722961354,-20.253426632530836,-19.838830158565667,-19.972363251744717,-19.983336743068907,-20.25532425833564,-31.32134935506419,-20.039828015265385,-19.90117449510733,-19.77084220035674,-20.877778205369015,-23.45209123604836,-29.031731083175952,-63.16069479669997,-240.5611121702504,-99.6347090616529,-21.297654648868974,-29.132681680892482,-22.841575546224036,-20.742393451011367,-19.826833404872684,-19.775082647109176
-20.07725488764562,-20.21423746155137,-20.069944198545212,-22.063159876632398,-30.000221813128235,-20.116405236444525,-22.01152216505532,-44.81906345787864,-61.57013778349503,-20.534391140006782,-20.12968475940631,-20.260379050554306,-20.268605563946977,-20.526873564213375,-31.29080942243933,-20.31761943448283,-20.18980563209566,-20.06577095969472,-21.1385340122513,-23.639073735415383,-29.117714167952215,-62.21337305530004,-236.86183189408754,-98.14563420581638,-21.539434165826545,-29.17315760823506,-23.054946523268843,-21.006703666511186,-20.120859364719617,-20.0725328508351
-20.263922119409255,-20.398364308013335,-20.258832799445145,-22.22083368864566,-30.06110150098691,-20.303683231237116,-22.162440734757425,-44.79439256539703,-61.06865266980591,-20.713019774221184,-20.313931370400663,-20.44299624662624,-20.4491836370498,-20.699014357510944,-31.277992247570552,-20.49314014115875,-20.37253368739272,-20.25263698870565,-21.3040110012192,-23.758641229265454,-29.170287119086986,-61.65036858815342,-234.56984158833185,-97.25975059182045,-21.693039748158213,-29.19907083803727,-23.189450222365245,-21.17456405512545,-20.307305484099007,-20.26120850160431
-20.40779367460015,-20.54823907842126,-20.399559920283995,-22.471957409914303,-30.24017940430553,-20.441186969679958,-22.33939708611139,-44.843432266409934,-60.005105384398234,-20.828569512884847,-20.46272932784695,-20.580178356188156,-20.59882283144774,-20.827358698999547,-31.089359178035178,-20.650741368234783,-20.52664391246884,-20.400880347134397,-21.432764537497242,-23.86247835837048,-29.489932930353667,-59.918970616989,-236.5473695796499,-95.12279360705496,-21.80098080368635,-29.363540524362516,-23.378860123150698,-21.295122373002886,-20.447701864192243,-20.4015231579884
-20.923152130002887,-21.049560329445107,-20.925662979866313,-22.794459743599116,-30.313917389538062,-20.964443675097705,-22.704983655259543,-44.791979139058654,-59.301832678910344,-21.341944352515167,-20.965341261230343,-21.08757307856535,-21.08780093448221,-21.306160930937313,-31.232401990828055,-21.11466748045301,-21.019496905671428,-20.91310911421944,-21.88998790946433,-24.18639614148333,-29.40465936218563,-59.59042384947091,-227.4393442953574,-94.1192608876789,-22.23564108676991,-29.32578082566784,-23.678852197538568,-21.767452121019115,-20.965488963781052,-20.927208960761174
-20.318105639566298,-20.45556876163637,-20.311253659984857,-22.326689567012696,-30.121030163989808,-20.35473103644398,-22.234189262512572,-44.7813092255151,-60.583209613195194,-20.75392186112468,-20.37049453257046,-20.494410679019854,-20.50666485868182,-20.7470706940586,-31.18781844457404,-20.554963633971756,-20.431910511785564,-20.308894901277785,-21.352723538671206,-23.794373552153456,-29.316487827996426,-60.84878167094358,-235.40674968700998,-96.25082869642334,-21.73307503618855,-29.277301090758755,-23.269232550908043,-21.219171972824405,-20.35980578384064,-20.313450314588636
-20.769203107090835,-20.898531547031762,-20.769150491693896,-22.67583364076556,-30.260998274258082,-20.80918230317359,-22.58554198472904,-44.7714486261989,-59.61657373080392,-21.192134906658403,-20.81408383098068,-20.936699208695163,-20.940219293710964,-21.164296794616874,-31.219254992810633,-20.972935000893795,-20.870168019298426,-20.759408882852565,-21.753411134477755,-24.08671264688231,-29.38241462411028,-59.89833684974333,-229.38546345879138,-94.6249979856709,-22.10817639825352,-29.31302472077889,-23.575171777271436,-21.627992012573532,-20.811313767841597,-20.770871836967256
-20.455199093632878,-20.59040392649956,-20.450214096271964,-22.435532905989582,-30.16365397323405,-20.492636332464606,-22.342329464352936,-44.76880167790761,-60.269000020863444,-20.88654510812572,-20.5054941832976,-20.62878342246474,-20.638790912681674,-20.874004011794227,-31.192669205438214,-20.682813537425723,-20.565464778729066,-20.44591532720467,-21.47457881129672,-23.88339706290838,-29.341970934751743,-60.526667929066825,-233.5985196565768,-95.70562987473537,-21.847082401513852,-29.290641467497302,-23.364163572318283,-21.343258287656443,-20.49692136120589,-20.45226692924816
-20.181708126205788,-20.322334413670816,-20.172512285141124,-22.234225981609168,-30.096732115715117,-20.21676155465264,-22.133792083104133,-44.81160763629214,-60.8161300254459,-20.619333425708767,-20.23695308351405,-20.360240898519372,-20.37632463867833,-20.61997099362148,-31.161212058375643,-20.430091519771082,-20.30054707901454,-20.17306413769551,-21.23148803533261,-23.70704624711121,-29.325150927191302,-61.01306095937886,-237.7078787609795,-96.63268605907223,-21.618000325754085,-29.281629337917792,-23.184900089810696,-21.09454749847809,-20.223017766162176,-20.17481669143828
-20.717480929022894,-20.8471720496159,-20.71701166890718,-22.62678555901311,-30.237043777409337,-20.75757082566699,-22.540915655879793,-44.770261262649875,-59.77325151440439,-21.14346076651142,-20.762748578004075,-20.886212112017333,-20.889739225843833,-21.11668323042415,-31.227313500825737,-20.923360686956233,-20.81895273562966,-20.707449171588024,-21.70726583366784,-24.05251875744204,-29.354695528619267,-60.0968441091328,-229.82598117694155,-94.91569454832515,-22.065695050878336,-29.297762731392975,-23.533791162074433,-21.581648311493847,-20.759784089810847,-20.718805733406175
-20.600164029472626,-20.735422232275837,-20.595652037691654,-22.590209293406144,-30.252438866508193,-20.636366267015962,-22.475521016667084,-44.78185081546735,-59.73999013443003,-21.020186323753023,-20.650360634971022,-20.769810342723822,-20.7817339807659,-21.007072840875114,-31.14573678454254,-20.82490500494207,-20.710784842494544,-20.592093925682484,-21.604003455709442,-23.982349905653102,-29.454878393298564,-59.802472526282884,-232.8744914409782,-94.70098017732373,-21.96477722703215,-29.34955201221058,-23.49105101390858,-21.471959703076024,-20.640903965280344,-20.597477452044707
-20.66296092222799,-20.793632589622206,-20.661642339395137,-22.584191123393474,-30.218711604714006,-20.702639427935555,-22.498319617419924,-44.766874553658596,-59.890158491686705,-21.090535676194545,-20.709134950440607,-20.832784254819103,-20.837371868768813,-21.066375976340247,-31.223838924869085,-20.87293266362592,-20.765981172973827,-20.65299372815679,-21.658874720431974,-24.017175188579202,-29.345773565238673,-60.21393433118223,-230.52037521018192,-95.10886957518406,-22.020516159040692,-29.292867410487013,-23.496648368140416,-21.532289246831642,-20.705210719852584,-20.663497063457235
-21.120536361894022,-21.24689215796477,-21.12373923782613,-23.001539111087915,-30.432065928004967,-21.160268997060435,-22.88587793915245,-44.81467128807941,-58.629928221094055,-21.524639918869763,-21.162423846652985,-21.279851038921223,-21.28232443892215,-21.48795370347578,-31.18300189930791,-21.307918018561747,-21.2172342954694,-21.11209556902543,-22.06718366396437,-24.321984091122843,-29.557282153306105,-58.670532877253805,-226.42833653570113,-92.8179782524021,-22.39770602890097,-29.41076728055745,-23.851809092328715,-21.94366979234359,-21.161602530824528,-21.12496979326934
-20.691874964116536,-20.812590248198624,-20.698102479828172,-22.476471436120256,-30.21675414921823,-20.74026088516242,-22.456628530922462,-44.99363402742083,-60.63149430617837,-21.14510624965518,-20.730585551700454,-20.863458108512518,-20.85110632639524,-21.09281941347823,-31.408925173349378,-20.868972704215793,-20.778388973865944,-20.676960371639463,-21.679159177065856,-24.04411677173065,-29.047374018995953,-61.62134074210644,-227.9678494628855,-97.02486218907794,-22.046174171124825,-29.113179579685877,-23.41577203967385,-21.565309390586698,-20.73836637132071,-20.700144072803916
-20.720836294582433,-20.847959762420597,-20.722210636659785,-22.592376686936994,-30.218396623064514,-20.763190440089264,-22.525437398201724,-44.79912040426361,-59.974439322717565,-21.153600538379905,-20.764022962218842,-20.89029656330114,-20.889342824773472,-21.12005696182871,-31.277740280176772,-20.918580446983782,-20.817973811163583,-20.709485247689774,-21.70910145108866,-24.053439927664627,-29.272060034307017,-60.479895273602025,-228.96247571695034,-95.40404794433886,-22.06976345290615,-29.25115447029446,-23.509152076706282,-21.586726265334267,-20.76423787266297,-20.724063166419903
-20.983027153517728,-21.104995318991097,-20.989058758382246,-22.794765695582992,-30.31570145305099,-21.027785775170575,-22.72820958346456,-44.859808654583375,-59.436497365765725,-21.408829002906767,-21.021547191053337,-21.14704370612584,-21.14021335328623,-21.36077738776991,-31.296745702391004,-21.15884975912392,-21.07202787271825,-20.971193192733015,-21.940996055482735,-24.22278450987063,-29.30813104754987,-59.94998592637093,-225.76629604229754,-94.57622658696718,-22.285309472016284,-29.269845209855724,-23.684143246281028,-21.823735640949536,-21.026900661800454,-20.990601424605725
-20.56356495877976,-20.6950844021123,-20.561354768532503,-22.49225930741161,-30.176146244886326,-20.60333221709062,-22.413813619958898,-44.7685123448681,-60.18436627503618,-20.996655636347192,-20.61061192901574,-20.73571540554231,-20.740563464467407,-20.974861489390722,-31.23756551796326,-20.778091048364367,-20.66781939106542,-20.553221702263055,-21.57034220474134,-23.95207446637451,-29.29824837140995,-60.578105154557875,-231.4555894415777,-95.6489593920174,-21.938877765402303,-29.26703708561891,-23.41893627968376,-21.443171058970364,-20.606126926703357,-20.56334345011694
-21.036375755507674,-21.1600488621652,-21.04126238844662,-22.874006597662213,-30.350386880632158,-21.079166306411988,-22.788832070323632,-44.822951850090725,-59.11561085220742,-21.45357274926922,-21.076106062827925,-21.1986402746676,-21.195401221086637,-21.41021435265332,-31.25221712306537,-21.21682090752394,-21.128340263479053,-21.025859497015432,-21.990021640440908,-24.25896434284013,-29.40374313936426,-59.44532238033166,-225.88126593878667,-93.86587465368743,-22.32920070767849,-29.32552619564953,-23.74914712964353,-21.870313164696434,-21.07914051250118,-21.042684983640036
-20.475664728342498,-20.605896423691775,-20.474090872724965,-22.380216418297213,-30.127044795168118,-20.51734673239855,-22.324547655712426,-44.798939667646074,-60.630782169151246,-20.91959639945803,-20.521879880907132,-20.650593770415078,-20.652061238730827,-20.894515554947166,-31.294852294248365,-20.68794084943876,-20.57756711195979,-20.463902727728666,-21.491405898114525,-23.89560471326709,-29.187879301524436,-61.24241633880905,-231.6558467868872,-96.56115810453963,-21.86833744293854,-29.20563286435854,-23.32832177131578,-21.36633072790236,-20.519408553867777,-20.47625390183856
-19.968913377010526,-20.115379055027546,-19.955815181496735,-22.107864307450733,-30.09218208041608,-20.000879081748632,-21.984679835247597,-44.914982404474884,-61.10118964744629,-20.406789717295503,-20.02938058656692,-20.150245184871697,-20.173795724245302,-20.420044053922606,-31.094803533702798,-20.236812236896565,-20.096940545269863,-19.96163186074204,-21.041801744965376,-23.57359187887403,-29.3752336552293,-61.10815707347783,-242.05542059401327,-97.1120802130985,-21.435446744197055,-29.304891906733502,-23.063161081704283,-20.89845644105465,-20.00931293799625,-19.95824098864166
-20.61417105611384,-20.747498817302077,-20.61092331267129,-22.574020288585622,-30.226820465620207,-20.65192284401352,-22.47357597810026,-44.766121505086716,-59.84688928865504,-21.038299243089636,-20.662665525908274,-20.78426816418655,-20.792951142992855,-21.020749968617494,-31.182960023198394,-20.83307141798052,-20.72158137298091,-20.60520122460631,-21.61609038117637,-23.987931008875787,-29.39885999805377,-60.03667895707968,-231.8889690313901,-94.94818519874204,-21.978378642358575,-29.321033085476902,-23.48258631381325,-21.486395591546092,-20.655618454245566,-20.612782195603273
-20.490362586855266,-20.629112427293137,-20.48338840617672,-22.5312347502515,-30.255858561989022,-20.524504062132046,-22.40190466963446,-44.82274565294479,-59.84884658160745,-20.909426408899062,-20.54374218911446,-20.66134280709501,-20.678048199195082,-20.904298331546137,-31.102172858326576,-20.727035164076167,-20.606570035312306,-20.483229069664542,-21.50637372328414,-23.915332645997264,-29.492975042013235,-59.78733741078224,-235.22968414740495,-94.84972141533572,-21.870680066794087,-29.366466789856823,-23.432621916486028,-21.37047769134544,-20.53040896170917,-20.485278449319154
-20.483042310758677,-20.62056022805432,-20.476745827961086,-22.502910124383952,-30.222442849900446,-20.51826884443564,-22.38556384135592,-44.795870120234746,-59.9736901773834,-20.905908885767555,-20.5353224550267,-20.65482137225364,-20.669270179527615,-20.898332063043,-31.131945037754015,-20.71655998440937,-20.597215512229493,-20.475206667804663,-21.499746798356377,-23.906735863320552,-29.444058589503733,-60.01585610174072,-234.57933465459817,-95.10037662654776,-21.866598158336465,-29.342644464204064,-23.413180962748392,-21.365410232043274,-20.52362559403107,-20.47868528761621
-21.330770592461924,-21.45020871846952,-21.33984559198154,-23.12355780604898,-30.47775614549429,-21.37492975335938,-23.028360111499786,-44.89552955551881,-58.41957469511577,-21.736252594524082,-21.36646105346346,-21.486531013911904,-21.479254836749117,-21.680499190888007,-31.25246388479778,-21.49129143582564,-21.416249041932783,-21.32054841740104,-22.251842705232814,-24.451490051217238,-29.500210899079015,-58.65042475881127,-222.9452730033037,-92.68449009950542,-22.571449011947852,-29.382078172897923,-23.963751064914614,-22.135750738322354,-21.37342271605885,-21.34086472078294
-20.21785903701859,-20.355089669303897,-20.210820078966634,-22.21639055544867,-30.065212926202804,-20.25554293280587,-22.141045436941553,-44.78767304032704,-60.98768419349867,-20.6624462306562,-20.270202912559867,-20.397013614293158,-20.40754994896487,-20.65537013084937,-31.229624104834993,-20.45612063248027,-20.331093495489437,-20.207692944601746,-21.263492643740037,-23.728268484659075,-29.23237202677347,-61.41014626897913,-235.9326047237846,-97.02460880663827,-21.652409113207426,-29.233614327666224,-23.17965814859373,-21.130681470113075,-20.260349416413394,-20.213180177941137
-21.193971302701836,-21.314208042066316,-21.201988264081777,-22.991483074811864,-30.40948171911907,-21.238530471845323,-22.908680619110456,-44.8777353155608,-58.82596529757957,-21.60782090657767,-21.230601542100427,-21.35301476499309,-21.345591087373883,-21.554626999522377,-31.271325085963504,-21.35988504577392,-21.280495030564417,-21.18301300448883,-22.129300588401982,-24.360391319724883,-29.417699650856797,-59.179296398792104,-223.94894015145914,-93.45061270689153,-22.45870720753045,-29.333688232283652,-23.85146401152268,-22.013009618977517,-21.237180383186345,-21.203218873860738
-20.98562242876649,-21.113649817630463,-20.987190313256114,-22.88441551556147,-30.371443170881356,-21.024974212054243,-22.774341138653625,-44.79164720423276,-58.9618676275378,-21.395511609994877,-21.029109387654866,-21.147894360421866,-21.151726654566232,-21.3636067316192,-31.18528050800436,-21.180969883949395,-21.08484858460252,-20.976933888597383,-21.94683787115647,-24.232165803288613,-29.507025123979435,-59.056956493598506,-227.73698186088828,-93.4039489413048,-22.28612185209099,-29.381919650477148,-23.75103108081034,-21.82195067664491,-21.026857672777442,-20.98859923176275
-20.82598646503103,-20.94901707357755,-20.83074574480966,-22.645387754129437,-30.251679383025603,-20.871121710384614,-22.592727720649798,-44.865926927325035,-59.924937159385415,-21.26152976506534,-20.86577186398907,-20.993766821646766,-20.986943222732357,-21.21649434992457,-31.32334971100699,-21.008353015425335,-20.916471688200083,-20.81338673240105,-21.800875805043578,-24.12210149498939,-29.220923595896235,-60.5755707777448,-227.16647115788436,-95.49214415637023,-22.15647898772003,-29.219328285731294,-23.55759389411833,-21.683162288648052,-20.870474798264386,-20.83252138102347
-20.77674724917759,-20.900227418533564,-20.78102245095444,-22.600127906179747,-30.232790296042026,-20.821900727203865,-22.551106880059546,-44.86720710031126,-60.07146816183588,-21.21507375256997,-20.817020482020823,-20.945686552407043,-20.939058539076864,-21.171291814625224,-31.33024384787256,-20.96154164356342,-20.867893608656477,-20.763967231864576,-21.75705940050507,-24.090784704053966,-29.197500538400156,-60.75774446062012,-227.6476784558674,-95.76045634780431,-22.116146889569183,-29.205941916209706,-23.51922098978536,-21.639052635173805,-20.821380189391178,-20.782868172758306
-21.01701164269514,-21.145880161565845,-21.01811390711486,-22.930456043333745,-30.406539283881198,-21.05537870835423,-22.809658993262612,-44.802362235489234,-58.79401412710689,-21.422470206438696,-21.061220815217297,-21.17816126704097,-21.18385649222654,-21.39242351298007,-31.161460770859183,-21.214289157256438,-21.11773248211481,-21.009015460563187,-21.975389643596856,-24.25646112157456,-29.559834809887136,-58.79076620803133,-227.9750376794152,-93.05618652984086,-22.31134304597112,-29.410046017069767,-23.787588124785188,-21.84929093335594,-21.057694186050725,-21.019452845699952
-20.70948099322582,-20.841061797525224,-20.707700291842787,-22.64739097631025,-30.256544917604455,-20.74797219079732,-22.54768213104018,-44.766497250414005,-59.64794291628658,-21.13098081351658,-20.756358807260607,-20.87773198501705,-20.884503261881633,-21.108899692797063,-31.190973420432563,-20.92126276342398,-20.814134052425402,-20.700375451337038,-21.70079906848039,-24.049733323488113,-29.412453461198673,-59.843030066287255,-230.62166478382036,-94.61518383879309,-22.05771450924064,-29.328844957940053,-23.547098345548918,-21.572842872090867,-20.751031009447626,-20.70945749229848
-20.294430062887614,-20.43674670945206,-20.28474775127783,-22.383131849675692,-30.208470008944943,-20.327184356769095,-22.250087070058868,-44.86502194241619,-60.25754807205728,-20.718747170082924,-20.351082523006635,-20.468958561300237,-20.489447285664053,-20.721940317723234,-31.082248489688155,-20.544702769395595,-20.416157994660278,-20.28758397208909,-21.33168444459639,-23.788546686804356,-29.470460333070086,-60.1713064335997,-238.1215794418521,-95.57608370378952,-21.70594343781182,-29.352524392305106,-23.300371619284107,-21.192198963835526,-20.334334049342985,-20.286823059251972
-20.250767599867356,-20.386714894006477,-20.244649223387345,-22.230649110282776,-30.0674275579315,-20.289300094737605,-22.161478019594718,-44.78586164513477,-60.979102749920074,-20.69645502823137,-20.30200605327976,-20.429582183661196,-20.438269738317317,-20.686227305188,-31.24772330497865,-20.48467357342434,-20.36189935224964,-20.240184431930214,-21.292593506884327,-23.749550274040843,-29.212429671075554,-61.45892531142931,-235.20258530864328,-97.04220146417556,-21.680662046754748,-29.222529897081763,-23.19433998103207,-21.161271150025016,-20.293582901428923,-20.246998741446966
-20.611760521636132,-20.739214342072387,-20.612579942262858,-22.482746090942918,-30.173042439383458,-20.654758871146274,-22.428612084475112,-44.816189426724804,-60.355457305250624,-21.0524652707579,-20.655486488675145,-20.783964973696342,-20.782254256583148,-21.019833784311118,-31.306256299741843,-20.812652606644193,-20.709243900549428,-20.599670434233072,-21.611715371663596,-23.9836491782005,-29.199533702416367,-60.985281078959154,-229.85640676057562,-96.13677865405685,-21.98058566748029,-29.21018545638697,-23.41727962644277,-21.48950384760792,-20.65577920900325,-20.61459862732236
-21.113982978290228,-21.23627558939767,-21.120158651489263,-22.93596730628371,-30.380955706036925,-21.157365196873123,-22.849994553895343,-44.842650145536695,-58.94991847141738,-21.52876300126737,-21.15243489028078,-21.274605518457143,-21.26985153902742,-21.481460455988202,-31.256487000700467,-21.288353480387265,-21.20378714685936,-21.103404306619645,-22.058844247544727,-24.309287531222708,-29.42007076717954,-59.271850916694035,-225.00432296504076,-93.6004281675663,-22.39308004051903,-29.335001999356724,-23.80276322516986,-21.940436408596074,-21.156829721800293,-21.12148260885254
-20.13573849438259,-20.272435520458707,-20.12878585159911,-22.120636209775164,-30.022450182487873,-20.174619277750146,-22.062477929924526,-44.80559611426166,-61.36232845286176,-20.58877704772374,-20.18781198334565,-20.317378139217187,-20.3258791024138,-20.580524889405016,-31.27417526541258,-20.374115100564428,-20.247918162028256,-20.124594212599842,-21.190435472422088,-23.675972717619842,-29.151734706979852,-61.94462045389359,-236.3125295432999,-97.7552511790307,-21.586899647625202,-29.19091677801748,-23.10258076547339,-21.058692772104255,-20.179045411612393,-20.131291849839652
-21.654393984333332,-21.777187871328195,-21.66211844734745,-23.512446531294735,-30.766381268027963,-21.69305514615867,-23.353415115779544,-45.014455473405164,-57.1892763412327,-22.02919424395197,-21.69290256452272,-21.80097369711248,-21.803289504279242,-21.980101540029167,-31.137626864653015,-21.81923007182515,-21.74645470971328,-21.64857012809356,-22.54626245907293,-24.69594015025828,-29.868447485327522,-56.81784463325473,-223.2504484224753,-90.15945259129779,-22.839055170967303,-29.586892804240225,-24.28600979478479,-22.42398856970165,-21.693604931268442,-21.662541755749476
-20.762832414878716,-20.88789438864585,-20.765860760710872,-22.607199349816543,-30.228869705800854,-20.80668053387159,-22.549235957191883,-44.83120381876849,-59.991209422560864,-21.197913114323782,-20.80432129505344,-20.93176166508508,-20.92771219850673,-21.158649294230866,-31.30473239102632,-20.953104054619455,-20.85658812281763,-20.750756114569732,-21.745570294573962,-24.080871334217328,-29.237297795075207,-60.58641846381357,-228.1092355774899,-95.52668183851657,-22.10464816981528,-29.230225281429597,-23.523872973366625,-21.625605565311993,-20.806856082623142,-20.767694075334592
-20.534110240745736,-20.668142507888156,-20.530138098858725,-22.50041115273472,-30.19103027393366,-20.57191124296982,-22.405624487076693,-44.76544072307459,-60.07868094834102,-20.962526034557282,-20.5833054934019,-20.70606384963774,-20.714991812276377,-20.946949245658676,-31.192855165394292,-20.75671043716557,-20.6425522444137,-20.52485449829127,-21.544751190730558,-23.934863895036404,-29.361708990973355,-60.321038257908214,-232.63672172644655,-95.37231584810391,-21.912507939169668,-29.301181544283992,-23.420309066892226,-21.414544119031344,-20.575795979098437,-20.532102170846144
-20.896277255809814,-21.026955169248573,-20.895741346405742,-22.830887313274165,-30.35896895668371,-20.93403959620867,-22.712368076446634,-44.78874025987588,-59.067777387125545,-21.306064891726088,-20.942188325672145,-21.059926774598654,-21.067377295172328,-21.280944396042106,-31.15718619298425,-21.10151255466439,-20.99979255394519,-20.888230357923238,-21.867786480363637,-24.176794164696084,-29.52661919949231,-59.08843117826417,-229.32386095885988,-93.53023496090067,-22.211091625914015,-29.390621744039084,-23.700966488674162,-21.74004559491358,-20.936985247368707,-20.89722740603095
-21.181212827851855,-21.305253120983892,-21.18629254444765,-23.031280665260496,-30.437068102657644,-21.222496385490118,-22.92437362905908,-44.829517574023356,-58.59339651345388,-21.58656017213883,-21.221010694854986,-21.339664706044104,-21.338756980612054,-21.54372375490213,-31.20987447741464,-21.359983360832665,-21.27412166209688,-21.172085142617906,-22.120420588883157,-24.358295921462545,-29.529059950055736,-58.71396718691425,-225.2307413073896,-92.82981821506922,-22.44831813307234,-29.396615362501077,-23.88057336565209,-21.999459807199397,-21.22286537566371,-21.187473475063037
-20.676193948941314,-20.80330467102643,-20.67744842233387,-22.54537759210979,-30.198681022009026,-20.718942955128945,-22.484739752877893,-44.807804448317725,-60.14178518611387,-21.112599928171765,-20.71948315195149,-20.84681848099414,-20.84529774506917,-21.079035702616366,-31.29209758557251,-20.874755143519597,-20.773223081745275,-20.66446331559555,-21.66915463592502,-24.024757266678467,-29.23747052379572,-60.708510979804856,-229.28022607575753,-95.73236810664649,-22.033298185629178,-29.23153366479499,-23.469946331143976,-21.54703510923927,-20.719912113197854,-20.679372568246478
-20.146224373571457,-20.27987865160027,-20.141341030337614,-22.084426372388542,-30.013517957589304,-20.18776372307571,-22.0502655627462,-44.84492242099503,-61.61831353185626,-20.607822077612678,-20.195941257502724,-20.328785115951774,-20.332025916512865,-20.591650757036692,-31.342975870709463,-20.375350573801658,-20.25327553310504,-20.133512391048864,-21.19915632629396,-23.68706197903874,-29.05469805097986,-62.43263160674823,-235.29042707584645,-98.35198261773085,-21.59879994478628,-29.13534900196139,-23.078590910370274,-21.071352397050042,-20.190821629495893,-20.14392765682448
-20.746550759788324,-20.881311971242692,-20.742887628372443,-22.737506786294254,-30.341959310521247,-20.78201412380763,-22.606255490674307,-44.80848617859082,-59.27076263282967,-21.156983848523627,-20.79622888254205,-20.912476919932587,-20.925324301758916,-21.141843677629723,-31.114398279240845,-20.96675376332322,-20.856606633896007,-20.739406463830722,-21.734818274908992,-24.08372872585863,-29.550550859492798,-59.18394969288677,-232.0072211304939,-93.82590158068183,-22.08460030844245,-29.399464871056608,-23.61347719296718,-21.60271758224419,-20.786554882251078,-20.74449911884056
-21.298397830353032,-21.416757339074387,-21.30822611793428,-23.075411452741942,-30.453375036307804,-21.343777994354074,-22.99114138387093,-44.91465727425677,-58.604583876589814,-21.708943096287236,-21.33329717004875,-21.45516967897071,-21.445658754842885,-21.650219798769545,-31.276788477888473,-21.455868633363608,-21.38200478810194,-21.28736421791488,-22.22182472905712,-24.427992525428007,-29.44124756307223,-58.94367191940877,-222.83557898736302,-93.10323458156097,-22.544320773781518,-29.34757005398681,-23.92380697090313,-22.107263343443343,-21.34173135440683,-21.30931549062441
-21.39503626545324,-21.517624401447712,-21.401924338220635,-23.23523435594968,-30.55688149117864,-21.435895001419087,-23.110708093754972,-44.88391312589424,-57.99549352437633,-21.788319480946793,-21.433346380929663,-21.54840260375893,-21.54739138226135,-21.740688097814605,-31.187913473617385,-21.564742420831802,-21.486005222255756,-21.3869416476512,-22.31202668119417,-24.504620439748717,-29.65164998211484,-57.94635233973157,-223.77101921355387,-91.7211773129549,-22.62482093631382,-29.466806356559815,-24.053919686806076,-22.191653568958184,-21.435933048516475,-21.40278379483048
-20.618222175479435,-20.751938341829707,-20.614738837714068,-22.584498073030545,-30.235550179193314,-20.655603473730043,-22.48024239794697,-44.76871128056042,-59.80052176557085,-21.040990236348325,-20.66704875666518,-20.78804975092809,-20.797470837448923,-21.02432398022304,-31.173425860285867,-20.83817117597753,-20.726293920787555,-20.609489927285036,-21.619808824436827,-23.991402364726508,-29.41535544254004,-59.95574960322697,-232.04355761178937,-94.85005804476529,-21.981263827615553,-29.32962972051775,-23.49029174702162,-21.489608443660956,-20.659480227230485,-20.61658041171018
-20.577457863439122,-20.70473803758887,-20.5783103613033,-22.4443550191815,-30.159327128378635,-20.6209133202706,-22.396305886143207,-44.829644572084504,-60.50182184806599,-21.021499295630967,-20.62115307428895,-20.75060437988369,-20.74816728738534,-20.98835418397728,-31.321335506889046,-20.77844482335109,-20.67458634203725,-20.564988112180927,-21.580974798119865,-23.962289601545805,-29.16777547729508,-61.19155725018818,-230.08347214958033,-96.43187160647182,-21.95267768016282,-29.19193373527552,-23.3854397753368,-21.459177759112638,-20.621798165906778,-20.580388261731834
-21.183286940609793,-21.301705841126598,-21.192716986986294,-22.956451829671465,-30.397764193874593,-21.22955424268853,-22.886466881712586,-44.92068208935423,-58.996995147019966,-21.602532388705658,-21.21854722363633,-21.342919869165407,-21.332233961139096,-21.544122677835304,-31.303490305909996,-21.343198682820624,-21.266773039164065,-21.17132383564199,-22.118266030358964,-24.352013886791983,-29.35313771859439,-59.47936910708098,-223.5854925995671,-93.8812726522014,-22.449269260169782,-29.29518569455594,-23.822917551261515,-22.004315327371447,-21.22736447042615,-21.193995081973345
-21.372142284149305,-21.48898873209595,-21.38342084497721,-23.132500612131746,-30.48448576827846,-21.418270974739777,-23.048188695124594,-44.948363797631885,-58.46183493814573,-21.78077871208647,-21.40567452769405,-21.527319148762373,-21.516004378325206,-21.71755714274615,-31.283432698432907,-21.522936947310164,-21.453387650818737,-21.36096875016705,-22.286992924749168,-24.47548246843722,-29.45289490823373,-58.80078079326822,-222.02817393026197,-92.89602371633237,-22.604593242929532,-29.35451835674268,-23.973078167988117,-22.173868447878387,-21.415647087746443,-21.38441007586271
-20.273679182113916,-20.408360597721995,-20.268459335285264,-22.23489480321634,-30.067001564737915,-20.313139394460592,-22.173035983417243,-44.78981551158492,-61.00780760597868,-20.72124331258059,-20.323856033987425,-20.45239381511937,-20.459133199953808,-20.707840457456093,-31.26874945532042,-20.503415682686857,-20.38271455966592,-20.262605296181672,-21.312746108494775,-23.76466633509768,-29.18590564665827,-61.55666326100161,-234.57900132368573,-97.13490548667923,-21.70066685381219,-29.207639010847934,-23.20053079477308,-21.182942125573447,-20.316887072465057,-20.270812306769493
-20.007515215845753,-20.145267394886055,-19.999503242512727,-22.001458695178023,-29.97732017306846,-20.046606339009376,-21.953924131553354,-44.83293121138845,-61.77819957997075,-20.468245075385827,-20.060708745678728,-20.192231021794235,-20.200886075891408,-20.462659552493886,-31.300712699682695,-20.25148746035595,-20.121234553031332,-19.9958591887158,-21.076733617263244,-23.594821631867518,-29.092313690663236,-62.45925315323052,-237.67690574998755,-98.52214987489697,-21.482323264839035,-29.160523627882768,-23.00287280000396,-20.944239521609607,-20.05128741126242,-20.002176038934365
-21.314976777423304,-21.438840216189938,-21.320646916318534,-23.169529371320937,-30.522388390439712,-21.355348363998512,-23.046378253612268,-44.86068698370207,-58.16672745261485,-21.71099530655469,-21.354488383550873,-21.47003453814913,-21.470361457913054,-21.66704495096256,-31.18313946726218,-21.490452615803733,-21.407911016731042,-21.306866119000762,-22.24070579388499,-24.45182166541601,-29.629265419815937,-58.13289907391055,-224.59716279365395,-92.00736552778247,-22.558566454955834,-29.45297476516261,-23.996709191957883,-22.11921393498789,-21.355846455710193,-21.321613644451787
-20.313216951053477,-20.45579643275577,-20.303477022484174,-22.407650338451912,-30.22930328763603,-20.345616571329202,-22.26938860575508,-44.87847301637356,-60.16970224728136,-20.735449984151767,-20.370100850156156,-20.48708373281162,-20.508263625027706,-20.738955171479688,-31.070088684172234,-20.563717289237054,-20.43538190984569,-20.306655872030888,-21.348393775103037,-23.802686239641815,-29.493991794970466,-60.03917833954985,-238.21247782623556,-95.41283665060509,-21.72063413135038,-29.363708041492657,-23.319367641571276,-21.208510733385744,-20.352902748471404,-20.305514982617836
-20.049595493814337,-20.19342472068051,-20.03815273526494,-22.148077455557342,-30.08156879554017,-20.083054314236,-22.037868476736776,-44.85906722718258,-61.029924591742244,-20.4885511750948,-20.107720132397,-20.23013115741941,-20.250130985880546,-20.496382119785192,-31.130945398639184,-20.309178558945295,-20.173490789923772,-20.041576583929917,-21.113872545620563,-23.623071171346258,-29.340471285283805,-61.14463947768206,-240.11886469910027,-96.9942124139734,-21.505744208889126,-29.28886658454166,-23.104859663744744,-20.973472096902082,-20.090494410783577,-20.040549689527065
-21.266143304761602,-21.386923818327706,-21.273963547821584,-23.074292073558468,-30.452282142631855,-21.30963130875468,-22.97863402021894,-44.87041440873496,-58.54134465784071,-21.673186580860403,-21.303059258897672,-21.423251365766724,-21.417592169292227,-21.62133626738883,-31.24535683946369,-21.43247411148662,-21.35373417537866,-21.25606064980863,-22.194653662564587,-24.409864174537365,-29.491434971300475,-58.76823110982778,-223.69276049791293,-92.86336036085609,-22.518367739277274,-29.37656966666579,-23.920868461226114,-22.077269983872903,-21.308639188675407,-21.275066644423198
-20.541112169188118,-20.666922784034835,-20.542970416756003,-22.38603483211512,-30.147821307860358,-20.58622195850723,-22.35352171181105,-44.88179597842583,-60.773729647416104,-20.992486435122775,-20.583864943105812,-20.715577931735496,-20.71013938193077,-20.9550563006095,-31.36370358709535,-20.73801930850998,-20.635729162860205,-20.527562733203496,-21.547722149058423,-23.94223762878975,-29.092791472009573,-61.62050065318481,-230.0811663465586,-97.03710333226152,-21.923435529697727,-29.147112032257866,-23.337970790317204,-21.42806094703002,-20.586379138551514,-20.5451430344027
-20.541112169188118,-20.666922784034835,-20.542970416756003,-22.38603483211512,-30.147821307860358,-20.58622195850723,-22.35352171181105,-44.88179597842583,-60.773729647416104,-20.992486435122775,-20.583864943105812,-20.715577931735496,-20.71013938193077,-20.9550563006095,-31.36370358709535,-20.73801930850998,-20.635729162860205,-20.527562733203496,-21.547722149058423,-23.94223762878975,-29.092791472009573,-61.62050065318481,-230.0811663465586,-97.03710333226152,-21.923435529697727,-29.147112032257866,-23.337970790317204,-21.42806094703002,-20.586379138551514,-20.5451430344027
-21.72720468698704,-21.836673283041744,-21.745821010896716,-23.410210353643386,-30.647555818390682,-21.77702635527788,-23.323748966986837,-45.15991093042196,-57.77962493119324,-22.126318670688025,-21.75413582242848,-21.87437330248296,-21.85417161914773,-22.040438300136596,-31.31332637700035,-21.844610263468645,-21.79709251080375,-21.715417824251226,-22.600342324060886,-24.703482988535377,-29.516787490236744,-58.098054200215834,-218.46004496169547,-91.93739997075758,-22.89307990307718,-29.393388712880927,-24.211350453750576,-22.49400721395713,-21.77158768644503,-21.746284323751507
-21.77818566473852,-21.885115554306367,-21.799192872314574,-23.4340197012938,-30.67352348865099,-21.829825456372873,-23.354122154119807,-45.2485048059644,-57.77342140266119,-22.179101209057897,-21.803127478234018,-21.924166882566542,-21.900201617060112,-22.08530329469858,-31.334611771996585,-21.885213880050618,-21.844131492582793,-21.76563071391098,-22.643613094120205,-24.734288812615315,-29.4859830109458,-58.161911457407804,-217.77984184778052,-92.0801179090972,-22.932351276035742,-29.373803411120022,-24.230865995477544,-22.540013935733445,-21.823335411048017,-21.799581829850972
-20.408085730956746,-20.53427770952433,-20.40931477987979,-22.252603715194883,-30.108319858120687,-20.45404726691426,-22.23616973383776,-44.93059793539682,-61.269193695661976,-20.869827521007856,-20.45161422640329,-20.585911312718114,-20.57948901052659,-20.83309290317549,-31.40492551589088,-20.608722357522176,-20.503126217135286,-20.39360695397854,-21.42921330174906,-23.862070788422344,-29.004950111873903,-62.276854769721204,-231.3742545262932,-98.00038989664068,-21.815091678935815,-29.0962843820053,-23.226011280524553,-21.30986409418597,-20.454157384789227,-20.411692996926213
-20.686173971789792,-20.816955163310404,-20.684854793718827,-22.6103761006334,-30.23253642938785,-20.725561214484646,-22.520354270643303,-44.766013826430125,-59.79681670629759,-21.11163383411414,-20.732403013965417,-20.855343324224883,-20.860411829863914,-21.08768216692105,-31.21446690734107,-20.896015644781187,-20.789427070524397,-20.676456327002853,-21.679674459812254,-24.032805160677636,-29.367334857847652,-60.08166974574839,-230.42472429303453,-94.92536454682009,-22.039363020395413,-29.30461018701204,-23.518124075414157,-21.552836799206958,-20.72821987231485,-20.68666998158279
-20.64573675571679,-20.776301575455964,-20.644437283092408,-22.564384601044754,-30.208515535968584,-20.68565506355915,-22.481797129127603,-44.768264521145525,-59.962054067917094,-21.074961664404213,-20.691851343517357,-20.816053953317155,-20.820239101697318,-21.05057485412667,-31.231409869606026,-20.85572413737563,-20.74854102281852,-20.63557059843509,-21.64343495113505,-24.00564285893251,-29.32893375091427,-60.31674378550623,-230.58622567826814,-95.25122801227596,-22.006553423687233,-29.283660409773617,-23.480440485574512,-21.51706960913438,-20.688149748614364,-20.646322038499214
-20.738882007105623,-20.866695973917537,-20.739808196421173,-22.621356657436248,-30.23114863532912,-20.780463699465525,-22.546801259511437,-44.78643039672415,-59.85040291056215,-21.168302560932325,-20.78257537761801,-20.907666146581935,-20.90814533936179,-21.13659943828091,-31.258511087735442,-20.93847383206286,-20.837221047396685,-20.72804299135053,-21.72559125959493,-24.065319503145542,-29.308636242697588,-60.28195770961835,-229.04827310719946,-95.13406684591556,-22.084225651684243,-29.27198448765887,-23.53235894529177,-21.60224171867394,-20.781855462309647,-20.741615222970456
-20.594802076723326,-20.72625278179332,-20.592736294204236,-22.524184789770487,-30.19138756213748,-20.6343651185123,-22.44181423283411,-44.766457186290076,-60.074531098533484,-21.02560036523672,-20.641737142732005,-20.766147821545584,-20.77126542655367,-21.003565142165126,-31.22894102084571,-20.808499741566564,-20.69900291248781,-20.5846816173892,-21.598224106091813,-23.972619404840287,-29.31983639239474,-60.431337181975636,-231.23194915326923,-95.4392936076077,-21.96436214984971,-29.27877584516888,-23.4454743406176,-21.47098727872278,-20.63717971672385,-20.59467761282862
-20.247377315442733,-20.38451243520993,-20.240493118918792,-22.24618885376976,-30.07880364798104,-20.284890134725483,-22.167211609033075,-44.78414959443437,-60.88223794733098,-20.689832739041478,-20.299593377330506,-20.425766181457707,-20.436519640374748,-20.68245904756209,-31.22092757107876,-20.484766267742145,-20.360505212491507,-20.23740562671162,-21.289738111580753,-23.74745183567737,-29.25135430931934,-61.27125789143961,-235.69864525137427,-96.82612317867829,-21.676371693857874,-29.24347637274738,-23.204257182526803,-21.156915125863694,-20.289702737752364,-20.242810237996853
-20.309545527509396,-20.446210736304376,-20.303157984783663,-22.304572579949827,-30.1048768410888,-20.346937627261568,-22.22035255054376,-44.778051327718096,-60.68686560758178,-20.74833467145202,-20.361274320057106,-20.4864455391019,-20.497173847037544,-20.73968551943577,-31.209435325994917,-20.5443271725537,-20.42199701910672,-20.299837668193017,-21.345010927455064,-23.78798659838946,-29.282016306772775,-61.027622034540684,-235.10439178343478,-96.46563408960688,-21.72724860371044,-29.25934125283232,-23.253191355446095,-21.212504515507778,-20.35164162663827,-20.305393100484192
-20.788567821104973,-20.91847212888302,-20.78818094332714,-22.705034400127055,-30.279135977369716,-20.827878537878163,-22.60756020169511,-44.770424041127654,-59.50143745735535,-21.20847007347601,-20.833908202722267,-20.955351425723,-20.960126032388096,-21.18200622090303,-31.202106128057885,-20.99368011650952,-20.890548550850617,-20.779234698105373,-21.770983528817457,-24.100645650881606,-29.41674865013835,-59.716060347798845,-229.50219769699788,-94.38402338622943,-22.123613038476368,-29.331693587306148,-23.598311885511222,-21.64474407127004,-20.83030313358307,-20.789857063545117
-21.05834232225357,-21.179345172712782,-21.065348728020744,-22.860327370864212,-30.34695748643321,-21.10333603933689,-22.790185373875097,-44.87165713443562,-59.24244242243985,-21.48073766510451,-21.09591676990258,-21.220651115716297,-21.21301470126374,-21.429886907426965,-31.29300288640986,-21.22947220944566,-21.145877444326775,-21.04664355793439,-22.007940639737658,-24.271496275133355,-29.33609724860873,-59.7210926333798,-225.01631169884985,-94.23864573536244,-22.347110185122666,-29.285912105199387,-23.74013727928962,-21.89146913811387,-21.102128197222136,-21.066787151393278
-21.221195811321035,-21.341736379059704,-21.22905974094031,-23.02401323886192,-30.425609177380515,-21.265262118130664,-22.93572504704207,-44.87202376424301,-58.710616087041636,-21.63221569183937,-21.25800668258463,-21.37949121743082,-21.3729041887244,-21.57981934780779,-31.2597791067392,-21.387604065734255,-21.308285051707966,-21.210617786325923,-22.154021821112693,-24.379015978033184,-29.448543521067027,-59.00976549064442,-223.87103153807914,-93.20821602775304,-22.481233888258966,-29.351697434348388,-23.87867671480048,-22.03719491235823,-21.264091770314035,-21.23024057989271
-20.26130185739388,-20.396434729234546,-20.25574653299484,-22.22888829452884,-30.06503199133127,-20.300467434515934,-22.16508003990933,-44.788762554497936,-61.01404528193246,-20.70854566127809,-20.31186454988861,-20.440169402155348,-20.4475483402537,-20.696289289493517,-31.26287768424715,-20.492616173387223,-20.37107710382397,-20.250367590436568,-21.301822807172073,-23.756556383912482,-29.192139559237965,-61.54431949888138,-234.82804813149565,-97.1329939352508,-21.6901505794991,-29.21127053608729,-23.19466516275553,-21.1714968287719,-20.3043990706878,-20.258105001021907
-20.86086516046404,-20.99261480650274,-20.859504143159864,-22.810287921267214,-30.355988275299204,-20.897986452940998,-22.68804380584929,-44.79177537055273,-59.10792382457061,-21.27054499803006,-20.907761040626593,-21.02502733984301,-21.0339460661391,-21.24808357953062,-31.145216181225795,-21.070007893403204,-20.966111232826805,-20.853085563743125,-21.83640904840052,-24.155025674549474,-29.535569085406507,-59.09635793867047,-229.99085606050352,-93.579970812175,-22.181183311122595,-29.394488630920012,-23.681382521540186,-21.707507329340363,-20.90135977405324,-20.861018436818753
-20.358489106248722,-20.49724115225778,-20.35101295509238,-22.390978321846262,-30.167945900844803,-20.393678545453792,-22.28098639190967,-44.7976919372024,-60.321529365793765,-20.78753603575255,-20.411946867795574,-20.53307766917076,-20.54812883363705,-20.783291581823356,-31.144102583095084,-20.598042948199677,-20.474504064724435,-20.35029262614399,-21.38878690215371,-23.823714665236828,-29.392574260725507,-60.431035536928505,-235.81961851986836,-95.73366261500493,-21.76383042086384,-29.315935182979864,-23.3181257699002,-21.2534486048788,-20.39938686901293,-20.35310618372879
-20.330298900001537,-20.4663386800232,-20.324373068259487,-22.316485982470148,-30.107627963252405,-20.368062013359673,-22.23458830397836,-44.775593157043296,-60.66419372905231,-20.76922271611032,-20.38147472830656,-20.50690863155155,-20.516795625703256,-20.759045006889046,-31.21656407419428,-20.562867674166128,-20.441736484834088,-20.320428188428966,-21.36340209928047,-23.801258925805108,-29.27592995535911,-61.02612693432174,-234.7100472908214,-96.43789850919902,-21.74485005992649,-29.256028871285622,-23.2644783983629,-21.231594430087178,-20.372519037426056,-20.326595333314856
-20.942263767365183,-21.067218669801775,-20.945901088900982,-22.793533344363812,-30.311343579761715,-20.984691099338885,-22.711958528284725,-44.80814153093166,-59.34788422799045,-21.363394267621143,-20.98322594341652,-21.106606091953644,-21.104507111393858,-21.323698510850527,-31.254242536368622,-21.128729204235245,-21.03619250157693,-20.93162670330056,-21.906324253387346,-24.197552577502712,-29.372034716639483,-59.712434101174544,-226.84913012211098,-94.26720608535352,-22.25171938732564,-29.307414087777,-23.6801024852563,-21.785515205320685,-20.985102776852674,-20.947448506269883
-20.70562150472858,-20.83194261585891,-20.707543997905614,-22.564982809218446,-30.208412823393324,-20.7488278269274,-22.505973473394693,-44.816984985852436,-60.09872156837946,-21.14184673354897,-20.748226470787902,-20.875700911867103,-20.8731574319836,-21.106098103281894,-31.298318910230385,-20.901077919493716,-20.801379950163778,-20.693723395783913,-21.695068363952842,-24.043858107335836,-29.234228815554363,-60.68219188479512,-228.85316223565448,-95.68190105748099,-22.057589084509054,-29.229226187960116,-23.48723801028672,-21.57380292188509,-20.749484767442233,-20.709440004985623
-20.446990346202977,-20.58118205675519,-20.442629225743616,-22.410658054393352,-30.145590403057472,-20.48538438204397,-22.32722620065585,-44.76751643711725,-60.38758558930776,-20.881841975343853,-20.496444472329667,-20.62122197391781,-20.629328930270002,-20.866927924159967,-31.218040490627097,-20.671826912745782,-20.5555333636594,-20.43710001071309,-21.46704738127091,-23.876945225543913,-29.30063165855418,-60.73491876282664,-233.21991522267373,-95.95854803202856,-21.841586561102392,-29.268758260333843,-23.34609158732675,-21.33704411232262,-20.489199623513613,-20.44472496620214
-20.73963572313753,-20.86640941199892,-20.74132166048441,-22.60706751932241,-30.225112275606765,-20.78214324929897,-22.54007937459582,-44.801886465197704,-59.93420543490252,-21.17185787433127,-20.782502733337836,-20.908708109511682,-20.907369600505785,-21.13734970538604,-31.278793453405115,-20.935897170614247,-20.83622091059778,-20.7282584502669,-21.72574777714876,-24.06559083396985,-29.2750252156332,-60.439442731568306,-228.7300334774524,-95.33980124762644,-22.085254299927335,-29.25269056234897,-23.521862721928276,-21.603718776935228,-20.783061507842355,-20.74315252109987
-20.369275206831524,-20.504029021926556,-20.364300620415218,-22.33725195144747,-30.112389904618063,-20.407837571713443,-22.260539475101197,-44.77332809550464,-60.63144952121625,-20.808768352824632,-20.41932373405013,-20.5453728496765,-20.553480910253423,-20.795406942624776,-31.23225962710975,-20.597323865433207,-20.47861766004403,-20.359039771269053,-21.397890206472653,-23.826222369255515,-29.26088556410551,-61.041262411092355,-233.94043959535261,-96.4098688080886,-21.77795302952481,-29.247736122485172,-23.284487442751416,-21.267536822140602,-20.41177878330901,-20.36650130282556
-20.290904345664348,-20.42755552484838,-20.284464700849938,-22.28455449353669,-30.09498642924767,-20.32846799997266,-22.203251819899254,-44.7794634622473,-60.75925783629882,-20.731238932968942,-20.342650025136805,-20.468319135593312,-20.47878063069427,-20.72261141017142,-31.216449771964786,-20.526026883388944,-20.40329803850328,-20.281034395724934,-21.328413983242548,-23.775724308927092,-29.267385362130845,-61.12680553139897,-235.21587210866034,-96.60378855685111,-21.712194528573356,-29.251700154400297,-23.23683931815335,-21.196009308177814,-20.333135081787006,-20.286729313230442
-20.055477059975676,-20.201280647022646,-20.043058467898263,-22.18869315654188,-30.13376103714814,-20.087293618066184,-22.058609561817246,-44.91190226089587,-60.83599645382398,-20.488517115784123,-20.115318482916,-20.2347468664693,-20.258262339906167,-20.49990915294796,-31.079803579185345,-20.319790403839026,-20.18252364793019,-20.04854060438687,-21.118750578140602,-23.631757308524204,-29.415846300045754,-60.782668881316965,-241.26066785459653,-96.62692350161194,-21.506397006963695,-29.324238602897367,-23.13070721963147,-20.97590227860689,-20.095571528197027,-20.045376919849943
-19.935691684562503,-20.076731844838868,-19.925417166397786,-21.978939632612946,-29.974305784569996,-19.972499329389414,-21.91295226488207,-44.835673287252945,-61.741536408474076,-20.392251790978598,-19.991636580214525,-20.120877111294895,-20.134418129596625,-20.394657802429908,-31.24712332092073,-20.190363948324812,-20.054821615251385,-19.925228725419814,-21.013138319696026,-23.546442916197623,-29.154990228769176,-62.24957000659738,-239.45954421220918,-98.36891223723416,-21.41955116026095,-29.19606317297231,-22.97650347565281,-20.876712532399786,-19.97853775714046,-19.928088383293492
-20.488080365249555,-20.627159296735744,-20.48091389437279,-22.53433073501019,-30.262499236134154,-20.52196871973501,-22.402393330843886,-44.83021259509959,-59.83092550979949,-20.906457509179365,-20.541758207679262,-20.65895875602377,-20.67621222464116,-20.90199015152322,-31.095521501374847,-20.725672573355848,-20.604820646256645,-20.48109948544659,-21.504353435091783,-23.914772012924917,-29.502826202737275,-59.74726797450583,-235.42958931570536,-94.81264988697745,-21.86830886218383,-29.371110042299314,-23.434116638257397,-21.36806012935541,-20.52801245146613,-20.48279717790731
-20.43972926858386,-20.58072136493061,-20.43133634064173,-22.515230879374446,-30.278633705710387,-20.472436520996038,-22.373047751402968,-44.86964743937325,-59.8506686865948,-20.856743548072956,-20.495155380303824,-20.610950757490095,-20.63094263021083,-20.856269490543696,-31.067210380629987,-20.683349252851496,-20.559493947659703,-20.433352089201644,-21.461236375981457,-23.887068848231056,-29.5335430972644,-59.682580183410735,-236.76591703918365,-94.83328438880342,-21.82590415937594,-29.384444811054475,-23.412275242621817,-21.322787656030602,-20.479228420109795,-20.433233126766513
-19.984121848542422,-20.13024955466846,-19.971250944733736,-22.1181828838624,-30.093704641708463,-20.016237660629375,-21.995935628757685,-44.90778197781946,-61.0736173166586,-20.421755267950967,-20.044285774683146,-20.16521752053096,-20.188378219717983,-20.43429496614208,-31.09766390553802,-20.25085842367146,-20.111627267818882,-19.976785269060606,-21.055365330279763,-23.583235093521434,-29.374359096139997,-61.08797626828105,-241.77901442897823,-97.06226070955837,-21.44838654372201,-29.304574568428,-23.072700149859426,-20.91237896976559,-20.024552264403553,-19.973665864446048
-20.34039185625833,-20.47357085097596,-20.33637871235122,-22.282102366179267,-30.085613866649418,-20.38061092274897,-22.222756862882722,-44.79006712381275,-60.886669012878095,-20.786880302982677,-20.389232313418805,-20.517889992658596,-20.522833030186344,-20.76959601594743,-31.278441894914835,-20.56432774746153,-20.447014275191222,-20.32906972520404,-21.371781629702916,-23.80792391775154,-29.184843483649402,-61.46035078224318,-233.58016583063943,-96.95029168362093,-21.756203494387737,-29.20604464204503,-23.242293719662534,-21.24358820301572,-20.383788485168658,-20.338671965284114
-20.449770461999655,-20.57828514386609,-20.44936642568116,-22.328136287468762,-30.113853273160736,-20.49323792854431,-22.28916732225071,-44.842767294456216,-60.88768728779729,-20.900932933546454,-20.494771413970955,-20.625909510236767,-20.624038236582873,-20.87108235574888,-31.34069670489795,-20.657125430194334,-20.54873575366094,-20.436876481002518,-21.467573444003577,-23.88161766956055,-29.11141980675201,-61.66463368475718,-231.4249077389602,-97.13555264648024,-21.84823767051214,-29.16098036427942,-23.287234824870847,-21.34487955835367,-20.49447292529184,-20.451616979411813
-20.291098810979953,-20.426325923996572,-20.285572366290886,-22.26193853953719,-30.07946741404852,-20.32991901079287,-22.192860940323293,-44.78250734966106,-60.88904282613119,-20.735595435490474,-20.341677192668293,-20.46911858377678,-20.477053896515336,-20.723536731011112,-31.249587187196553,-20.522097804409995,-20.401090781673204,-20.280465126214185,-21.32836014199966,-23.77560903347196,-29.217954805727818,-61.36994803342292,-234.65060506564544,-96.89016265011072,-21.714131048954926,-29.2250890134086,-23.221595901715713,-21.197770675168698,-20.333943784760425,-20.287881127927914
-19.987713378316403,-20.123240635044517,-19.981122648441996,-21.945591029183564,-29.964325742773788,-20.029013875802452,-21.920263853448482,-44.87584667323333,-62.08824200168429,-20.457336623651898,-20.03929043590147,-20.173892574568818,-20.17832072680644,-20.445898622908214,-31.36494827515145,-20.225525541120323,-20.09762721134641,-19.974663548194222,-21.05886279236626,-23.58765174330927,-29.00018653377535,-62.98427283262086,-237.19069526679033,-99.19468189908609,-21.469240737965425,-29.108185259501337,-22.96143210861519,-20.929426716539023,-20.03264427310497,-19.983901746054013
-20.90280941481006,-21.03725268110855,-20.899956850214696,-22.898240693926674,-30.453077666666175,-20.937338520125373,-22.747975162349494,-44.861905867278296,-58.77435563013706,-21.30281707197128,-20.952194218843026,-21.064678648805224,-21.078849956881786,-21.28573434832733,-31.08060554145402,-21.11867795578,-21.012616767909694,-20.896756793565967,-21.874739629823104,-24.195243414363162,-29.661020111536267,-58.51850563608379,-231.33680686871796,-92.90111658488729,-22.212536897251592,-29.456675225852585,-23.746654836306625,-21.742275027013658,-20.94197129776674,-20.90133252297143
-21.058211942836973,-21.188286083260056,-21.058668536542676,-22.992877979233228,-30.46119187674963,-21.0952172785533,-22.857064935605862,-44.829984103908146,-58.57219790430605,-21.457730920624517,-21.103508859715223,-21.217814293666006,-21.226133504331695,-21.430175208856767,-31.128692535877995,-21.258227325424624,-21.16105833787614,-21.051173235071012,-22.012877951222755,-24.2900106444644,-29.633008366512236,-58.43401113687451,-228.4228504129028,-92.60200415029789,-22.34422864706739,-29.44804282216674,-23.836620868341516,-21.885060989046515,-21.098142256580584,-21.05991253617381
-20.675890550362347,-20.806525029969645,-20.674638569179884,-22.59726913206016,-30.225214493661657,-20.715493468892326,-22.50986239913862,-44.76666165492007,-59.846206412056766,-21.102553527623257,-20.72201259869068,-20.845385316941922,-20.850067196250034,-21.078265793565834,-31.2206320372504,-20.885491138361708,-20.778874254983666,-20.666010727743803,-21.670423738263946,-24.025757618771767,-29.354459504439657,-60.15554343744915,-230.42867240091562,-95.0252779147635,-22.031088205527155,-29.297607109756363,-23.50755359724343,-21.543821592608477,-20.71806880180655,-20.676473861386647
-20.55820336611295,-20.689586579394827,-20.556069769635084,-22.484513125156255,-30.172170920879033,-20.598137531936253,-22.40792529054976,-44.76999646501284,-60.21607796075082,-20.992106043466922,-20.60514886653544,-20.730546031758383,-20.735085835159083,-20.969976650916898,-31.242221912586864,-20.772421154520767,-20.66221645632174,-20.547743343589403,-21.56550773002242,-23.948494031193462,-29.28952993086358,-60.62735578334055,-231.44130521424069,-95.71470511192275,-21.934625849212246,-29.2622534775796,-23.41278595630422,-21.438536124697833,-20.60086145208771,-20.55807064622813
-20.512343794806892,-20.637621592934295,-20.51453454220629,-22.348905737478418,-30.141081731398668,-20.558195125443234,-22.324081447650432,-44.911102272127756,-60.93527608777126,-20.96775281330871,-20.554836094374167,-20.687674960371297,-20.68096440035883,-20.928667692042985,-31.384730313725782,-20.708043011848627,-20.606036219011024,-20.49827113988278,-21.521725374724646,-23.926132603987003,-29.05412621670053,-61.860723611887245,-230.25037253016376,-97.38406867280872,-21.90006909185332,-29.123790503451517,-23.307180322427417,-21.402946730817852,-20.558064009299233,-20.51676662397522
-20.618872316920736,-20.74481983162721,-20.620833756982886,-22.46904900737978,-30.173953053332184,-20.663170422253106,-22.42473299950589,-44.849486821837,-60.45974116130927,-21.06329662651341,-20.66145671847869,-20.79129350663146,-20.78704327757522,-21.026420498143235,-31.33408230302377,-20.8147636770919,-20.71384775656982,-20.606050753284663,-21.617280292818382,-23.989655386805325,-29.156056224144507,-61.18857590054198,-229.44478234150654,-96.40981828726744,-21.98683020328444,-29.183986764800533,-23.407364074299288,-21.496983941761773,-20.663516651358464,-20.622877845344227
-20.679846298707826,-20.811446288098626,-20.677954118172448,-22.616354232884202,-30.239598995008556,-20.71856543595171,-22.52068086866111,-44.76495989609627,-59.752423243715114,-21.10357765003544,-20.72677787370876,-20.848877017856445,-20.855316326054762,-21.081656002390012,-31.199412123757895,-20.892287466919004,-20.784471602408658,-20.67050707846814,-21.6742967330683,-24.029662212591898,-29.390257857227873,-59.98497019421055,-230.79030248335047,-94.8150271423778,-22.033529787613542,-29.316889640907288,-23.52139409555764,-21.54645932934509,-20.721585491966305,-20.679757452206147
-21.045441539154716,-21.16613528368247,-21.052652924518007,-22.842786846279612,-30.340343368252263,-21.090819120692085,-22.776327112566122,-44.88093127643752,-59.31210246930199,-21.469653380100937,-21.082818305319453,-21.208134789880205,-21.199816454999358,-21.417919519876875,-31.301726009419113,-21.215774657252595,-21.132439613962532,-21.033478182563844,-21.996125963343697,-24.26304215528223,-29.31646537390153,-59.8277652966896,-225.03432610075058,-94.39213737408505,-22.336421543181274,-29.274235089473052,-23.725527561016307,-21.880119841557445,-21.089451611865957,-21.054117994432495
-20.86125838834032,-20.992037295320195,-20.860531424366666,-22.795410792092234,-30.337668527448038,-20.899213750073542,-22.680922051493052,-44.78228256509624,-59.179843051767236,-21.27338591901018,-20.907284689504436,-21.02579553957561,-21.033001549352914,-21.248694776013984,-31.16447483051585,-21.067524022939974,-20.964870457676152,-20.852977825932847,-21.836432146825047,-24.152567176426636,-29.502773253799944,-59.237644100494606,-229.52330290695906,-93.74154317837271,-22.18236333166647,-29.377766345771704,-23.671357227898916,-21.708739133819805,-20.902150136230293,-20.862070281383154
-20.920025417958303,-21.045757816500128,-20.923019613276796,-22.781353804946765,-30.306032426535175,-20.961944342699592,-22.697219006985108,-44.799034796948035,-59.36577058384921,-21.34083457188963,-20.961663896967558,-21.08472507298555,-21.083726915138577,-21.303271481083463,-31.245944231509817,-21.109438041819825,-21.01522044981763,-20.90960616880374,-21.886818184386033,-24.183506613464374,-29.380095180440065,-59.70553880113333,-227.23151049922305,-94.27042008960842,-22.233291065641488,-29.311997769780618,-23.66888054207265,-21.76514885555621,-20.962675918319622,-20.924585728351754
-20.953322915493125,-21.086822732798154,-20.951234313428657,-22.936493445869413,-30.467136176338002,-20.988249903053987,-22.787176067275713,-44.85961200816102,-58.675654178373335,-21.35203402439496,-21.001828295809787,-21.114266056425283,-21.127382176103946,-21.332606436498853,-31.087181369230024,-21.16545434093772,-21.061667970300046,-20.947192944509688,-21.919820514412546,-24.22800375461381,-29.667925216196036,-58.425472645383685,-230.64096037829185,-92.7304450543334,-22.254955003084532,-29.461638197304467,-23.78091496472856,-21.788275390477466,-20.992542798676368,-20.95255622877866
-21.060482533348043,-21.181623109356597,-21.067387430632206,-22.86439871857561,-30.348387040895794,-21.10533531811739,-22.79308125764035,-44.868227376307345,-59.22430554302715,-21.482353663808194,-21.09815651802789,-21.222710008045365,-21.215336644972602,-21.43189531684835,-31.29008162337736,-21.232035615916175,-21.148250864455004,-21.048871654778612,-22.0099629854017,-24.272944075909244,-29.342066664609405,-59.691156644574036,-225.03476749731942,-94.19598740613286,-22.348899014962214,-29.28946016584571,-23.743475519875417,-21.89330537432208,-21.10419322613173,-21.068819844809735
-21.135727582441366,-21.263986607755196,-21.13767375784906,-23.046606049690276,-30.478376659704626,-21.17368525321214,-22.914534958243607,-44.832651828031175,-58.445991425759004,-21.534087000542048,-21.179328964596614,-21.293982170678333,-21.30000468356177,-21.501861918238,-31.14470473373119,-21.328662217820835,-21.23568773947233,-21.128389440065487,-22.081770000061557,-24.338983362074117,-29.632824391803688,-58.33785925096289,-227.246305154126,-92.40748115705917,-22.40917026630064,-29.45014671380516,-23.88546307000466,-21.955802709012527,-21.17590989683759,-21.138837063041414
-20.528516055044786,-20.65626918659998,-20.528885067717738,-22.399803088211872,-30.141587132099527,-20.571974480945283,-22.355216964946973,-44.83393316636149,-60.648796399909614,-20.975273792987704,-20.572710728465612,-20.702808221512175,-20.700590891791432,-20.94340003431379,-31.328534122785754,-20.731948301528007,-20.626347808936053,-20.5158837082323,-21.537494672589574,-23.931281158608666,-29.14607469925914,-61.371822730123824,-230.59235799136977,-96.69980908771308,-21.912627706732653,-29.179966116290096,-23.34776916564972,-21.41535501151048,-20.572993924401608,-20.531029371418864
-21.03679429878173,-21.164294882282118,-21.0389042612648,-22.930435370984902,-30.395869646388213,-21.076195432263383,-22.81743372143921,-44.79977488895743,-58.827448207497916,-21.444215896366014,-21.07976892161864,-21.19790933949585,-21.201418684204832,-21.410771577647974,-31.182281026935705,-21.229463768938263,-21.135242094728227,-21.028254160498168,-21.992527331310434,-24.266469433463563,-29.529512671656832,-58.89452398927214,-227.28045081583355,-93.1617219273238,-22.328387066497598,-29.39461183680702,-23.790365171087547,-21.86803109409016,-21.07791955364972,-21.040243608918146
-20.718125873002585,-20.847787860706102,-20.71767890390034,-22.627024766483917,-30.237076559495527,-20.75823620156036,-22.5412907099265,-44.770415277596214,-59.77331212240718,-21.14413448043374,-20.763368232375107,-20.886850157738472,-20.89033372878465,-21.11728124757887,-31.22771047901569,-20.923902956492046,-20.81954967461931,-20.70808415397601,-21.707831156894827,-24.05291918190695,-29.3542142042616,-60.09818263127582,-229.81138496107988,-94.91680518900796,-22.066240848773422,-29.29749857837087,-23.53404239454482,-21.582247193685088,-20.76043723814913,-20.71947269342592
-20.66951244351343,-20.798186711613077,-20.669613027463665,-22.561077202970747,-30.204050556568504,-20.710914702523237,-22.48974579829287,-44.78400218922809,-60.03383772508045,-21.102087973184663,-20.714044318773695,-20.839841160626385,-20.840984292734998,-21.072756033423577,-31.262775668472734,-20.873167116089927,-20.76916559717859,-20.658547711046243,-21.663923784510615,-24.020311643800355,-29.283884327513793,-60.495994418221514,-229.78620810960325,-95.45830010438439,-22.027148803368405,-29.258375053032488,-23.480890251606667,-21.539839541311352,-20.712586339903073,-20.671509054062838
-21.453381233751045,-21.56813672753915,-21.46663149333605,-23.190417456852444,-30.518599803535075,-21.500711269900073,-23.10829752187864,-45.00047759335476,-58.333391905767755,-21.86087624421801,-21.485088467092794,-21.606823213893097,-21.59279012046192,-21.79138849494352,-31.296572757816875,-21.59524938597352,-21.5313414136818,-21.441853127496447,-22.358363695717326,-24.527248648039624,-29.45389723867862,-58.695088442854654,-221.07575298182167,-92.75046997030607,-22.670553796263157,-29.355067259084002,-24.023108107018757,-22.247327518534785,-21.49726080900124,-21.46751195274588
-20.78425478457118,-20.90554321971457,-20.79026643256776,-22.579240848211594,-30.2401508288755,-20.831317871264023,-22.54348506648871,-44.93269810704514,-60.22664641476207,-21.228050418768976,-20.82295444553376,-20.95342151257814,-20.943117001063467,-21.17779802582013,-31.368069371255753,-20.961560459069844,-20.871811240336005,-20.770410619250843,-21.762285048746104,-24.098316234649058,-29.134779692709337,-61.051378532824074,-227.19876137328484,-96.18260147996224,-22.12200591032787,-29.166632129519783,-23.502615969883614,-21.647081841251246,-20.829820852987705,-20.792145510793485
-21.19593050333345,-21.32146504881291,-21.199979072176326,-23.06877541974511,-30.468900389776827,-21.23578142579248,-22.949159969726065,-44.83100560065688,-58.43891486176322,-21.596541138741717,-21.237025876208868,-21.35355212862037,-21.355455695449333,-21.557422396659515,-31.18023410835506,-21.379178570551925,-21.291412500399375,-21.187689626180287,-22.134531882426383,-24.372687142404168,-29.58964696645637,-58.44118063479357,-225.7673420864982,-92.47643864083359,-22.460030721692576,-29.429361575496333,-23.909462695631838,-22.01163038353772,-21.236858111940236,-21.20110555321459
-21.679342292803902,-21.794831052528618,-21.69273325770532,-23.43511011420047,-30.653207715944152,-21.724229601134965,-23.32096631865659,-45.01313875586572,-57.55407615337747,-22.068521361736963,-21.71113879908195,-21.827087931932496,-21.81674509332846,-22.0004367621997,-31.242549805319285,-21.819274859505402,-21.759025566257076,-21.670073489826663,-22.563085990713304,-24.683697253629767,-29.656345494925596,-57.59435134791361,-220.1209040908087,-91.15863137392768,-22.85853547365581,-29.475754050438034,-24.231095607960846,-22.4497189060863,-21.721440863908537,-21.693223522606168
-19.9101006044803,-20.046263451487818,-19.902875009170437,-21.873306345252296,-29.941556556613385,-19.951551963487848,-21.854750839522755,-44.90012407186329,-62.35184190210878,-20.38463483816323,-19.962386342671266,-20.09816900528117,-20.102663111744196,-20.374709815586726,-31.383782090571902,-20.15129944278685,-20.020940105669613,-19.896728535153986,-20.990183511461673,-23.54014194753093,-28.96423152996563,-63.31195968993727,-238.071809976367,-99.68274405953807,-21.406218121715316,-29.089658802120898,-22.901121446085618,-20.860325323864092,-19.955331232340686,-19.905756933730014
-20.49666910059356,-20.632233019172574,-20.49160067315606,-22.48533143300522,-30.19344951632648,-20.53345103593565,-22.38299469466489,-44.772644150896596,-60.08629481395967,-20.923783428477797,-20.547224088576762,-20.66897532149707,-20.680143893111346,-20.911889329455747,-31.171150762325396,-20.724452178464855,-20.607613841847442,-20.48791589154796,-21.511641794599957,-23.91192825910743,-29.386150126786063,-60.26090983137337,-233.53404845729912,-95.3501070388599,-21.880296668587185,-29.313684179070464,-23.40414028602306,-21.37968304744185,-20.537963088769146,-20.493578167463024
-21.393951610287992,-21.508253487309425,-21.40739508800056,-23.123290233064377,-30.48947179234257,-21.44216013895907,-23.051053139493515,-45.01674011109581,-58.56538094839567,-21.80705858517905,-21.425506650047144,-21.548897870668785,-21.533459215364324,-21.73629163804705,-31.31605346925413,-21.535380660313052,-21.471068797156526,-21.381704379719647,-22.30434761978017,-24.487624156125726,-29.39372534563259,-59.0284257963365,-221.3663150748261,-93.2411885648919,-22.620947022272173,-29.31841131929751,-23.965869417858826,-22.19424816656427,-21.438423532157504,-21.408380593419555
-21.09475849698576,-21.213491328568242,-21.10367575760511,-22.868577334676996,-30.359530607465622,-21.141477776936785,-22.808019736935595,-44.925783870767916,-59.28638379879998,-21.52015591753811,-21.13052998756439,-21.25654879878283,-21.245414598574218,-21.462685092940976,-31.321264756840712,-21.25745384724398,-21.178609256655566,-21.08221512686395,-22.038922359804662,-24.294843372010256,-29.29412266476295,-59.863723507131894,-224.2751494064678,-94.44212788055876,-22.37638436380949,-29.260006964356332,-23.748274810549958,-21.925107299037325,-21.139299116664684,-21.105094195835996
-21.05864117864975,-21.187294648722037,-21.060038555895364,-22.971156074693628,-30.431178374802307,-21.096864527711944,-22.846394312267023,-44.81187723612895,-58.67099831006375,-21.461597377868046,-21.10263271323348,-21.218775807090232,-21.224585253539246,-21.430794730085392,-31.1553882682007,-21.25439628373602,-21.159091714631696,-21.050874898943533,-22.01267881947465,-24.285266179567326,-29.585300609637017,-58.63082792536313,-227.71138502033304,-92.82675401791766,-22.34563281361518,-29.424031535244268,-23.8218730580071,-21.886630823071087,-21.099147629826305,-21.061316137420167
-20.26706949272278,-20.39999934608365,-20.26301785467564,-22.20091451012181,-30.054849620508847,-20.30816727707881,-22.15448129504268,-44.81409567154763,-61.19954224916086,-20.720482917671372,-20.315899791475424,-20.44663152497542,-20.450181366393807,-20.70252642967116,-31.311744519452127,-20.49167195330752,-20.373127965312168,-20.254994011393272,-21.30642790782631,-23.762249774557578,-29.12094641912789,-61.89678022858205,-234.0744273105639,-97.56533588519714,-21.69708662573103,-29.170918379395914,-23.1757795975819,-21.17893397840937,-20.311105559293267,-20.265434574188404
-21.36223696008835,-21.47657397955906,-21.375554336188973,-23.090927951398857,-30.4752261232752,-21.410670126797424,-23.022400048371434,-45.01899374109384,-58.67145886186113,-21.777703563123694,-21.39392490811359,-21.517955744853754,-21.502240666834457,-21.70706233834211,-31.322737743027655,-21.5044104894286,-21.439360531550513,-21.349742204961263,-22.275795204312892,-24.466966995630504,-29.369955465980297,-59.17262432937117,-221.58694718891985,-93.45245552326631,-22.594699074098582,-29.303895444169747,-23.938223511660194,-22.165853166869155,-21.4069054117175,-21.37659253882506
-20.383759498003904,-20.5169883020002,-20.3798409938726,-22.32868573814335,-30.105111706682788,-20.423553187941557,-22.262530669672763,-44.780406173330604,-60.71391476249955,-20.826513147511793,-20.432543973044105,-20.56007337207547,-20.565663827580767,-20.8093269351786,-31.26159425896317,-20.606995499873808,-20.49055107382939,-20.372827986429506,-21.410435279382398,-23.835558551388342,-29.219432219315458,-61.223085614091254,-233.28107766196408,-96.61496385869057,-21.791297637397243,-29.22484654550168,-23.28059903375621,-21.28196265116801,-20.426826714885074,-20.38206438726454
-20.29441057571182,-20.429893578805462,-20.28872788142847,-22.269511839662204,-30.083501982356836,-20.332974601636963,-22.197759228877175,-44.78075839427325,-60.852599706104186,-20.737879362298088,-20.345190108835798,-20.47223371568209,-20.48066651190183,-20.726443930102764,-31.24242310589016,-20.526091377738908,-20.40484126793729,-20.2839422779144,-21.33135510530673,-23.7777224870063,-29.22933781932909,-61.30849466975086,-234.72426380099645,-96.81295883145725,-21.716505797420957,-29.231259054856032,-23.227247874433832,-21.200422386653432,-20.337120777603612,-20.29102352814011
-20.33454374629962,-20.46610131778255,-20.331636908532168,-22.25140104326441,-30.076142598759137,-20.37627943048688,-22.205930938841266,-44.81647421603088,-61.060857886806886,-20.78638006336367,-20.38214907180306,-20.512779814380984,-20.514782168198657,-20.76479476682316,-31.31712568341132,-20.553641278354927,-20.438413247578897,-20.322300596676286,-21.366075599491705,-23.805942998276766,-29.12547184509492,-61.76928935331105,-233.14135336051893,-97.34758276663216,-21.75286177856756,-29.172056489514432,-23.219642623377062,-21.240021802168442,-20.378707302848245,-20.33398693031358
-20.6234745974053,-20.75476212082736,-20.62161037672482,-22.551952660069603,-30.204624929231535,-20.66294008954791,-22.466794577916012,-44.76568600021457,-59.98290961133515,-21.05245983003828,-20.670226176249543,-20.794119356955964,-20.7993059430725,-21.029945196534378,-31.22329229805989,-20.836106463102485,-20.727457107674454,-20.61350540171421,-21.62379170265061,-23.99149240467996,-29.3362917940887,-60.31351665908711,-230.99347931856647,-95.26789029845976,-21.987848878775786,-29.287711343846738,-23.468765063914976,-21.496621424381857,-20.66572724626895,-20.62351092750825
-20.373251984352617,-20.50222494364599,-20.372309387670978,-22.25449969867153,-30.08820928223465,-20.41699101380737,-22.22314567092981,-44.861031184016966,-61.14918453611871,-20.829591330079307,-20.41883664157155,-20.551272251748102,-20.549234819045115,-20.80087675090413,-31.359321701791032,-20.583508270430602,-20.472848303270226,-20.35995276265421,-21.39954960465058,-23.83422698731475,-29.06876540731167,-62.00031844715634,-232.18965501702775,-97.62918568296887,-21.78587002697925,-29.137207023424175,-23.22546143390891,-21.2766888661695,-20.41830548334538,-20.374670269886806
-21.13911607071405,-21.26719523080527,-21.14119586819193,-23.0474103434855,-30.47704999403258,-21.17720234356927,-22.916267284950575,-44.8317154007877,-58.44742027615243,-21.537666426930738,-21.182550736316905,-21.297347878261395,-21.303091691061248,-21.50500165604254,-31.147239825502545,-21.33143345096604,-21.2387798548047,-21.131713360452796,-22.084733977466037,-24.34075693015987,-29.62945725047594,-58.34742070087013,-227.14630859285134,-92.41510183304491,-22.412067824687252,-29.448537309515316,-23.88653048200798,-21.958972621259846,-21.179350610161872,-21.142357884836727
-20.871575553967208,-20.990316088244967,-20.879866081609638,-22.637761717662322,-30.27981509482096,-20.92017263325659,-22.606081997603443,-44.991803226466345,-60.106401868030204,-21.315110294388788,-20.90820597840982,-21.038921626104113,-21.02529346275486,-21.257324286147988,-31.385328872576295,-21.038542319993827,-20.955127807026656,-20.857170719372682,-21.838585732629454,-24.155865646453314,-29.123459203095948,-60.97957212241168,-226.09274659740652,-96.08416694785289,-22.192723722690797,-29.156795029368546,-23.552401553130185,-21.72615825128405,-20.917669411462544,-20.8816506575707
-20.179810633467948,-20.31514607655594,-20.17388038286158,-22.14579329394429,-30.03169130770664,-20.219519295614237,-22.09258033578935,-44.80680870556375,-61.3176257024397,-20.633290164643586,-20.230714783929844,-20.360812369216248,-20.367478370628074,-20.621587108968257,-31.28948074596391,-20.41332870919946,-20.289771181102566,-20.168298995176396,-21.229383942484,-23.70495355774648,-29.13763176769349,-61.94753810524054,-235.50925801216846,-97.71091007956007,-21.624110006809094,-29.18224175642397,-23.12604509081716,-21.099194209539878,-20.22340315329037,-20.1763607907366
-20.24069412023252,-20.375916852358003,-20.23501779252179,-22.208482122123606,-30.05662367318045,-20.279961300912575,-22.147013825875252,-44.792503160425454,-61.086569708443605,-20.689386636638268,-20.29137203763153,-20.420084818279346,-20.427353255381504,-20.67737370682651,-31.26856630456782,-20.472680811534243,-20.350581610400198,-20.229635171185944,-21.28350480775296,-23.743400439522045,-29.179670660246533,-61.63876446157957,-235.0102764601488,-97.26967848504054,-21.673394389508893,-29.204666993501522,-23.177725484494637,-21.153162514384217,-20.28389862979509,-20.23740585806568
-20.09118900387173,-20.22714681094228,-20.084591351393446,-22.06172544357508,-30.00023524580388,-20.131137755343264,-22.016766804911793,-44.8266024376537,-61.61501056534156,-20.55033171276957,-20.142792807913473,-20.27435904803688,-20.28094975036324,-20.540201273398065,-31.31021109896357,-20.328279477610003,-20.202031757098663,-20.07926368272446,-21.150758881763704,-23.64916055016836,-29.09252289653954,-62.32242655149323,-236.41591317544598,-98.2640626117954,-21.55194750528558,-29.15866066580808,-23.0558741999085,-21.020200652995715,-20.13515013039611,-20.087191718192262
-21.25451571898342,-21.378470612720427,-21.259907441874745,-23.10717139267524,-30.48283952940394,-21.295287137375464,-22.991254595686495,-44.84433557768631,-58.356844008738214,-21.654690065511183,-21.294158059607184,-21.411105509926962,-21.410896179153877,-21.61129662650401,-31.194661936446572,-21.431525772428465,-21.347455071735713,-21.245951093030335,-22.186323539837865,-24.40929544825728,-29.584211119351266,-58.391593267831546,-224.87241624582953,-92.3728950898316,-22.508712862276123,-29.42768108276561,-23.944307806391997,-22.06506113082216,-21.29573204906811,-21.260970990631034
-21.096595204681883,-21.225461411247327,-21.097989720374677,-23.01461231294408,-30.462697777166834,-21.1343363156842,-22.883094206689186,-44.826382088959924,-58.53122771204849,-21.49629181054326,-21.14076678964915,-21.25565226102395,-21.262288103790013,-21.465733704436857,-31.14245248068196,-21.29219239145816,-21.197491478993758,-21.089248819141254,-22.04686806817182,-24.313104666344948,-29.62237131456601,-58.429468112471326,-227.67922350510798,-92.55401309834812,-22.376633635115166,-29.443802148715875,-23.857504747661363,-21.92035392783462,-21.136775200887456,-21.099201552621334
-20.849711498384817,-20.971270931339212,-20.85568587553937,-22.650639093818135,-30.26170804753769,-20.89596684224932,-22.604432008692598,-44.90162861830233,-59.95756760054414,-21.287344675602203,-20.888355170734144,-21.0171789124179,-21.008098627960656,-21.238028244529264,-31.342778896386477,-21.026697704300336,-20.93780797957857,-20.836554875858678,-21.821129861797157,-24.138295440139046,-29.193000006684017,-60.67558609631787,-226.69237190806123,-95.63156891113363,-22.17574876497976,-29.201648792198128,-23.562821586398726,-21.705173106445034,-20.894692048215973,-20.85745300374455
-21.45461808059619,-21.572269480212732,-21.4655114489972,-23.228964100499798,-30.534596880267358,-21.49937009010205,-23.129408435013787,-44.937087649925445,-58.132937506758644,-21.85517545668961,-21.488604165156342,-21.607609693022127,-21.59859281683091,-21.79404104970422,-31.253710243518732,-21.606571037941045,-21.537380635462345,-21.44453445522276,-22.362041936100823,-24.53276098869589,-29.54279746515595,-58.31986441041052,-221.78518568409058,-92.2019396039278,-22.673267206435515,-29.407657107179272,-24.054460080908296,-22.24742211708144,-21.49723377292649,-21.466352171130627
-21.39822387352077,-21.512018428031002,-21.412105265149144,-23.121571687820378,-30.49143158062104,-21.446846370994535,-23.051633818578544,-45.032345113641554,-58.58616207789335,-21.81222334311374,-21.42939759099125,-21.55311080661315,-21.53685583699003,-21.73992374697392,-31.322347719181117,-21.53776792159619,-21.474527669453707,-21.385764213815495,-22.307715618724938,-24.490156095863362,-29.382123588671433,-59.07335102770223,-221.2502723223302,-93.31189059817558,-22.624071917700157,-29.311144596495488,-23.96439871317895,-22.19822029196495,-21.44288958710377,-21.413089524082846
-20.56763053620833,-20.698291215225968,-20.566024477207378,-22.48347137092121,-30.17049989466522,-20.60812837411942,-22.411253526490317,-44.77515926838656,-60.24331535752289,-21.0028156380627,-20.613971585181382,-20.739980510772895,-20.74336143649169,-20.97881678535159,-31.254463358972203,-20.77945109182579,-20.670439487711615,-20.556866006094314,-21.573672091439153,-23.95442757534471,-29.27233446125406,-60.69617672213275,-231.12734882524538,-95.79219786314916,-21.94285391419984,-29.25262394532507,-23.413227099214343,-21.44757399283465,-20.610538768978206,-20.56803011591196
-20.931572321307634,-21.05716130017494,-20.93470774028184,-22.791406547372155,-30.31086437174328,-20.97352307534054,-22.70674223409103,-44.800386951935494,-59.336120804226326,-21.351864749504482,-20.973071212412805,-21.096014613158495,-21.094901794258465,-21.313894185635608,-31.245434888625184,-21.12029704104767,-21.02654929850083,-20.921174554540134,-21.897095383068734,-24.19105938978735,-29.38436812347654,-59.67078594913241,-227.11514162664685,-94.21824202774614,-22.2428008987314,-29.314417995802682,-23.677485764463146,-21.77554517042648,-20.97420745098464,-20.936258509694383
-20.717351176392476,-20.844920220024544,-20.718390363527895,-22.59516540580836,-30.219305704055728,-20.759335322086798,-22.525426114428384,-44.79262682927417,-59.949970057051914,-21.149162132835837,-20.760897069151895,-20.886770929410428,-20.886556857067298,-21.116827445185436,-31.269996835730684,-20.91658366690546,-20.81523327594426,-20.70620453969765,-21.70620401363837,-24.051212711918193,-29.284025074336668,-60.42803796474234,-229.11800434337368,-95.33806234550046,-22.066739033583534,-29.258080857434773,-23.51088064546839,-21.58327883112666,-20.76058042535954,-20.720237666729147
-20.212201412018285,-20.34596380116258,-20.207424087720614,-22.155685818783624,-30.03704225855798,-20.253039834683594,-22.11068688188962,-44.81845417082643,-61.33959453852733,-20.667752499496885,-20.26181223771104,-20.39293663696503,-20.397240515931554,-20.65196352508283,-31.313856361662957,-20.44038723728858,-20.319562072306482,-20.200110800830156,-21.257837653383323,-23.727129580701593,-29.107963985082282,-62.0494665264962,-234.7626428094801,-97.80679604702884,-21.651948141517305,-29.164659669171737,-23.137099370359337,-21.12953914066644,-20.25626294992287,-20.209902486589403
-20.212201412018285,-20.34596380116258,-20.207424087720614,-22.155685818783624,-30.03704225855798,-20.253039834683594,-22.11068688188962,-44.81845417082643,-61.33959453852733,-20.667752499496885,-20.26181223771104,-20.39293663696503,-20.397240515931554,-20.65196352508283,-31.313856361662957,-20.44038723728858,-20.319562072306482,-20.200110800830156,-21.257837653383323,-23.727129580701593,-29.107963985082282,-62.0494665264962,-234.7626428094801,-97.80679604702884,-21.651948141517305,-29.164659669171737,-23.137099370359337,-21.12953914066644,-20.25626294992287,-20.209902486589403
-20.914089242853297,-21.0406861356777,-20.916434862903568,-22.78769526333643,-30.31086613427421,-20.95528813754901,-22.698065178641325,-44.790269911649446,-59.319022870617566,-21.333083749732705,-20.956450760961392,-21.07868819629627,-21.079140118068977,-21.297818238374443,-31.231326097199272,-21.10638434464055,-21.01073408562607,-20.904069096558846,-21.88195864916711,-24.18055005129514,-29.403830196108693,-59.60619216895195,-227.55722848463267,-94.14556307454163,-22.22814208415309,-29.32528885020391,-23.672915417407538,-21.759233285942912,-20.95640521459053,-20.91799105941756
-20.600181205220643,-20.72022044735067,-20.60672284675565,-22.37374573108107,-30.202297523042134,-20.64998961854086,-22.370255964612078,-45.07141584246014,-61.05372462856856,-21.06334922923416,-20.638916644138423,-20.77415783181781,-20.759604441909506,-21.008534759347214,-31.453537613765874,-20.776697839734133,-20.68553314407139,-20.584146657852315,-21.596635018724324,-23.99308618075348,-28.958179487602358,-62.216564978226174,-228.82485549922413,-97.91347965877554,-21.970937575488602,-29.057559786936004,-23.328621704069977,-21.484335624403542,-20.647655605649568,-20.608929015982863
-20.600181205220643,-20.72022044735067,-20.60672284675565,-22.37374573108107,-30.202297523042134,-20.64998961854086,-22.370255964612078,-45.07141584246014,-61.05372462856856,-21.06334922923416,-20.638916644138423,-20.77415783181781,-20.759604441909506,-21.008534759347214,-31.453537613765874,-20.776697839734133,-20.68553314407139,-20.584146657852315,-21.596635018724324,-23.99308618075348,-28.958179487602358,-62.216564978226174,-228.82485549922413,-97.91347965877554,-21.970937575488602,-29.057559786936004,-23.328621704069977,-21.484335624403542,-20.647655605649568,-20.608929015982863
-20.504286204619625,-20.627617433569043,-20.507967786123942,-22.315227523575764,-30.1512026518079,-20.55197959047239,-22.30442984930028,-44.986157410890954,-61.14420617700745,-20.966180189814708,-20.54552670993895,-20.68021137379236,-20.67007251398952,-20.921174816549232,-31.42631383268415,-20.693689786293366,-20.594793705741008,-20.489129310968437,-21.513319028454557,-23.92690276059556,-28.986985804391217,-62.218713437762275,-230.07162227970534,-97.90417402570601,-21.893515274929793,-29.080913362912284,-23.27950837551552,-21.397209630464655,-20.550959396177877,-20.510259220700622
-20.16845890587228,-20.309480557278796,-20.158991051406396,-22.22679510596745,-30.096342622624963,-20.20328748412055,-22.124731490985248,-44.81668728896901,-60.83089957063811,-20.60600703891497,-20.224056647116907,-20.34715860132645,-20.36376789381101,-20.607536602449244,-31.156424565415605,-20.418177687120224,-20.287929598817797,-20.159917064079018,-21.21969863604379,-23.6987138183728,-29.32924564364854,-61.01375605831603,-237.98257809097996,-96.65465055963307,-21.60663893845716,-29.283647319837392,-23.177661140608112,-21.082318554591282,-20.20969585823248,-20.161302552251342
-20.720275322631608,-20.845741341838938,-20.72287908172465,-22.568329109479563,-30.212317335669926,-20.76412579640871,-22.513372140589695,-44.83215082000757,-60.1162415111301,-21.157695756790353,-20.762191460539132,-20.890199240884044,-20.88634146946813,-21.119554056511983,-31.31032760268095,-20.912676469235098,-20.814628390870144,-20.70805328948639,-21.707707931521043,-24.053636345571547,-29.21776502074541,-60.74057905055562,-228.5295485292705,-95.75463609495577,-22.069765762736328,-29.219222747781398,-23.490921718510023,-21.587461381446555,-20.764416998430217,-20.72477155961016
-21.07123353902228,-21.19597084558439,-21.07543822771332,-22.92577690991538,-30.37954297889288,-21.1127916431404,-22.82847236244643,-44.812132695583294,-58.91478572441676,-21.483054994617483,-21.111781029931638,-21.232317467250994,-21.231354997970488,-21.442448562273576,-31.224244008453,-21.254455903053458,-21.165072460612535,-21.06155322125666,-22.021979261069095,-24.284093707257888,-29.465395103482486,-59.12774110800631,-226.03499189436488,-93.42936124352184,-22.357696572696167,-29.360375021082966,-23.791150876499465,-21.900749000066227,-21.11330710443348,-21.07678272133976
-21.110958525753976,-21.234007486476948,-21.116549470398148,-22.943364037084326,-30.385321959330017,-21.153691913016758,-22.852632654508948,-44.83179563092794,-58.904022594756796,-21.524051341892093,-21.150032532234373,-21.271474892604044,-21.268009601184936,-21.478822602770315,-31.24414260251896,-21.287889873037557,-21.20203040982469,-21.100741292582494,-22.056628736849042,-24.30827769984025,-29.441880732639362,-59.17968060152289,-225.25284869262282,-93.47727014820565,-22.390591341689777,-29.34745037974526,-23.808135520975995,-21.93729157373628,-21.153497266200965,-21.11786380534224
-20.45756399240989,-20.587142174235833,-20.456407071231204,-22.351602955057622,-30.11778377239948,-20.499996752240197,-22.30354788832521,-44.816143518589556,-60.76007811152171,-20.904921437964745,-20.503330005998333,-20.63318016912203,-20.63326989775149,-20.87804985226249,-31.315260277751886,-20.668139898784577,-20.558329839598603,-20.445301598198025,-21.474992723020513,-23.88489361699993,-29.15239274236629,-61.4463058535678,-231.61870708247332,-96.83982224157643,-21.854026407606195,-29.185235671150096,-23.30548320397051,-21.350863039065988,-20.501729919149348,-20.458616667900326
-20.814256795610824,-20.940887574218863,-20.81626921877441,-22.68330229808529,-30.25943341749968,-20.85625928930496,-22.60707162525435,-44.79433231136868,-59.673027911766795,-21.240935232617094,-20.856839235518294,-20.98143470945356,-20.980747958371392,-21.205964597964403,-31.259074943399987,-21.008616229179875,-20.91075041699358,-20.803426243683486,-21.792494021438344,-24.114194280269885,-29.327724618120886,-60.08885782297196,-228.18213398433258,-94.83469777443293,-22.146349428049838,-29.28247789458503,-23.58570842423993,-21.670250218201595,-20.857232396032664,-20.817984194242122
-20.13976121219218,-20.274493259441815,-20.134121966410742,-22.094050868600746,-30.013558186547144,-20.180378256431254,-22.051995240805866,-44.82784823386987,-61.538239851350525,-20.598541542963815,-20.190303231567466,-20.322092398348236,-20.32715581193269,-20.585248026716798,-31.31994303430512,-20.372263854397577,-20.248622698692884,-20.127581096397833,-21.193669528768105,-23.681025290854933,-29.08670154496314,-62.2749330013101,-235.6440858428458,-98.15723166551066,-21.592486145601463,-29.154145315592544,-23.084697089167346,-21.064473865465537,-20.18391714221276,-20.136684886054876
-20.209343468385985,-20.342411798268582,-20.205036944695713,-22.142139372809226,-30.03419630965964,-20.25083861794373,-22.10321658091367,-44.83176906451346,-61.418424337848535,-20.66728481799241,-20.25843912050016,-20.390410320601738,-20.393449021686955,-20.649632542622648,-31.331185359588048,-20.43547686238576,-20.31552517089407,-20.196852229094734,-21.255110084060618,-23.72655213221257,-29.082184315897557,-62.18775978141451,-234.59200477632905,-97.98550798727038,-21.650298529985903,-29.14975192308655,-23.12707901295655,-21.127740581031517,-20.253739759155103,-20.20754117824474
-20.99102304523661,-21.1100647119594,-20.99939625498494,-22.764973634006527,-30.31847183284107,-21.038334837384564,-22.71593734939699,-44.940601506969585,-59.637650977985686,-21.423922593179366,-21.027378562781728,-21.155353452148294,-21.14358286734323,-21.36729398464378,-31.344722513052446,-21.156760568733443,-21.07521756352831,-20.977769443550347,-21.9459922729375,-24.228979297139908,-29.223700277604863,-60.33169498576721,-225.12470498006786,-95.12751755588809,-22.291075795711148,-29.21788362064811,-23.660334532199844,-21.83241638845279,-21.036141846001403,-21.000979552438807
-20.712204036149753,-20.84683515905741,-20.708488964590824,-22.698928579865008,-30.314624130696423,-20.74804649761704,-22.57361545836265,-44.7963152309684,-59.398130009669345,-21.125492467286264,-20.761775394884474,-20.87911239527396,-20.891311065031775,-21.11032007986019,-31.12660357471838,-20.93278549477975,-20.821982232556024,-20.70471488967316,-21.704054943546403,-24.058974730129634,-29.519468301032973,-59.36410810530478,-232.06853295279637,-94.06798441841906,-22.05676110685449,-29.38351049515396,-23.582107793874144,-21.57227693102118,-20.75247769430891,-20.71015776971023
-20.53418623837893,-20.662804743741177,-20.53393664047409,-22.41811683191486,-30.145165476126156,-20.576811153994672,-22.366331092819248,-44.81317387335021,-60.54966751572712,-20.977954764879485,-20.579011481605168,-20.708079693070843,-20.707447306412234,-20.948500822553004,-31.308609812904052,-20.740269648845107,-20.6334814519449,-20.52205952419133,-21.542964720313552,-23.933829872417686,-29.178779654850523,-61.20089556141697,-230.76076271095286,-96.46795179707509,-21.9168663755384,-29.199301423254308,-23.362020157724107,-21.419667461566544,-20.57823454334678,-20.53604953841582
-20.753084648093704,-20.87591685688228,-20.757798207825726,-22.566892825244917,-30.225035304782978,-20.799026937797574,-22.525375906831655,-44.89351199117579,-60.21517868901488,-21.19516738341941,-20.79297463303115,-20.922760085551445,-20.914735114850387,-21.149452311313798,-31.34978939405608,-20.93616717852449,-20.84312225004351,-20.739771615639643,-21.735445419335228,-24.076831759217576,-29.15908119498061,-60.97802046107057,-227.71743309378067,-96.07835059527797,-22.0967323044341,-29.18273471898375,-23.491627771083948,-21.6184190929473,-20.79817629342792,-20.75969606956737
-20.510685484113854,-20.63926627986149,-20.51039822897979,-22.3929231156199,-30.135979339526628,-20.553551536017952,-22.344763596456595,-44.8208028146845,-60.64375379094499,-20.956520892299647,-20.555549317347708,-20.68520665115537,-20.68421467554361,-20.926942629030698,-31.317562755785108,-20.717096743566607,-20.60987319471247,-20.498340989151398,-21.521965116193872,-23.919167463121024,-29.159698845157706,-61.330425559899766,-230.93745197209964,-96.65388963053664,-21.89775456574603,-29.18847416092473,-23.341097181838016,-21.398845081821978,-20.554918619303468,-20.512549622492106
-20.716426342024857,-20.84691204661757,-20.71540638136321,-22.637781662212696,-30.245645022153045,-20.75582219965517,-22.545834154463186,-44.76692591922036,-59.711961382334216,-21.140334687725115,-20.76236124767898,-20.884903426205913,-20.889822298264544,-21.115555760912656,-31.211431810089422,-20.924762644616393,-20.819241411495177,-20.706803151651545,-21.706630055574134,-24.052745917800145,-29.38064949686718,-59.97864713881606,-230.13452370832812,-94.77122775978296,-22.06427190217088,-29.311894679907134,-23.541408974451063,-21.580016083583835,-20.75839533996011,-20.717181567228803
-21.006788926898,-21.133299848761744,-21.00949607248795,-22.883971877038327,-30.362857306028754,-21.047302913477175,-22.78241723400083,-44.79594544583946,-59.0031084119407,-21.418953011126728,-21.0489364788658,-21.169008958623763,-21.17041312954004,-21.383165326616673,-31.208274925828416,-21.19696584129831,-21.103490462638213,-20.997490390202508,-21.965089910791566,-24.243393052880496,-29.473182804784145,-59.17680641645451,-227.0222342811783,-93.5348625352287,-22.304214785798735,-29.36404360083202,-23.753416202742066,-21.841986485810835,-21.048527781552842,-21.010905846345135
-20.728098439159375,-20.858363244364643,-20.727267292268827,-22.64671865893429,-30.249412228935352,-20.767592106336597,-22.55487211055308,-44.76764641580236,-59.68802481796825,-21.15169764584001,-20.773829675835074,-20.896347137762262,-20.90101885790829,-21.12633284385761,-31.212464705144797,-20.935527136849963,-20.830563637479145,-20.71845562109306,-21.716991430417234,-24.060303658802905,-29.382190523276282,-59.95555444202402,-229.98125994661842,-94.73213559980924,-22.073963073623613,-29.312768544917247,-23.549247869959505,-21.590598006860894,-20.770083608072383,-20.72902978143383
-20.76957782655882,-20.899722499900868,-20.768964183623286,-22.688669428098976,-30.271379280994037,-20.808833687330456,-22.591958122055413,-44.76917193870521,-59.549592276266864,-21.190298020484228,-20.815148694136113,-20.9367753277213,-20.941743105684186,-21.164495668937764,-31.202738328133016,-20.97580630349,-20.87192578042786,-20.76021405064344,-21.754073322890328,-24.088149857430107,-29.410168397178452,-59.77151008519703,-229.70219985269364,-94.46921539675333,-22.107924140007373,-29.328040059199274,-23.584263529081394,-21.627626148729714,-20.81133715817251,-20.770664203743554
-20.57755616047916,-20.712181982094226,-20.573355529607525,-22.555979842928117,-30.226299584559328,-20.61448390681968,-22.449918892764995,-44.77176252879594,-59.87184073421615,-21.00099009518775,-20.62721523614247,-20.748089477403198,-20.758613353430302,-20.986592829337734,-31.166293714310765,-20.800974663023954,-20.687078050303178,-20.56896982896336,-21.583681095725126,-23.96536178054274,-29.41555690816935,-60.01159543604101,-232.67441741390058,-94.96419712242943,-21.947154186801896,-29.32937363441083,-23.464570020052637,-21.45252983152667,-20.618704266139993,-20.575234563567868
-21.138767416454623,-21.264192906693566,-21.142695925882524,-23.006898350368953,-30.429506524206978,-21.17917085399153,-22.895649637490646,-44.81796819907257,-58.635887697610144,-21.54382881836381,-21.179817845294657,-21.297904488416826,-21.298946984035048,-21.504727434035587,-31.195421616784728,-21.32283861961453,-21.233928287647274,-21.129998952444478,-22.083066137003286,-24.332221217120495,-29.54093166868162,-58.716781951574134,-225.9640175421375,-92.8613925845177,-22.41304170439529,-29.40238545279552,-23.85793874248169,-21.960612655054597,-21.18010759523718,-21.143917073637866
-20.93409238646458,-21.059256629363716,-20.937549232377716,-22.7879527397532,-30.30874441281508,-20.97640093199474,-22.70599092879086,-44.80567495872404,-59.360468201726974,-21.355306640492824,-20.975240780229456,-21.098588047787704,-21.096759458062373,-21.316191350299288,-31.25262687302289,-21.12139594981996,-21.028357341209194,-20.9234957280141,-21.899115066736254,-24.192315186870864,-29.372495705533815,-59.72124550588849,-226.96471434993504,-94.28316812905955,-22.244970906673263,-29.307684324490946,-23.67516158887261,-21.77808620632768,-20.97689529010662,-20.939105247080935
-20.803310266818542,-20.93565957692342,-20.80135544138001,-22.758835081085465,-30.32895239483667,-20.840374744295026,-22.639709888165992,-44.78532823984496,-59.2592645334027,-21.21571385706802,-20.850778493016623,-20.968758778313042,-20.978039512008657,-21.194953717436004,-31.148572391377883,-21.0154182519997,-20.909447569228416,-20.795373675364825,-21.785029980319454,-24.116313466703655,-29.51135499524033,-59.27707497368328,-230.52605603581625,-93.85339019310715,-22.13358189151031,-29.3811655433803,-23.637403136760483,-21.655661293627634,-20.84392798872682,-20.80294447048471
-20.1785399696449,-20.315836360424154,-20.171335147962573,-22.17570055876313,-30.046997892583054,-20.216508475754367,-22.105761950896923,-44.79351274284495,-61.13517491975534,-20.62617463189094,-20.231007492217874,-20.358743633304314,-20.368878775876407,-20.61933542875313,-31.242959143529724,-20.417785597384167,-20.291812485483337,-20.168080797305887,-21.22854136878402,-23.702884971334463,-29.204974404651434,-61.60755942078703,-236.22700612133693,-97.30419664349574,-21.62059834410702,-29.21933410429341,-23.146237927940902,-21.0958256168482,-20.221278612766444,-20.173754537931437
-21.434884722381717,-21.549689514642353,-21.448036134668598,-23.171852187386506,-30.509534264608654,-21.482319340114753,-23.091727166717348,-44.99953407289337,-58.39203778681603,-21.843662886170115,-21.466683245626434,-21.588775787504154,-21.57463000767382,-21.774350273691876,-31.299824834400404,-21.577290783966287,-21.512891400864806,-21.423226195806528,-22.34172699396659,-24.51499963105574,-29.440794996974738,-58.774034832631145,-221.19924323335084,-92.8652935803079,-22.65525656429446,-29.347139199730552,-24.00726167796089,-22.230745711403376,-21.478864968459224,-21.448947026598272
-19.498096867511833,-19.645150993710285,-19.482957371951965,-21.613823174512987,-29.849447974382983,-19.53358622814544,-21.561428813630354,-44.95801384140343,-62.94703426082965,-19.97334665292021,-19.559676931692852,-19.692608903914724,-19.710761896972723,-19.990015268401564,-31.28254036370256,-19.77787010358546,-19.626537882876544,-19.48723039110026,-20.62559015292026,-23.267176246276982,-29.047746751012905,-63.57689072015606,-245.2996098029286,-100.53149810032465,-21.058807715166406,-29.149461879767564,-22.664874091055573,-20.483297446004425,-19.54153775556795,-19.48608472658939
-21.413204116212928,-21.527832216814986,-21.42643492876834,-23.14720551359236,-30.498722211929206,-21.460969196106493,-23.07075802284974,-45.00550493435742,-58.47733155610314,-21.824053594103248,-21.444936721113056,-21.567646421840838,-21.552967878285077,-21.75424450552784,-31.3070888746671,-21.55541119248559,-21.49088375929871,-21.40127764074552,-22.32201175073459,-24.50049329768997,-29.41848975987333,-58.89697096872763,-221.30083139620993,-93.04608938066106,-22.637155257827576,-29.33357830762798,-23.986261414321554,-22.21138552140654,-21.457405187226776,-21.427384279817414
-20.28382143514594,-20.424772941497626,-20.274824654412804,-22.348532174218636,-30.167230162546794,-20.31777290309803,-22.229683981321095,-44.8279001913955,-60.40851880525845,-20.71259344349359,-20.3392646371315,-20.459361959918855,-20.477331976850678,-20.713282570115336,-31.11777706812527,-20.530840567450092,-20.403335717880925,-20.276178328934158,-21.322312859979693,-23.777305403160135,-29.413883327862408,-60.44309534111328,-237.36610911306863,-95.86717156777527,-21.699835424715726,-29.32565744080852,-23.276791713570177,-21.184553149429725,-20.32432517187158,-20.276961381493603
-19.887233041678233,-20.031822666588553,-19.874778686640155,-21.98777740592465,-30.001326731857066,-19.921402708587284,-21.89572610022012,-44.86858477841356,-61.588237981162735,-20.337002943411548,-19.946172906317642,-20.071931831280743,-20.091119428078613,-20.347243306642188,-31.174853417915465,-20.15231995498523,-20.012168001999246,-19.878292800224603,-20.96981110128315,-23.515516339704856,-29.246574081461905,-61.86332024078153,-241.43232059036097,-98.02447708467486,-21.37399267814397,-29.243487780176963,-22.97297910417073,-20.829086174748117,-19.92892244112338,-19.877397024482235
-20.738905352647183,-20.87171996681325,-20.736421656078413,-22.698000917594353,-30.295387559839444,-20.776085725432115,-22.58408531257351,-44.77752059063279,-59.44621647826423,-21.154910129098013,-20.786832770676604,-20.905879447047937,-20.91519622279995,-21.135571084812547,-31.156940065814815,-20.95372081412973,-20.845696595500904,-20.730686536989452,-21.72750305656126,-24.07259637578586,-29.477411317084705,-59.51215509569775,-231.0359880286974,-94.1977150163146,-22.080549625527922,-29.362882216950076,-23.58604949332941,-21.597862631151095,-20.77974744942705,-20.738099264065294
-21.26729062217446,-21.393466536688702,-21.27114704105118,-23.153802644706577,-30.531734924256604,-21.306019912571323,-23.020049376884977,-44.85836900771896,-58.16416000253639,-21.66124093285903,-21.30893440305914,-21.4228427858829,-21.426714697272427,-21.623233162941442,-31.153271578690273,-21.451057451777466,-21.36403746638881,-21.259965933996153,-22.199095338456328,-24.425920431212962,-29.667550944113366,-58.03593199395601,-225.80604137932042,-91.92713996638547,-22.518498571210213,-29.471543930001765,-23.979211856048902,-22.074996434652128,-21.307502369156687,-21.272144255438786
-20.492146967414985,-20.61667161651419,-20.49486739244026,-22.31798691820802,-30.139711151051287,-20.538865218461527,-22.301054562016912,-44.94711099904156,-61.08430033298164,-20.951545614588028,-20.53421614953857,-20.668157811159116,-20.659907530702153,-20.91012886204257,-31.40721375957578,-20.68574009121968,-20.58457628483255,-20.47750855419424,-21.503241568021174,-23.916193798551486,-29.015161894730284,-62.09202229372305,-230.33207425385527,-97.7197017623393,-21.88366717621345,-29.09967279321915,-23.281554803464026,-21.385599968906995,-20.538361349223138,-20.49715042899675
-21.284362356791572,-21.39929949267877,-21.29694514015128,-23.017724995687242,-30.441280854949554,-21.332896041211978,-22.95547057799436,-45.0106609174578,-58.89839531669135,-21.704418641962143,-21.316754059741992,-21.441931636453514,-21.426405202133388,-21.635607375784836,-31.33230083245472,-21.430174138216838,-21.362337107905653,-21.271512482632208,-22.206203566188233,-24.416779105940808,-29.32700019001416,-59.46349121447969,-222.23431477978352,-93.87456751606395,-22.530697429968036,-29.277880991370118,-23.875720994838172,-22.096004760002387,-21.329290828135495,-21.29810593400081
-20.557782184732975,-20.68323190891459,-20.55995869887745,-22.39852468427203,-30.1540654870632,-20.6030713174765,-22.36618234853446,-44.885992076795986,-60.74067452864632,-21.00879351202892,-20.600221147456573,-20.73190150570416,-20.726043047117948,-20.9703487851488,-31.36504459461139,-20.753195866049555,-20.651828813024924,-20.54418445700081,-21.562406682966646,-23.95304930919957,-29.093847122181376,-61.59000347647043,-229.86836932259948,-96.98941568191466,-21.937081875665893,-29.147287383518183,-23.34867665070124,-21.44312215144622,-20.603092188855847,-20.562113159645577
-20.665866009312367,-20.801018319478896,-20.661660769415327,-22.65822875082924,-30.294118065194404,-20.701633916186633,-22.535058632212774,-44.793670265082085,-59.51809802816909,-21.081243065633004,-20.71592888195142,-20.83378823286763,-20.846337341278947,-21.067492999100715,-31.128730313291843,-20.88890657321709,-20.77642775102004,-20.658273261226874,-21.662712135364355,-24.027923203188166,-29.501783154419684,-59.50423014057117,-232.53289892889748,-94.28436256694106,-22.018376711364066,-29.373915638291408,-23.547218908085295,-21.53050031396012,-20.70622547471083,-20.663386931940774
-20.855961197560866,-20.98495542187479,-20.85642293569142,-22.762276157787188,-30.306234952927426,-20.895518698862215,-22.662534411100125,-44.77599906082017,-59.33586948408053,-21.273116402131215,-20.900434627861895,-21.02129486743778,-21.025279008785006,-21.24414923947208,-31.20117325385168,-21.05692302040667,-20.95654322137453,-20.846708025431475,-21.830983778269847,-24.14494338277397,-29.438378186411384,-59.52859859713129,-228.77681168909677,-94.09395491273804,-22.179332499641934,-29.343816935593384,-23.64760288826702,-21.705548688931447,-20.897636821345625,-20.858014991882904
-21.035005434532383,-21.15655621824565,-21.041514601356482,-22.843343840204092,-30.337989404148235,-21.079703326713762,-22.77268443215547,-44.86206277203986,-59.28318768423179,-21.4578072613081,-21.073063242050857,-21.197793151474922,-21.190838629725466,-21.408537466253144,-31.289829274259176,-21.208429184719307,-21.12340863161066,-21.02339135337771,-21.98737207283774,-24.25646845402563,-29.335197326314017,-59.75627299732051,-225.30691470023268,-94.29278563950885,-22.328001005182564,-29.285552309755005,-23.725409414934195,-21.87034270388196,-21.07870853394224,-21.04298082860692
-20.514719586119327,-20.65556284145845,-20.50672155226325,-22.59249083889375,-30.332383266361063,-20.546983082609543,-22.44085881112835,-44.89389408024931,-59.60481572611898,-20.92668412853229,-20.570012082118765,-20.683959152412786,-20.704610208848486,-20.92523353094053,-31.048547749220788,-20.75623540983385,-20.63432540184465,-20.50885790809874,-21.528161310899506,-23.940456241002746,-29.58535094090579,-59.355296182514046,-236.43367911284963,-94.38146238836939,-21.886971915997556,-29.40991360802792,-23.475718444021176,-21.38957741361517,-20.55381435244431,-20.50850835706071
-20.70153844043493,-20.841836272943656,-20.694647507045378,-22.78186825599052,-30.4718206502154,-20.73287170823826,-22.608866432057205,-44.969572408725796,-59.02689977337829,-21.101719457220035,-20.756398805786958,-20.865950150520373,-20.887897034856014,-21.09730580326059,-31.010258139135413,-20.93728359386575,-20.820463550845076,-20.69686231748356,-21.695155071793515,-24.07527136149831,-29.709062138961258,-58.59443814714828,-235.6306212684939,-93.32535576422718,-22.03974671185742,-29.470954939483267,-23.63216372316111,-21.55639699210443,-20.739720638417456,-20.6961645923615
-19.620783906936683,-19.765272065336042,-19.607485426088676,-21.700879140589663,-29.874417335019892,-19.657403261136054,-21.653295064931257,-44.91827950540235,-62.69829297427739,-20.093638673791485,-19.68009953445775,-19.81315033993434,-19.82846346905852,-20.10439533658028,-31.29597210060981,-19.89127434881497,-19.745146782032414,-19.609542177981563,-20.734331814064905,-23.346495658674158,-29.04468482784292,-63.373176063250554,-243.2626422374609,-100.10786901740047,-21.161716093982395,-29.144388606616594,-22.74237591961613,-20.594842218169003,-19.664432937510764,-19.610521612765588
-21.298089133416898,-21.424666559642006,-21.301785802134834,-23.192521148096226,-30.56397252324212,-21.33623156240136,-23.05172714582653,-44.87622968415576,-58.04005028567199,-21.68892449800438,-21.340104527456806,-21.452695277997268,-21.45763795017945,-21.651631729833046,-31.13978808155051,-21.48243808782703,-21.39559461784477,-21.291222877308837,-22.227035034780137,-24.449912544239744,-29.705505122454973,-57.8478906475157,-225.91547838514253,-91.67801133620355,-22.54365311835925,-29.491687772972575,-24.01065112326401,-22.10225842252571,-21.337945816710388,-21.302724310131012
-20.845301040475395,-20.97025631735394,-20.848647359210585,-22.69196300463915,-30.264430597861512,-20.888542019996006,-22.62350491310928,-44.81785794183711,-59.69638315663181,-21.27405065903144,-20.886486518904952,-21.012136666461586,-21.008886972933844,-21.234475416616668,-31.281829930701527,-21.033645365983645,-20.93903480849518,-20.833857742550325,-21.819382008975474,-24.1338903371156,-29.29715362824149,-60.18863057532552,-227.48638498973682,-94.95110780186194,-22.172202904052025,-29.264616075162067,-23.595012801492615,-21.699098206613282,-20.888800303934147,-20.85035054279961
-20.48037071786052,-20.61698871544863,-20.474599430792757,-22.485226069776054,-30.20251434089552,-20.516381697927248,-22.37615259967655,-44.78210854690599,-60.05736279851159,-20.905865636955525,-20.531859179462362,-20.652643468865442,-20.665470733471082,-20.896386223980336,-31.152897210665294,-20.711462923342843,-20.593046739952843,-20.472040489525003,-21.497259205131176,-23.902820223779905,-29.410475139619585,-60.1722758333994,-234.12843414632647,-95.27368934296834,-21.86569322024402,-29.32590852272078,-23.401247580231,-21.364055182154537,-20.521337228347225,-20.476570521063252
-20.374349695335557,-20.50947115781131,-20.369152939744005,-22.34847599029048,-30.11911382921972,-20.41254389245136,-22.26789608254375,-44.77205776716393,-60.579184480291154,-20.812371007858072,-20.424692901290467,-20.550156808292215,-20.558982511180876,-20.799887400861884,-31.222104179463773,-20.60336976125438,-20.484322450245127,-20.36435314987818,-21.402484895952675,-23.82969368138836,-29.27747557193008,-60.95312179504654,-234.053383635822,-96.2996426844791,-21.78163817387536,-29.256636906141356,-23.29287807944944,-21.271640358908602,-20.416659617093885,-20.371334549416762
-20.029271352129456,-20.16810909250995,-20.02063554880951,-22.04215053056876,-29.994156730152714,-20.06719334048919,-21.98156197342607,-44.81887165017884,-61.581096507378916,-20.484731301124558,-20.083268884954343,-20.212897029863733,-20.22378173464298,-20.48181089803076,-31.264346565315996,-20.275909540112206,-20.14486597682901,-20.0183944529091,-21.09610505816957,-23.607122263117695,-29.14685965945185,-62.139525295910545,-237.89775822919088,-98.11527721357429,-21.49821987555622,-29.190115182114354,-23.033547383756698,-20.962094270030573,-20.07240371824626,-20.023237169035063
-20.38326619201642,-20.52515613310689,-20.37417204368894,-22.47043476369314,-30.261819593853858,-20.415683616665326,-22.328260623672897,-44.87906310613725,-59.977713523849324,-20.802118685809024,-20.439515130793694,-20.55556713685762,-20.576420348798546,-20.80376717037098,-31.064035448044972,-20.630438669526733,-20.50440301303448,-20.376904130691173,-21.4108551206725,-23.85005762464648,-29.522489042429633,-59.81194845091108,-237.52658690074355,-95.06261626487,-21.778570305903287,-29.37814807988266,-23.372759171360165,-21.271535920575218,-20.422776144427253,-20.376125978433684
-20.54536896257809,-20.68651854907356,-20.537348862137307,-22.630291414089083,-30.366990939984497,-20.57716595914195,-22.471535505449918,-44.91953715030611,-59.47942319000323,-20.954402046119178,-20.600953571361,-20.71360472123404,-20.735155162009264,-20.953162927114356,-31.033212650038468,-20.78692908846572,-20.665487547570187,-20.539903493129017,-21.55552868360349,-23.9641196794795,-29.619496962327155,-59.17014252499851,-236.55399633784225,-94.15052136972811,-21.911310192199046,-29.42610743380063,-23.505462105451997,-21.41643413602957,-20.584165698290995,-20.539079046699385
-21.117506809891903,-21.230685765768573,-21.131087807164587,-22.825674131596443,-30.391344480630792,-21.16896442174533,-22.793646364731732,-45.12593853785923,-59.627268780479255,-21.555419150231963,-21.149452017489544,-21.279249708303755,-21.259013238632413,-21.480910996121235,-31.401748129832683,-21.260317997279625,-21.19252382822914,-21.102407059315674,-22.054401330071737,-24.3144716387578,-29.147396782808002,-60.5125943399198,-223.38846728377933,-95.45345161762914,-22.391249725247487,-29.16478431197133,-23.710770887690604,-21.947556707873517,-21.164361474951455,-21.132549757294857
-21.207869287706725,-21.322372729374578,-21.220590230354308,-22.93366638763619,-30.412632023616677,-21.257412319978314,-22.8833333956678,-45.042475964977946,-59.2001927843142,-21.635061445229717,-21.240258644444403,-21.367344308617717,-21.35027049613171,-21.564875839560575,-31.357832531624044,-21.35362983236847,-21.28504902662276,-21.194168808076626,-22.136944256985146,-24.368403128195027,-29.255034918034557,-59.889614978390334,-222.75327204533224,-94.50789383787344,-22.46709136271619,-29.233311568370787,-23.803841894824707,-22.02778633494187,-21.253509987702525,-21.22188414874155
-19.60127332226257,-19.74524406536365,-19.58821771490752,-21.671166812024197,-29.863343843089453,-19.638537659214226,-21.63187569340948,-44.927538252285785,-62.83950714499623,-20.077614849428567,-19.66023525403195,-19.794474695637618,-19.808579687099414,-20.087163944855195,-31.32006455721655,-19.870780917263662,-19.72473214511236,-19.58957339196405,-20.71721354647854,-23.33574679491568,-29.011411909109725,-63.591021935212275,-243.22652008935665,-100.38574525764581,-21.14727265240151,-29.127025265485138,-22.71991530247923,-20.578495150821087,-19.645300295030577,-19.591304871328596
-20.773751614535083,-20.90549337882562,-20.772084669952253,-22.717914353261076,-30.298404955895798,-20.811577931609506,-22.607868055636693,-44.77424429664788,-59.40852612816109,-21.18993901583524,-20.820702307707517,-20.940232307748165,-20.94807753282997,-21.167948435547135,-31.16913963317106,-20.984692500262568,-20.87880704017543,-20.76525720146834,-21.75837311852723,-24.094163459130467,-29.467637909475116,-59.508426377395054,-230.3700199554637,-94.15276907400217,-22.110021929590996,-29.35834580841138,-23.605043079027606,-21.629905414716877,-20.814811462351553,-20.773736413066942
-20.258000377233056,-20.399054130781217,-20.248848464310733,-22.32276062613878,-30.152645986653372,-20.29207353151341,-22.206840328315042,-44.82594666884401,-60.49438915347032,-20.688474033625255,-20.313550351413102,-20.434202098166143,-20.452022440256606,-20.689537955413336,-31.124112591399587,-20.505854580478037,-20.377647368927526,-20.250202715612005,-21.29932862725237,-23.75974029357277,-29.39799236618073,-60.55483952316263,-237.54385065716812,-96.02592498875445,-21.67880418692289,-29.31775554734195,-23.25551774812433,-21.16154667274921,-20.298631641238753,-20.251021391950353
-20.58552011098399,-20.72635550214116,-20.577835832464203,-22.66765092283547,-30.390031248838312,-20.617269961941194,-22.50604337680918,-44.92700750274324,-59.368222618488346,-20.992482733693112,-20.640825084253684,-20.752821954505976,-20.774313600384765,-20.99028154864875,-31.0290381697474,-20.82535655533008,-20.705181523621967,-20.58020964989809,-21.591404655143265,-23.99207713278932,-29.63907939283129,-59.033781673261906,-236.24172026759368,-93.94772000509815,-21.94447089508096,-29.436073065246458,-23.537025356414382,-21.452519289273052,-20.62419167289283,-20.579514442448875
-21.239722789099265,-21.36249497975849,-21.245939499263116,-23.07452044694211,-30.457305220125953,-21.28165686006917,-22.968827392282805,-44.846295076100816,-58.48849609445618,-21.643856126961257,-21.278354316905244,-21.397020612371875,-21.394554729298523,-21.597462755263987,-31.2181720130722,-21.413188159416997,-21.33061864137635,-21.230432378959023,-22.172256097206876,-24.3958530053692,-29.534159350378566,-58.619452969938266,-224.48890599322925,-92.67488923204372,-22.49667325979608,-29.400228838128,-23.91867850764703,-22.05254687860853,-21.281536049281573,-21.24704989821743
-20.23754273298089,-20.377168304232146,-20.229122482622987,-22.27686221532357,-30.111201661572466,-20.272983578074488,-22.1771078364278,-44.80065217461055,-60.694607912799796,-20.673596398901147,-20.291870772753047,-20.41503016531594,-20.430070672587654,-20.671840988979223,-31.165228479687087,-20.482046113528106,-20.354813365638428,-20.228822865808986,-21.281143870077184,-23.7431559703528,-29.33177234054073,-60.89658234997826,-236.89739710812023,-96.42028130486207,-21.664702253660288,-29.285023899607886,-23.222552608780017,-21.145223355917988,-20.27888802165788,-20.231374047666293
-20.443931621549556,-20.576787615262624,-20.440446631311726,-22.38650102350637,-30.130040462235606,-20.483535595974736,-22.31457210969246,-44.773492721953474,-60.51719060618695,-20.88285184915213,-20.492293927109646,-20.618773911926514,-20.62447452248077,-20.86464437561647,-31.248737806140156,-20.66486147278753,-20.55021047328253,-20.433303538680406,-21.463978829197128,-23.87440350488617,-29.252437629871608,-60.97206975584512,-232.73129817889898,-96.24762300297996,-21.840464663228133,-29.242546327981486,-23.32899743831143,-21.33568951584682,-20.486740268449545,-20.442586134136594
-21.24344817753524,-21.36868439039279,-21.24787734724175,-23.11445065552171,-30.496416110928784,-21.283183293214538,-22.99075487107228,-44.843366528429414,-58.304527423882305,-21.641340204812845,-21.284242978676417,-21.399932307285916,-21.401861361616998,-21.60121536995352,-31.174891303366195,-21.424772874583525,-21.33853891123698,-21.23544667823616,-22.177119056656355,-24.40544861671567,-29.61746326013286,-58.26802925704226,-225.45496273035673,-92.2268542747526,-22.499248530943714,-29.445045669206703,-23.94818186776802,-22.05432502674679,-21.284198243194012,-21.248933031909193
-20.683855353388644,-20.817513553153695,-20.680639488169103,-22.65313984689634,-30.275624521515073,-20.720753429493616,-22.540012696109553,-44.77675994384734,-59.572475499117445,-21.101789065915384,-20.73257241580912,-20.851948143794964,-20.8620798740572,-21.084658089591635,-31.15514042755631,-20.90226827660646,-20.79195562730324,-20.67562868508736,-21.67847341768508,-24.03646656430825,-29.46391897338615,-59.646776289866224,-231.69638463347138,-94.41793017593328,-22.034777960930608,-29.35524036631232,-23.546972583975894,-21.548039745663353,-20.724707367441006,-20.682380021852108
-20.0677306978381,-20.21039707277537,-20.05698030699994,-22.147405963836228,-30.068432528370977,-20.10200764402687,-22.045442514600992,-44.83826107471451,-61.065718393215036,-20.50856736836665,-20.124839548354906,-20.248382911487358,-20.266575884405484,-20.51399956294246,-31.15316974748519,-20.32393986831048,-20.18975873578481,-20.059241823468554,-21.13011221653559,-23.633400397105987,-29.31229834110951,-61.25132556644368,-239.39067778255813,-97.07231059048189,-21.522576831204486,-29.275209560411717,-23.108138885579844,-20.99108474493983,-20.108975396159074,-20.059390173642857
-20.686375807223506,-20.812617396510277,-20.68830308143603,-22.543717066323037,-30.200229910080175,-20.7298199863474,-22.487942636310418,-44.8231666355819,-60.17770036354702,-21.12439242842985,-20.72897389784615,-20.85697473719681,-20.8540585964069,-21.088415787883957,-31.306032801240356,-20.881942142916316,-20.781964714767273,-20.674274985317368,-21.677806764965137,-24.03167320033544,-29.21694638026365,-60.79298841914333,-228.97802633113437,-95.840669645927,-22.04188390620268,-29.21928128507336,-23.469544698490765,-21.556749507232503,-20.73040956057553,-20.690231808417913
-20.80478370804528,-20.92855758465506,-20.808910777905115,-22.63331581429824,-30.24378781983138,-20.849431645240163,-22.578516504594628,-44.851970950458295,-59.942340596538145,-21.240011025657058,-20.845183815874233,-20.972942628566614,-20.967155263752584,-21.197102371902737,-31.3160868651499,-20.990020172915255,-20.896466427836444,-20.792390275244315,-21.782358892823634,-24.10820394233607,-29.22823279016117,-60.57055845422187,-227.49086753127006,-95.49049286491265,-22.139113083283924,-29.22412999156796,-23.54690574222854,-21.663811755393237,-20.849088432031774,-20.810704908470697
-20.94672809092466,-21.075758082233314,-20.94747309558481,-22.85865856381205,-30.362786800737553,-20.985516903841773,-22.746175446836155,-44.787945254509125,-59.01942885021078,-21.35696438426312,-20.991134140960522,-21.10966576302088,-21.114806673933405,-21.327683926447175,-31.17615261600759,-21.145951512901256,-21.047566981750848,-20.938239468457745,-21.912383979624675,-24.207620510592683,-29.51025269171395,-59.09335552628482,-228.34853238561027,-93.48378327737714,-22.253627921228134,-29.383019586566192,-23.72760265142564,-21.786444906092154,-20.987795174905497,-20.948920077993275
-20.91713327179806,-21.044524841360257,-20.918919098230518,-22.80264364630589,-30.321329984165345,-20.9576025890569,-22.706697139600895,-44.785006303693194,-59.246507749605996,-21.333816719194367,-20.96015656953674,-21.08140470196513,-21.08329428913376,-21.30059552540921,-31.215405532476296,-21.111880659955226,-21.015130957331962,-20.90755083602125,-21.885089835407896,-24.183796349720055,-29.432449496305335,-59.47392550814685,-227.82761742547947,-93.97554172382156,-22.230303299285215,-29.341077437787504,-23.68409342214192,-21.761351327136374,-20.959087430076515,-20.920452139245732
-20.557254428787303,-20.6945258435649,-20.55138231159875,-22.577710176275453,-30.267147942641706,-20.592098881721896,-22.451774988368186,-44.807037767465864,-59.73095145793589,-20.975198833579945,-20.609275304286008,-20.727132068224506,-20.742071848592786,-20.966615474234782,-31.11474243981189,-20.78849063101019,-20.67113925331029,-20.549888966989453,-21.565969248793436,-23.957887134985132,-29.492222635715823,-59.696422190419696,-234.1259316354257,-94.64907279012273,-21.92720084415707,-29.36729991931611,-23.47511799920078,-21.431613934306572,-20.59745931862158,-20.553214485563977
-20.53605344195056,-20.673633691730636,-20.529921407119197,-22.56030019653769,-30.259666398373646,-20.570807052253965,-22.434712653330752,-44.80823757920449,-59.78090560913738,-20.954770697051735,-20.588361329141364,-20.706359539168396,-20.72157930986522,-20.94696704308734,-31.114301302388686,-20.768589549182416,-20.65041311186387,-20.528678195797028,-21.547069352722435,-23.943912216406364,-29.486805436323785,-59.75004506765103,-234.3839952172649,-94.73810336675135,-21.90953402117581,-29.364306229171337,-23.459949949524603,-21.412424156114415,-20.57627085901195,-20.53177699214278
-20.498177216454543,-20.632053791798455,-20.494187107291964,-22.459875182391308,-30.16890337267614,-20.536415426377992,-22.37160653214174,-44.76526628202153,-60.22423355477482,-20.929849936731987,-20.547289690245368,-20.67116070981674,-20.679359178219432,-20.914028018992234,-31.20793197095571,-20.721053683697853,-20.60628739148407,-20.488542744708834,-21.512640071155616,-23.910620117596917,-29.328845049918478,-60.5266513974266,-232.7789372824535,-95.65459347075824,-21.883481973557977,-29.283749425643357,-23.387302799865765,-21.38279626985706,-20.54017185821659,-20.496211917465303
-20.900834516903796,-21.028080808943773,-20.90267127972201,-22.783325087679053,-30.310427647651984,-20.941566730023155,-22.69068985263576,-44.78514869793699,-59.31494292788712,-21.31914363700399,-20.943760319348936,-21.065576635860197,-21.06701446931583,-21.285601261908987,-31.222628094557557,-21.095449046456874,-20.998550854219527,-20.891041958945568,-21.8704024620666,-24.17252470834378,-29.41497354673756,-59.5737036493865,-227.86395151599504,-94.11354645138171,-22.217013287111214,-29.331397318852765,-23.668233968092533,-21.746930504400453,-20.94295929341378,-20.90423370806941
-20.596767435540396,-20.72721139462049,-20.595400438765484,-22.510909963378456,-30.182759587003282,-20.6372092576068,-22.43623333711257,-44.7735518325555,-60.15320717748325,-21.030223108301293,-20.64287455148248,-20.768422002369253,-20.771784305626483,-21.005621534098793,-31.249517809129546,-20.80734952958289,-20.699268032192407,-20.586130777055025,-21.599621797742476,-23.97336322253402,-29.28732370801277,-60.58277733380704,-230.8581899426634,-95.62522327201705,-21.96673703369935,-29.260806223715658,-23.436343108165353,-21.47365370316008,-20.639568833845114,-20.59736581136018
-20.21187526913977,-20.34828489866237,-20.20533903304242,-22.19679769915225,-30.05376993274689,-20.250337862930934,-22.129520266139817,-44.7907309874693,-61.08795133836763,-20.659403401723267,-20.26356220672766,-20.391553645440588,-20.400552009450227,-20.650364083706386,-31.251458163631796,-20.447900497223753,-20.323714055226453,-20.201215895347687,-21.258069115190043,-23.724485528149785,-29.199134129108124,-61.585262059647754,-235.65096066639362,-97.23770862739303,-21.648671681826354,-29.215762052193213,-23.1655637105159,-21.126335998020593,-20.254764022720224,-20.207734826541873
-20.740037700309248,-20.866085607813392,-20.742261803511813,-22.597157725468186,-30.222146610200664,-20.783194066116486,-22.535352587349227,-44.81520912077767,-59.993441426117116,-21.17423426653897,-20.782340743036663,-20.909300088381602,-20.906696139793155,-21.137727507197837,-31.292829792294818,-20.933952314953647,-20.83540296083236,-20.728284579093636,-21.725720940465724,-24.065947202458176,-29.2516923875586,-60.54983343114017,-228.52797326528002,-95.48700929118787,-22.085798397873383,-29.239058795762382,-23.514444198061604,-21.604617754387746,-20.783782031723128,-20.74410909296545
-20.2617835355047,-20.406195932704122,-20.250916204503675,-22.384442720964998,-30.24461381360086,-20.293126926511878,-22.236653467485148,-44.92472306297861,-60.20689399440575,-20.6830857490254,-20.32033020082347,-20.43606971770694,-20.45977574706058,-20.690223726258044,-31.043786080078533,-20.517950169701816,-20.38678983653746,-20.255758126688967,-21.30239495029297,-23.77273438302395,-29.520450932698296,-59.99983581525637,-239.5777984992277,-95.47694947656831,-21.67551161972999,-29.374674283711336,-23.294005209268114,-21.160470909078104,-20.301104565257834,-20.252970783004475
-20.96297070553339,-21.093233211841774,-20.96294907550412,-22.894970083883223,-30.39642105179935,-21.000561443629614,-22.77060195282362,-44.80127507216586,-58.87339008197854,-21.368905406394994,-21.008469269055684,-21.12501785936503,-21.132534944024286,-21.342427235816036,-31.148193967552892,-21.165570522863337,-21.065927534283606,-20.95525300645035,-21.927450603323837,-24.222579190019168,-29.564615856096417,-58.83979217108829,-228.85368656624965,-93.17025409086945,-22.266026474441976,-29.411329487263274,-23.755018675167758,-21.799891792292875,-21.00342361618874,-20.964339921932375
-21.187833095103187,-21.3163357532356,-21.189814504863243,-23.105562938501762,-30.52321311668927,-21.225176147867405,-22.964669881190357,-44.85696250775701,-58.261826308001474,-21.58190970893986,-21.2316558541203,-21.344624919185282,-21.351692013369824,-21.54985642129341,-31.12864991919234,-21.38038686999132,-21.28832676178992,-21.18104600141632,-22.128732118240794,-24.37764411272635,-29.682315193581914,-58.07368256935901,-227.2120135510248,-92.05026597879126,-22.45180930101507,-29.476465859423215,-23.93391423882122,-22.002175118880153,-21.227592531434443,-21.19088834347157
-21.6779913215278,-21.803027120898225,-21.68428227112978,-23.571941396573934,-30.855314022311386,-21.714554311602726,-23.39374513834894,-45.089972591639544,-56.99647032434539,-22.046444578543614,-21.718782440587603,-21.823147099559414,-21.829737011605985,-22.002092448359765,-31.09813600835886,-21.849194915797845,-21.773946428533403,-21.673496250423714,-22.568972604016405,-24.727206089075437,-29.96232431808051,-56.45936496938138,-224.54276872319292,-89.73655524560834,-22.857653269922196,-29.632969222991054,-24.330658455409914,-22.443670153167847,-21.716174915043965,-21.68462209206871
-19.513911187810333,-19.66103737956151,-19.49878444240394,-21.6320712367068,-29.856739359090206,-19.549191949212958,-21.576259863145893,-44.95347466837002,-62.87068413901383,-19.98751221956632,-19.57551549586156,-19.70792086405077,-19.726430529469514,-20.00431158964986,-31.272647726369712,-19.793530995192068,-19.642496237809624,-19.503220814765882,-20.639497014496907,-23.276773331826426,-29.062081342668513,-63.469715124439446,-245.20741848959122,-100.38745099935892,-21.071165187744135,-29.15647614679376,-22.679237435389858,-20.497043688118634,-19.557202737901886,-19.50188410501702
-20.26234907954093,-20.401934115243982,-20.254041223267635,-22.302593914893897,-30.12516370378637,-20.297619402656768,-22.19946292301581,-44.8013210755571,-60.60519711144766,-20.6965638717588,-20.316616871966822,-20.439172388750798,-20.454461910558496,-20.694597516419165,-31.15743933801165,-20.506213756427794,-20.37959125325997,-20.25381046292684,-21.303213377888348,-23.759827019812967,-29.349109403451905,-60.77693826794178,-236.74249566786511,-96.25298057307316,-21.684794297763542,-29.293772064668573,-23.243624485186242,-21.167239977229475,-20.30354476022113,-20.256255848425663
-20.761205212774843,-20.891354378751828,-20.76056099384172,-22.679897902156238,-30.266628130315517,-20.80052628065328,-22.584321640949263,-44.76878016288105,-59.57900486528948,-21.182557182801258,-20.806791248849404,-20.92862197046344,-20.933495240939862,-21.15679562956186,-31.205076488409674,-20.96761608235233,-20.863543325557924,-20.751774807268426,-21.74657939386088,-24.082482574724214,-29.403848078545305,-59.81153933125549,-229.74982900531322,-94.5257185283875,-22.10108168650183,-29.32459715888458,-23.57698191792418,-21.620167934219413,-20.80301838214373,-20.76227413585973
-20.219363638056294,-20.351449922415775,-20.21577243840293,-22.13803589096403,-30.03665394158586,-20.261662953514783,-22.105451945818277,-44.84836182346514,-61.473289312738906,-20.679485363675614,-20.267703466145285,-20.400503189618902,-20.401941046792643,-20.659163685469792,-31.349906798083325,-20.442290405923412,-20.323907309779937,-20.206425923567803,-21.263724645441368,-23.734625429937168,-29.05653753103097,-62.305864304247066,-234.2544973422568,-98.13100955989333,-21.659234536944446,-29.13432901510936,-23.12513996154081,-21.137601921857915,-20.264132824362985,-20.218290423718667
-20.90684693307155,-21.031532515596187,-20.910577986948304,-22.75260236977055,-30.291949696553136,-20.949810919286517,-22.6777064894519,-44.81495307221383,-59.49550812132927,-21.331455746535905,-20.94767166121189,-21.072170887694377,-21.069180894246255,-21.291079842333904,-31.26909835398572,-21.093123949173606,-21.00024940437795,-20.89577633707326,-21.87439823496305,-24.17397183733023,-29.33591203107495,-59.925041996018926,-226.9953076482102,-94.56817329925674,-22.222707956241422,-29.28675685068908,-23.64613312092513,-21.75412083123492,-20.950043711510254,-20.912188133496667
-21.006520139684902,-21.135342513746842,-21.007616182618104,-22.918652523451247,-30.398576127437693,-21.045010787186513,-22.799635716644637,-44.799425300768846,-58.83252368888,-21.41286279177262,-21.050694692465214,-21.167962321544326,-21.173450809684738,-21.382767156134953,-31.164935369806415,-21.203875630070154,-21.107139521537583,-20.998414197423525,-21.96595122633411,-24.248926581089147,-29.550053029224074,-58.84563953449363,-227.99648618067968,-93.13128772336972,-22.302770973457235,-29.40478594558853,-23.777880140784255,-21.83996437446846,-21.047288843839443,-21.00897295405838
-20.038409145957147,-20.182745904638136,-20.026658031162732,-22.14492645858839,-30.085879274288647,-20.07154154439314,-22.03158814458054,-44.86915979742227,-61.02702718848491,-20.476811237598795,-20.09698136368278,-20.218980775884685,-20.239723842732012,-20.485682591709242,-31.12242702216829,-20.299517095246532,-20.163110041422627,-20.030567946587876,-21.103868007237107,-23.616443395226277,-29.350353978719124,-61.11523819669057,-240.46226200993823,-96.98498666387928,-21.49573626711663,-29.293556054358334,-23.10058917875403,-20.962882905150106,-20.079181155637787,-20.02905418097356
-21.136991753042818,-21.258715124629223,-21.143676068252766,-22.95217521597211,-30.389076791843785,-21.180692533225137,-22.867011510385336,-44.85169551679862,-58.91275802507802,-21.551455460187494,-21.174935997655453,-21.297160540514987,-21.29167700209372,-21.502531429525686,-31.260470643772667,-21.30901657690028,-21.225887784836445,-21.12631406186271,-22.079135491278212,-24.324011141622364,-29.41996140990988,-59.242629898115354,-224.70212044552846,-93.55280973972947,-22.411989681698433,-29.33497409517492,-23.816987100498984,-21.961310773720264,-21.17993278977916,-21.144973253895138
-20.48323745281425,-20.607218232298294,-20.48635870555977,-22.301709512149973,-30.141305980302963,-20.530530997973695,-22.289606017699636,-44.9721794089718,-61.1698070280458,-20.945041408009715,-20.524990255753423,-20.65958330406903,-20.6502955591503,-20.901933582976284,-31.421356950087194,-20.675194248159368,-20.57477032951873,-20.46823936102193,-21.494948013465372,-23.91263869514176,-28.991450484798673,-62.22867346055139,-230.35224008947148,-97.91954009565427,-21.87640782251369,-29.084681537254692,-23.268021024772843,-21.378099329640985,-20.529768136931043,-20.48866923694932
-20.352885221103524,-20.47372118691664,-20.35819673866972,-22.129040296516308,-30.157554056999594,-20.40423261245716,-22.154373307509942,-45.20051534833463,-62.00219094420973,-20.836105225404268,-20.393462014798086,-20.533015715996243,-20.516880522463577,-20.782256114600912,-31.5347981674957,-20.53673304154323,-20.43933116595293,-20.335145728388568,-21.37647379764714,-23.85362747295199,-28.798749743885956,-63.46700689923411,-231.5916547609185,-99.77882569033522,-21.769704692685117,-28.96070299030162,-23.121546055436188,-21.264976288765343,-20.401865547428127,-20.36079572605658
-20.37355603905784,-20.498020999054962,-20.376033686728896,-22.194258206087863,-30.114006527457597,-20.42141134811698,-22.194293709866415,-45.01614405789924,-61.572651868784874,-20.843646516373823,-20.416124387247322,-20.55263283201342,-20.542829795348812,-20.801488941874478,-31.453924150561512,-20.56915490050954,-20.46574001774438,-20.357873891003003,-21.397407478570397,-23.848143763764405,-28.924732535709985,-62.75472382035745,-231.520420905545,-98.69764345203083,-21.78718440045646,-29.045661351275626,-23.17758877556841,-21.280645957583246,-20.420686596475864,-20.37851169327684
-20.80745434125544,-20.9433063141886,-20.80339505493653,-22.82009974650258,-30.416872624755847,-20.8415458390883,-22.671074469287326,-44.85874526748723,-58.98760885402068,-21.21079989062693,-20.85814400634684,-20.971232689757226,-20.986732051176972,-21.19735230640577,-31.075793443707024,-21.02929923713604,-20.919408698100597,-20.801360245006094,-21.78955701705569,-24.131808777692033,-29.635659632857127,-58.74660425427909,-232.4466938901052,-93.28036667903008,-22.132868618319904,-29.44169091949454,-23.678167174407037,-21.655810269374207,-20.846654323506055,-20.80488039892001
-21.11454807327909,-21.22785037773377,-21.128016237186486,-22.82402247933171,-30.389483168822252,-21.16592168002377,-22.791718836231812,-45.12161972650614,-59.62877714976116,-21.55238554307756,-21.14658411204185,-21.276358196761844,-21.25629455955597,-21.478260916302037,-31.400736108563343,-21.25785466262209,-21.189754084745566,-21.099483544122513,-22.051862204710268,-24.31246990628482,-29.14867132663942,-60.51081001375866,-223.42334735753207,-95.44871711442555,-22.38892421266945,-29.165739377519206,-23.709432039842344,-21.94487827913976,-21.161368395951715,-21.129481565016942
-20.7244001057268,-20.858099261943195,-20.72130501029457,-22.696789830163986,-30.30309804844127,-20.760937976822266,-22.57758403128802,-44.78496067122517,-59.42780855810088,-21.139188527932568,-20.773125940114063,-20.89138903570809,-20.902091791045056,-21.1219139312481,-31.142669531385796,-20.942075478091564,-20.83264620965814,-20.71652467836957,-21.714754837113734,-24.064816489817655,-29.49665514996814,-59.447094382122145,-231.53571369970388,-94.1427705038745,-22.067779736720034,-29.372387023211395,-23.582824958566288,-21.584079987889083,-20.76497320426957,-20.722980953702145
-20.767376673475855,-20.894215942416402,-20.769096234546723,-22.63711133442394,-30.23828174083804,-20.809589149415302,-22.565811228686037,-44.79667923867675,-59.82672093443577,-21.1972018861422,-20.810229626968276,-20.93571029781154,-20.93482315229089,-21.162850030928034,-31.269027046755312,-20.96331274204264,-20.864127450699435,-20.75626487729307,-21.750616217197823,-24.083601915986,-29.298472117201015,-60.29011044341618,-228.55753218598957,-95.1267153155628,-22.1079169148707,-29.2659960318369,-23.546861692658076,-21.628355880153073,-20.810582073063586,-20.77088121840321
-20.767376673475855,-20.894215942416402,-20.769096234546723,-22.63711133442394,-30.23828174083804,-20.809589149415302,-22.565811228686037,-44.79667923867675,-59.82672093443577,-21.1972018861422,-20.810229626968276,-20.93571029781154,-20.93482315229089,-21.162850030928034,-31.269027046755312,-20.96331274204264,-20.864127450699435,-20.75626487729307,-21.750616217197823,-24.083601915986,-29.298472117201015,-60.29011044341618,-228.55753218598957,-95.1267153155628,-22.1079169148707,-29.2659960318369,-23.546861692658076,-21.628355880153073,-20.810582073063586,-20.77088121840321
-20.804543285815456,-20.932788289475287,-20.805363530360747,-22.696798620163086,-30.268390972799313,-20.84518851662781,-22.609893420862413,-44.777729384559066,-59.57741617485637,-21.227637776301854,-20.848461891573464,-20.97147637121572,-20.97351392015719,-21.196936781774816,-31.230464579188894,-21.00420444491526,-20.90374706740849,-20.79447462271747,-21.78458437783801,-24.109098273035627,-29.373528685695735,-59.89092645393501,-228.78058331497192,-94.58692589821175,-22.13769883111813,-29.308220985128834,-23.59450031102067,-21.660351253135307,-20.846882859909016,-20.807055580045386
-20.703701374373292,-20.836092596934527,-20.70136760137999,-22.653998602380362,-30.26572316823958,-20.74153333645269,-22.548525773528436,-44.76917558043429,-59.603339854700096,-21.123482056002818,-20.75128757950787,-20.871787168989215,-20.879921825695675,-21.10334566582615,-31.17586656554731,-20.918007810613172,-20.809710384424598,-20.69497340700107,-21.695881422387615,-24.047319476339997,-29.4356780383415,-59.746007548133775,-231.00720502704718,-94.50767477681006,-22.05225715759631,-29.340964276941918,-23.550741584479027,-21.566937511410217,-20.744949141054658,-20.703112014683263
-20.75995919271319,-20.885709904520837,-20.762462133164707,-22.613821918466904,-30.22968766773248,-20.803212186694065,-22.551395648781376,-44.817173819173604,-59.94439201614408,-21.193369696632903,-20.801980887531183,-20.928785973623896,-20.92590319676969,-21.156035068233802,-31.292406326146484,-20.952529220809264,-20.854863588475283,-20.748217474965685,-21.743391020538176,-24.078793545488104,-29.25732029903056,-60.49499798369724,-228.3046938052101,-95.40365026108957,-22.10216587255091,-29.242125366555754,-23.528712843874782,-21.622559409106117,-20.80369674122853,-20.76428437162415
-20.72771942490362,-20.857451960010742,-20.72725384788523,-22.63820935142261,-30.242976973091594,-20.767686888991292,-22.55058133258912,-44.76977260763998,-59.73283652366898,-21.152786961843894,-20.773004583670875,-20.896166658859855,-20.89989273195912,-21.126087561935428,-31.223395332115544,-20.93352344756205,-20.829282518083833,-20.717794122175896,-21.716444275915155,-24.059397035212676,-29.363974626127213,-60.03984501630932,-229.78009202295485,-94.8361405666258,-22.074026705196996,-29.302857924667638,-23.54319631612271,-21.590723368873434,-20.769935558022297,-20.729030643521707
-20.713397329091908,-20.84449201998084,-20.711954793709594,-22.643971872692774,-30.25190032053829,-20.7522823092385,-22.547612581966543,-44.766143098402736,-59.67328985393078,-21.135899420961415,-20.759853529452943,-20.88172949753283,-20.887688596468266,-21.112628031244732,-31.199838540095143,-20.923640000500754,-20.817236643331295,-20.704068890141723,-21.70413879447583,-24.05158639926612,-29.398942191407826,-59.89912327117453,-230.3966921634058,-94.67804430380284,-22.061321218859636,-29.32169833662489,-23.54530272345207,-21.576773854312506,-20.755127111469683,-20.713718757745028
-21.68534087563052,-21.804982575793424,-21.695492201685077,-23.498725154936245,-30.7196886385927,-21.726512155856344,-23.357492250348425,-44.99611525224978,-57.28199141069483,-22.064893885431726,-21.720834460457226,-21.832051519821373,-21.829100476206698,-22.00787223163099,-31.18120560305949,-21.839307350007253,-21.772099192396684,-21.678191577152944,-22.57199318061599,-24.703433524685703,-29.791363804404938,-57.06752879041641,-221.65657153628467,-90.44429752808662,-22.864915185405607,-29.549218416794545,-24.28015617395615,-22.453461505925553,-21.725651423037082,-21.69591616120039
-20.756437909379997,-20.89051836675123,-20.753225728473353,-22.73693406869031,-30.333270907145042,-20.792397767023115,-22.61002853485624,-44.79865682051455,-59.288341165560794,-21.167874960217834,-20.80549219987316,-20.922401959577126,-20.93416971816443,-21.151222306306295,-31.125836592616288,-20.974514481755524,-20.865380556947745,-20.74902051497126,-21.743519137457984,-24.088499995782914,-29.534629946729257,-59.238990794677704,-231.602072464656,-93.87144604147247,-22.093473476527883,-29.391881801904628,-23.614877699803586,-21.61221842451507,-20.796651965841622,-20.754840906825716
-20.144027217771203,-20.28286445877205,-20.13575611346766,-22.164210651112313,-30.048064107553124,-20.180940513347455,-22.085850717944176,-44.798553527522685,-61.12513851979578,-20.589904817213657,-20.197815638396172,-20.324476021701926,-20.336894153605527,-20.586761043717168,-31.21880028105035,-20.3883244746209,-20.259828067019296,-20.13411259492207,-21.197985611191697,-23.680617925640025,-29.233202731032563,-61.5201058250912,-237.09535177408435,-97.24826706039255,-21.59054191386351,-29.234703400505502,-23.13298975317751,-21.063458642339207,-20.186344581110944,-20.138178627381265
-21.299960745523148,-21.419126525711153,-21.309152380610538,-23.087722842723196,-30.458778830555442,-21.34461097500156,-22.998188844137353,-44.89851429206709,-58.542069858284044,-21.708415510282396,-21.33549546462442,-21.45654827468969,-21.448453571661688,-21.651980088993778,-31.263703894419965,-21.460161624786593,-21.384915589856906,-21.289344853327673,-22.22387812118857,-24.430134234970332,-29.46743481038773,-58.82879294235398,-223.0376335841561,-92.93974578561384,-22.545907476672824,-29.362942191828992,-23.933669571517413,-22.108304989517972,-21.342933252403054,-21.310226621221926
-20.53157422443222,-20.66197220178766,-20.53004443396894,-22.44153251600654,-30.151942387552175,-20.572618402999755,-22.376535097106718,-44.78406662385915,-60.40214036703428,-20.97042855426457,-20.577783651340663,-20.704968726506493,-20.707433681026867,-20.945778881372426,-31.272051717889706,-20.74328683940157,-20.633867000409055,-20.520369370898624,-21.54137369344179,-23.931129012991335,-29.23598447777357,-60.9240001905864,-231.29258703060478,-96.1098892558662,-21.91369481502868,-29.23245372393394,-23.37891009542937,-21.415794413727593,-20.574849370352958,-20.532114244222903
-20.408928127018513,-20.540655978420194,-20.406111877186795,-22.332305830552315,-30.106336496844577,-20.449848478976186,-22.274586989626826,-44.79242483810481,-60.7533567795237,-20.854011047849216,-20.45647018126882,-20.585120418504122,-20.588378278428277,-20.832916979849315,-31.2859876183838,-20.627117604959157,-20.51322909009409,-20.397403877876172,-21.43242055606044,-23.85231634308025,-29.1875032746884,-61.34379110553262,-232.6070061386666,-96.7431573652363,-21.813044309549717,-29.20649017578639,-23.286288554661134,-21.30575604272997,-20.452480649267073,-20.408338992898443
-21.047955857821403,-21.178817447837595,-21.04786798440058,-22.994472961567716,-30.472214351233937,-21.08437101300735,-22.853782301282756,-44.84010887314908,-58.55094576625794,-21.446305764813133,-21.09398833851956,-21.207511582538483,-21.217101469605375,-21.420557058986102,-31.116104253627746,-21.250499018347057,-21.152101741107675,-21.041238140279937,-22.003958000967206,-24.28571167257271,-29.651736544643907,-58.370602580549274,-228.87549245425504,-92.54417698114514,-22.335143018625345,-29.45694977316834,-23.835975624043428,-21.875212668913374,-21.087634029089003,-21.049108737569565
-21.130260182635396,-21.261366075367803,-21.13034822678259,-23.085694715988975,-30.54468662431672,-21.16584135263862,-22.93198532750292,-44.88514649789624,-58.271777374694665,-21.522258273506594,-21.176545266906338,-21.287524484028065,-21.298518108034823,-21.49631666798043,-31.092962028256533,-21.331692898432614,-21.2349898463949,-21.124334391756015,-22.077994560476228,-24.347085473609745,-29.725077035583958,-57.97563859663963,-228.8070191756522,-92.01340329441923,-22.40239658776423,-29.495132406385736,-23.910841656296096,-21.948499201614585,-21.1693388352222,-21.13145146690144
-21.227927788066026,-21.35817128027398,-21.228954272196663,-23.175593725273718,-30.602648548158996,-21.263493405940025,-23.015772417616002,-44.91738335651453,-58.023076915462134,-21.615181152486993,-21.273433553785136,-21.38295683393128,-21.39357351200074,-21.586522386576927,-31.088389402170638,-21.42470024228487,-21.331435225662915,-21.22235494803994,-22.165521315835615,-24.415360609553858,-29.773252534277788,-57.66985566918862,-228.10689968643084,-91.56211587703673,-22.483352960007135,-29.521878677577345,-23.987625819441444,-22.036554073270317,-21.266754652239953,-21.22992193487979
-21.246707386130563,-21.37758747173273,-21.247423109852782,-23.20574999178359,-30.638940609599185,-21.281604275666975,-23.038402994900018,-44.94918573938713,-57.926125902782445,-21.631246134248514,-21.292853315999917,-21.40096187521474,-21.41292058781212,-21.60368216972086,-31.072976465469864,-21.44486101083176,-21.3513146416803,-21.241609598641006,-22.182658277833443,-24.432868102524388,-29.80995500755436,-57.50854804425293,-228.47432091246063,-91.37016444587576,-22.498175549872464,-29.539826091237096,-24.010846473899733,-22.0527771075578,-21.28517728941988,-21.248344719207974
-19.859885219964088,-19.995811567752625,-19.852693768198886,-21.816645892005376,-29.929142049080696,-19.902038074455326,-21.807978205872736,-44.93324237856178,-62.59415046142899,-20.33981408253513,-19.91217637639937,-20.04943267873886,-20.052814118550057,-20.32905765540415,-31.413125178139527,-20.10133418506252,-19.970229080996443,-19.845943374819228,-20.94567191474501,-23.511981214317583,-28.91877013516457,-63.650993244469255,-238.50572844877635,-100.1629996518916,-21.366267357865294,-29.0644052356203,-22.855060356761705,-20.81643111479697,-19.90561549598201,-19.855664618124198
-21.29790457829159,-21.4254715908196,-21.3009349016063,-23.207622380923084,-30.587721186952674,-21.33519945390648,-23.05937309892397,-44.89270593497834,-57.97656772822634,-21.68646189224467,-21.340858904780877,-21.452151972641126,-21.458847968019985,-21.651418070910275,-31.122380074682333,-21.4852622944845,-21.397084788458802,-21.291541187998202,-22.227361370617984,-24.45416937229612,-29.738521938811402,-57.71900787851101,-226.43575083910167,-91.53123784272816,-22.54292900875639,-29.508028896848383,-24.020987421948302,-22.101347383779753,-21.337363636774008,-21.301851924429176
-20.7753326527751,-20.8977279998911,-20.780447706137746,-22.58428214306529,-30.233695121531916,-20.821476041524537,-22.54262353850442,-44.899536991551244,-60.16767286811188,-21.216789183768366,-20.814834223589457,-20.94452758394014,-20.93601382699566,-21.169823682676835,-31.350762003251376,-20.956533756240113,-20.864686549131413,-20.76198137785942,-21.75507260097728,-24.091159700068104,-29.162341975204974,-60.92999122133138,-227.45394812313418,-96.00638543698173,-22.114905764052455,-29.184231534621738,-23.50648483257151,-21.638480641798985,-20.82046305642106,-20.782318664759266
-20.841063067838547,-20.96080944707776,-20.848458678497305,-22.618626631725196,-30.265015182832855,-20.88902119260964,-22.584901564496594,-44.965924987509894,-60.13927444367638,-21.284385801636983,-20.878490005312226,-21.009038952539928,-20.996765871162662,-21.22960085105204,-31.37747254893265,-21.012055418258768,-20.92619555578436,-20.8269105634796,-21.812029659131326,-24.13554990346725,-29.130708045855602,-60.98866284699613,-226.48668436581852,-96.0928675619076,-22.1681099314663,-29.162405879768208,-23.536179033045336,-21.69848355377276,-20.886920398412755,-20.850274876958593
-20.524949802451143,-20.64731202340502,-20.529446658610084,-22.32443271051116,-30.164030612511297,-20.573335653092254,-22.316959469155066,-45.014037269647304,-61.148774493329284,-20.987908092312463,-20.565481456993332,-20.70050992339882,-20.688976222315976,-20.940003597291867,-31.437460786477672,-20.71072612560155,-20.613921928414022,-20.509466928180213,-21.53111627409244,-23.942012212092738,-28.972526084781848,-62.26109829521235,-229.7694409585548,-97.96795923121239,-21.910221689954238,-29.07052129822375,-23.287316580946783,-21.41618216569421,-20.571915363002574,-20.531726445373806
-21.067479214094337,-21.1907447400641,-21.072770077242946,-22.90085653745523,-30.36364988327785,-21.1103766611582,-22.814375009966298,-44.82837480071221,-59.03814168417237,-21.483336927294744,-21.106815327189803,-21.22905148033259,-21.225461053340716,-21.438801327588447,-31.251369204253407,-21.245976573650825,-21.158822717372324,-21.05701201915849,-22.017699685472387,-24.27930889296385,-29.414881679564598,-59.3551345247283,-225.57156010559788,-93.73127960712947,-22.354805514436073,-29.331939058857575,-23.772170164491747,-21.898331442806565,-21.110213256757497,-21.074150559696772
-20.380613782102007,-20.514338850752573,-20.376352740939744,-22.333071456810465,-30.10777708481513,-20.41999176281045,-22.26328890954359,-44.77695629527521,-60.680965856985445,-20.822174529147677,-20.429803415201512,-20.55681988222345,-20.563249345126643,-20.806247361260954,-31.251548524551897,-20.605396315052175,-20.488238993676603,-20.36992188520106,-21.40776015039432,-23.833455301399603,-29.234048839887755,-61.155757386995276,-233.47823419845884,-96.53561531847473,-21.788252664283345,-29.232982233245675,-23.28323013541732,-21.278666451884106,-20.42348556981962,-20.37856642669231
-20.80373996778362,-20.931409396800227,-20.80496805216313,-22.68742075662429,-30.262446311442847,-20.84490385696651,-22.60495935307058,-44.78277501809062,-59.62676056729234,-21.22844279523243,-20.847185585407175,-20.970877762585662,-20.971890905617276,-21.19624682967463,-31.24198796484224,-21.0016071002786,-20.901967681209594,-20.793363995103718,-21.7835943616357,-24.107988166406507,-29.353814146992185,-59.982567905866475,-228.58549233735752,-94.70399938513113,-22.137325266182266,-29.297249709548694,-23.58762232384125,-21.660091575880962,-20.846334242093178,-20.80667527778249
-20.26235621437952,-20.395370684407272,-20.258232970197692,-22.197225897026765,-30.05335235767163,-20.30341975625194,-22.15081065533481,-44.814210751066845,-61.210297925360734,-20.715913251257035,-20.311263559256627,-20.44201434959532,-20.445652288751358,-20.69817853112039,-31.311619626737347,-20.487307045248546,-20.368548675935454,-20.250286483302446,-21.302257329732406,-23.759213263844227,-29.120267937501705,-61.90759532824802,-234.13703941071907,-97.5831077073433,-21.693197385498134,-29.17063017196095,-23.172597056884698,-21.17467726895048,-20.30638851626209,-20.260654620475332
-20.50887344293644,-20.648437462805447,-20.501525326815116,-22.56461866771379,-30.290556037723537,-20.542205842818884,-22.425332642960292,-44.84992077471239,-59.72100527661502,-20.924473858705927,-20.56298865640938,-20.678937495000433,-20.697295181662625,-20.920760103165982,-31.078524490108283,-20.747265298568713,-20.626426648762717,-20.50230932188376,-21.52292985309997,-23.93121742215976,-29.53579670397771,-59.574443116772,-235.6434620364345,-94.60394000971544,-21.884393481816133,-29.387036177963267,-23.457278189601574,-21.385948109164573,-20.5484875407811,-20.503361448122867
-20.563056236214116,-20.703436670041796,-20.555504993717935,-22.636053912380504,-30.356753155874728,-20.59532783466376,-22.481698387718644,-44.89845382931032,-59.475621050026405,-20.972709850575672,-20.61792859788495,-20.731213983815465,-20.751650277822442,-20.96996513720141,-31.045064750051395,-20.80228699446586,-20.6819776344909,-20.557338869426754,-21.571331291162434,-23.973566057592016,-29.60592593780941,-59.2015025295282,-235.9935937550974,-94.14603902234475,-21.927010056136368,-29.420568158534934,-23.51282836699308,-21.43310686743616,-20.602029906976234,-20.557232335476915
-21.36011226880301,-21.47615227500383,-21.37201213911079,-23.109744263573667,-30.475848138646015,-21.407053939551904,-23.031725827568696,-44.96897173051655,-58.55893441322553,-21.771612021122923,-21.393061008769838,-21.51569770630838,-21.502865334243335,-21.706052591353572,-31.298214808002513,-21.508327758101675,-21.44000573064372,-21.34843834254875,-22.275443316843514,-24.466624899353285,-29.419038021950637,-58.961743125206695,-221.9225331831424,-93.13243578197567,-22.59416058595528,-29.334154973447166,-23.954029788719808,-22.16339372236772,-21.404048766125353,-21.373032319486924
-20.725131364680596,-20.85966838920852,-20.721522253496367,-22.711119456011534,-30.321545503453972,-20.76095149820711,-22.584777026542667,-44.79808992108161,-59.36088579583954,-21.13770709882545,-20.774612200180016,-20.89173407692023,-20.903924960778497,-21.122245760067404,-31.124968640153796,-20.945169820407983,-20.834776477074133,-20.71769785321588,-21.71560186209796,-24.0678082874559,-29.526202219642485,-59.317466022037685,-231.96725291103633,-93.99955502905703,-22.067410110941147,-29.387085304889098,-23.592392767620094,-21.583880499598678,-20.76536064424542,-20.723173538872935
-20.453003796080264,-20.574472264504564,-20.458039513765215,-22.239330203385897,-30.160477544569396,-20.50285341164219,-22.247204890409627,-45.09771091375892,-61.52391724855124,-20.925074614056737,-20.493361681123353,-20.630520325966906,-20.616627140508804,-20.873960575366144,-31.482094272852972,-20.63711387612267,-20.540491584420923,-20.43644719793756,-21.466247297769765,-23.904856414440296,-28.89171636512024,-62.800273058406646,-230.4677730483973,-98.7743128894744,-21.85136963432099,-29.019566833395288,-23.21524356697371,-21.353063363607813,-20.50092272707978,-20.460457838233197
-20.719860485116556,-20.8577675073326,-20.7142906225262,-22.76115351111283,-30.407286433990166,-20.752941323242027,-22.60658966040081,-44.88377393070178,-59.13097981364722,-21.124423015503925,-20.772460517918237,-20.88500802517317,-20.903042566695188,-21.115682972363732,-31.055699981880398,-20.949140589450156,-20.835017170996345,-20.71412005187467,-21.71140605688313,-24.07695831965132,-29.639538844898958,-58.84779312838684,-233.9684630065159,-93.52596878196701,-22.058528018287124,-29.440668325402115,-23.6233423950386,-21.57552596337218,-20.75881076286013,-20.715852026273065
-20.107318637588865,-20.248748891953465,-20.097399439949793,-22.168544264755717,-30.068250381416725,-20.14230920690187,-22.072066462824136,-44.820820097519274,-61.02677662960781,-20.54855956792796,-20.163330939575236,-20.28750966777298,-20.30404103946922,-20.551247853988357,-31.1689761205507,-20.359434075441207,-20.227373094668813,-20.098494125800077,-21.165359749740954,-23.658278147795276,-29.297780030122986,-61.25975625922879,-238.5316329402186,-97.01563606930635,-21.55668681025928,-29.267982847117977,-23.1291342756454,-21.02771724941087,-20.148800783895418,-20.099791151138774
-20.0221192540527,-20.161848613554408,-20.01291133608089,-22.049208352756942,-29.999739237652662,-20.059315141697315,-21.981667528319672,-44.81833982182464,-61.52221461595927,-20.47543112784916,-20.07684633417736,-20.20552572314037,-20.21790262686157,-20.474635376225585,-31.244818508662124,-20.271401105472748,-20.139201628172,-20.01166845666879,-21.089783690172446,-23.60204397210164,-29.173082210525067,-62.01624944390865,-238.3019737308843,-97.98178483818563,-21.49108131124753,-29.20432457248127,-23.03704299141476,-20.95465720445531,-20.06491406641927,-20.015493553943458
-20.852268433712005,-20.981537034922436,-20.852528728385508,-22.762559141314412,-30.307845727729912,-20.89161492914775,-22.66120371637973,-44.77550009138966,-59.32737674130126,-21.268986147760998,-20.896982304845846,-21.01760265961772,-21.022027287599208,-21.24071192276017,-31.196804661525704,-21.054148285610065,-20.95330735431486,-20.843127843343535,-21.827790361086286,-24.142934506405837,-29.44472407892072,-59.50521908484548,-228.9073654208538,-94.0687921001913,-22.176134577785895,-29.34718248829496,-23.64730652286429,-21.70203011429969,-20.893852040959825,-20.854119879216995
-21.0776196196365,-21.19962868431123,-21.083901343613878,-22.89404256867047,-30.360500070966076,-21.121554345197094,-22.814748488569762,-44.84873361140852,-59.09779908130382,-21.495919001553933,-21.115926397157278,-21.23923013106684,-21.23356258028372,-21.44789555687726,-31.270664853737948,-21.25175422774614,-21.166872400452064,-21.06659396993502,-22.02597213763245,-24.284761334284106,-29.382729412422478,-59.48529524880774,-225.1462057134803,-93.9047415087537,-22.363125340226787,-29.313370030745315,-23.767748125249376,-21.908123876114715,-21.120833450906613,-21.085289713739126
-20.426580219909685,-20.559681789205072,-20.42287693688699,-22.371969687961965,-30.123963756083135,-20.466115354360756,-22.300568967841485,-44.774252576378125,-60.56129950602683,-20.866201870953955,-20.475175313810293,-20.601793519266014,-20.607707578728487,-20.848639942554644,-31.249319524278164,-20.648590042695748,-20.533240500768514,-20.41593853486352,-21.448573420349135,-23.863176573349207,-29.247626233735172,-61.02107748334113,-232.93771432667873,-96.32479088292779,-21.826149064735397,-29.240039918632775,-23.316529508048582,-21.320054661355048,-20.4694027298439,-20.42503663434337
-21.20441729605379,-21.32607469612588,-21.211364366721657,-23.02180504453421,-30.425068823238313,-21.247626255546063,-22.92829873738137,-44.85419299000222,-58.686823974333855,-21.613931222838467,-21.242170896579193,-21.362890758033743,-21.35806345567987,-21.56466243055593,-31.24519067437724,-21.37489901278292,-21.29334778780783,-21.19426635350398,-22.13972944621484,-24.369385646711148,-29.47067610631231,-58.935070209344026,-224.2969781818354,-93.11080345714285,-22.467552876382783,-29.36431951875145,-23.87570551625538,-22.021606345261503,-21.246940187433744,-21.21255290254699
-20.77673108531923,-20.901108829773044,-20.78031766408065,-22.612282369599306,-30.233274921974125,-20.821076004953177,-22.557165848614858,-44.84393301287432,-59.99656571072374,-21.21257450903786,-20.81766556823692,-20.945468949305386,-20.94039582353297,-21.171375845621785,-31.31341169861048,-20.964493468160207,-20.869369487808143,-20.764415680157082,-21.75760746720447,-24.090068285208957,-29.226007313003308,-60.62079573194903,-227.84219813800564,-95.5689921261603,-22.11610529753703,-29.22324692710245,-23.528752995383357,-21.638443707825267,-20.820962602444578,-20.782143874351714
-21.146883710264042,-21.266425782451606,-21.155306594179184,-22.93319622212595,-30.383601322741697,-21.192449139221424,-22.86089881181551,-44.89616918063213,-59.04086974099233,-21.566116425853718,-21.183097542211225,-21.307239580950732,-21.298081711391234,-21.510998430477986,-31.29445094887936,-21.31134918565112,-21.232159352335852,-21.135182400605437,-22.086419778078906,-24.32872537835909,-29.359384507710637,-59.49911017644641,-224.078251591844,-93.91102489488301,-22.419670619642265,-29.299233177650397,-23.802654428671637,-21.971273244919864,-21.190712920050462,-21.156626080600564
-20.46854099215061,-20.5924402769195,-20.471689746687012,-22.285435700456812,-30.138578320044704,-20.516041990651875,-22.2759044230509,-44.98338618998724,-61.23667469376362,-20.931884025472133,-20.510307672586535,-20.645279200489526,-20.635674212022174,-20.88846020938578,-31.428503257329808,-20.660500415174987,-20.55992361385306,-20.453375237033903,-21.481778318458627,-23.90439880383689,-28.97791776900315,-62.322236727179224,-230.48959852314155,-98.05755016900926,-21.864435650260777,-29.07645681927478,-23.254345983635485,-21.36513867572663,-20.515218760831814,-20.47402619712462
-21.059758315010395,-21.18074488530729,-21.066781671655992,-22.861585544792437,-30.347557660584787,-21.104754815360003,-22.79136399148317,-44.87185735090732,-59.2386674840139,-21.48208488118274,-21.097316412282613,-21.222034606466146,-21.21438619308203,-21.43118657104789,-31.292904267782138,-21.23080600705187,-21.14726902072483,-21.048063065148217,-22.00920083896014,-24.272413811182826,-29.336685254799303,-59.716538405810724,-225.00280029498512,-94.23195798104057,-22.348272555220852,-29.286252728520367,-23.741210678886567,-21.892741723209916,-21.103541743136006,-21.068218086926258
-20.899846955924914,-21.032029684776784,-20.89835536625943,-22.858500042323847,-30.392808143796273,-20.93629133126363,-22.72734785577768,-44.809287227168376,-58.944598000849986,-21.30559075192811,-20.94712194116709,-21.062792638878747,-21.072947185423033,-21.28383010999186,-31.126463222255865,-21.109418191172992,-21.005898166637124,-20.892608217804067,-21.871488072344356,-24.184098093243758,-29.580796747764307,-58.85321477792258,-230.0643896260927,-93.2605508924667,-22.212635852536913,-29.4179498164867,-23.720136131352344,-21.741854099565344,-20.93991892590857,-20.899796786227473
-21.670671518102388,-21.77796822272868,-21.691003124323935,-23.327666835598087,-30.623921326118094,-21.7228266438396,-23.25848083855291,-45.23978986536719,-58.103162553912696,-22.07890672617063,-21.69629687931551,-21.81921551774908,-21.79482020877062,-21.986382567009116,-31.350232976033666,-21.781241838927123,-21.73705592147803,-21.657383974499012,-22.546806524051327,-24.66424739583089,-29.410894777587046,-58.605299058332704,-218.51810528830202,-92.72841480080739,-22.843250338650865,-29.3264180061901,-24.139177281370877,-22.44351814071102,-21.716366451690707,-21.6915774934204
-20.195438625428203,-20.32149174163613,-20.19626886865144,-22.029992309525174,-30.06809983168,-20.243507123750206,-22.044839757917742,-45.066511191598295,-62.168165139950375,-20.676830361049145,-20.239862458808496,-20.378831676870895,-20.369508680344225,-20.638539447919914,-31.494543016418497,-20.399563019783816,-20.2899805287646,-20.179056893968887,-21.239730034929714,-23.74235236861671,-28.8424609616782,-63.496961993906794,-233.57989183445665,-99.79915707693058,-21.642657780860326,-28.99979142226634,-23.039555316397447,-21.122034661270675,-20.243195698051892,-20.198998100900216
-19.713259054239614,-19.842864897248926,-19.710341613551705,-21.575653215376114,-29.98828747123841,-19.762809048469173,-21.63789355730652,-45.30639630574744,-63.960979055406014,-20.229627547073402,-19.762431129092946,-19.908718616489217,-19.89911696853932,-20.198516369561606,-31.646990939843285,-19.93779068949018,-19.81300531100404,-19.694518731646646,-20.813902300597206,-23.472184479375407,-28.602415034671008,-65.76776344427297,-239.62725893872175,-103.18246700874893,-21.25399132310345,-28.866155594194584,-22.66003493817813,-20.694975858070734,-19.763224799621323,-19.71376914792359
-20.80248682323461,-20.940933928282394,-20.796994069546283,-22.85801572436565,-30.49568132885554,-20.83453610487943,-22.687327788963042,-44.95025861881291,-58.826610124209196,-21.20002917099942,-20.855645253535226,-20.965112817321568,-20.98506579554951,-21.191352988352495,-31.023761957130326,-21.03121525840459,-20.918608840455374,-20.79767059804848,-21.78544071710498,-24.14072579488308,-29.722226250328124,-58.40715663851766,-234.15674615127523,-92.96322430008514,-22.12502242690301,-29.480759906883378,-23.700880999596656,-21.648489551781026,-20.84074647166046,-20.79841117906598
-21.481573593528537,-21.60750905868497,-21.486431382094093,-23.37710263022756,-30.699602294409623,-21.51885789343641,-23.217279235665004,-44.96539520257562,-57.51724554830128,-21.861206645032084,-21.52304230528203,-21.63159246492736,-21.637520550563583,-21.82087854099453,-31.11566687940394,-21.659956051145805,-21.57847513294599,-21.475895129336443,-22.39208199914356,-24.582748282953293,-29.831730997657612,-57.149452187545585,-225.200637198251,-90.69946863851406,-22.695149726561397,-29.56099812733178,-24.165994210334524,-22.266992016939938,-21.520570205733637,-21.487082295996373
-20.93690654581835,-21.053091885341097,-20.947470618178375,-22.674638432936597,-30.31641550040401,-20.98722392386296,-22.649186930913196,-45.06877166303512,-60.06629591515085,-21.3819105824393,-20.971600795644438,-21.102888781739836,-21.08570279978894,-21.316364918546512,-31.40773838648115,-21.093775604964502,-21.016472369284465,-20.92177251629553,-21.89501130412271,-24.200267413912265,-29.097128475757174,-61.01199299296103,-225.25134410613077,-96.15529493823807,-22.24489731619535,-29.137265164741084,-23.58314787045373,-21.785497824981974,-20.983686960786834,-20.94919050189944
-20.71616264841958,-20.843385438123097,-20.717450651780286,-22.588904921001298,-30.21679992740797,-20.758467594785213,-22.52188561352225,-44.79825609259079,-59.983405743173485,-21.149027179897676,-20.759438485986614,-20.885715590456606,-20.88487914802112,-21.11575655159927,-31.27723278906671,-20.914314372447084,-20.813458359917828,-20.704824638623975,-21.704969148544333,-24.05041895131368,-29.271734319497984,-60.48801427047267,-229.0240346304356,-95.41750063038992,-22.0659068231876,-29.251011286278782,-23.506125832691023,-21.58249200531522,-20.75955277155672,-20.7193082484218
-21.116144528733507,-21.24748979583571,-21.116027069340028,-23.07454938830569,-30.539721142628395,-21.151632433136133,-22.920807211286963,-44.88392978404067,-58.30053933147461,-21.508564547602276,-21.16265327186271,-21.273682606995372,-21.28493231393938,-21.483248988719826,-31.09153456915954,-21.318575145478576,-21.22124256473288,-21.110226552695433,-22.065389002437325,-24.337798586805658,-29.72208765998825,-58.00483854101404,-228.9787260095498,-92.06313078893332,-22.39058898679536,-29.493171209065203,-23.900967921965904,-21.935671648799275,-21.15521512557315,-21.11714684105513
-21.007850976278643,-21.12492104210533,-21.01787673945085,-22.758100670593606,-30.33164843550871,-21.056780508222673,-22.71857299737754,-45.005310187548986,-59.730900579915414,-21.444602358737384,-21.042793377549746,-21.17200715832117,-21.157082962975117,-21.382005034630502,-31.372390437326583,-21.166452442282218,-21.08888812149957,-20.99374977344374,-21.959466365828185,-24.241613897594934,-29.177242905280753,-60.52703430405131,-224.70842058537318,-95.42606457303906,-22.303895174106028,-29.18779556245226,-23.654546967107738,-21.848323149558105,-21.053733737533094,-21.01946518830266
-20.383127392345227,-20.520847467271178,-20.37634710436251,-22.4000373263728,-30.163270827084133,-20.418992113226885,-22.295586711104058,-44.78595935157372,-60.31900199647926,-20.81311148557811,-20.43566449066352,-20.557535818518325,-20.571078646369795,-20.80653437285417,-31.159651332170824,-20.619335149100426,-20.497472029493125,-20.374586229163587,-21.410669111335263,-23.83854379529785,-29.374952020063567,-60.47681963901813,-235.17050378811138,-95.74650958503226,-21.785323630701797,-29.307298997511943,-23.328486196455273,-21.27651290982651,-20.424284016505375,-20.378434872439083
-20.21872670319254,-20.359110049622796,-20.209803210009976,-22.269565417025877,-30.11416010664578,-20.253680126935194,-22.165738413230102,-44.809968010771655,-60.6982761566164,-20.654119718291764,-20.273725603694224,-20.396356795429558,-20.41249205727438,-20.65405711874609,-31.153784164350384,-20.46566720304277,-20.33722020249661,-20.210255927787117,-21.264407696282007,-23.731632203666056,-29.344458905000742,-60.86472646121582,-237.38314495570697,-96.41540296744827,-21.648264444824836,-29.291312662197313,-23.21436101537226,-21.127618578354603,-20.259887520864616,-20.21205872567417
-20.53462754046886,-20.666713300572532,-20.531942541650444,-22.470416494209637,-30.167219293677892,-20.574138324131514,-22.391580528202343,-44.7677546920343,-60.2433002885823,-20.968436048746057,-20.582191630007266,-20.70733797963857,-20.712824393527967,-20.94812713717227,-31.234915867814543,-20.751441732194625,-20.63978261487017,-20.52434429504936,-21.54468360778027,-23.933362130886277,-29.295361167922394,-60.633338133805836,-231.85005275413047,-95.74431112266888,-21.914853993870324,-29.265579180860733,-23.39978404555467,-21.416934359290394,-20.577142960775987,-20.533961133399583
-20.67240559412153,-20.803226234988234,-20.67101528655145,-22.596444215681366,-30.225490677610246,-20.7118731026606,-22.50805599556714,-44.766026815073815,-59.84343750390053,-21.09883270143957,-20.718688933823625,-20.841924937459947,-20.846892978026418,-21.075019723151073,-31.217848620912747,-20.882642717439136,-20.77569731330813,-20.662594959148198,-21.667374615639954,-24.02363330166333,-29.35807389157524,-60.1436181942629,-230.52078995669612,-95.01395431340819,-22.02810333354636,-29.299567322116694,-23.5065088859797,-21.540554680867825,-20.714527435283067,-20.67285115758796
-21.122895049616844,-21.242365244924105,-21.131303826832855,-22.90730377990163,-30.37243347658158,-21.168722743527162,-22.838552286212263,-44.900841614911485,-59.130592885371414,-21.54418199884671,-21.159123697315234,-21.283864040670338,-21.27431231919127,-21.488871237691843,-31.30177901390396,-21.2875777080824,-21.208007792025935,-21.11095762748126,-22.0647964269617,-24.313045259127684,-29.33853450515003,-59.624443291160105,-224.22499818013176,-94.09311678239098,-22.39986693577972,-29.286843336619263,-23.780777472787477,-21.9498815444341,-21.16691819009853,-21.132663813224184
-20.472789730392517,-20.599299160843554,-20.473941238186985,-22.32429588472805,-30.124760807225638,-20.51787563667408,-22.29650184689759,-44.88934808314437,-60.98022853296158,-20.92794997477142,-20.51628172369105,-20.64885905165342,-20.64378758206138,-20.892378507806885,-31.374127555690578,-20.67325401227217,-20.56845365519061,-20.459029093052763,-21.487109941580705,-23.899574199305746,-29.063690630406178,-61.87259010868244,-230.8191980900798,-97.41164814603917,-21.867649339615312,-29.131062445543314,-23.28581155396128,-21.36693363682161,-20.51823712277775,-20.47620673332139
-20.706954850408312,-20.841322269592432,-20.703381433343978,-22.689077163071946,-30.30524663126382,-20.743062305484237,-22.56673132911896,-44.790687750782595,-59.4365223706627,-21.121311290402467,-20.756290547126678,-20.87412114601802,-20.885790169879467,-21.10560668877342,-31.133613949780838,-20.926904707041867,-20.81628433698166,-20.699286017570138,-21.69930185520178,-24.054488186083468,-29.506274151772264,-59.42864508492206,-231.95143087236775,-94.14548763422869,-22.052796814016524,-29.376882725438385,-23.57471654837108,-21.567876470098714,-20.74736841073851,-20.705065904192555
-20.241671731028077,-20.37722619031068,-20.235780686728226,-22.21475956225419,-30.059714503035373,-20.280633819455307,-22.150323741132347,-44.789787348163216,-61.05147565550267,-20.68928643246948,-20.292612104528413,-20.420899095709757,-20.42876953392456,-20.678102018773924,-31.260393766260275,-20.47461323809814,-20.35212219078136,-20.230800253310587,-21.28443529158579,-23.743848515836543,-29.191902960858307,-61.57565676956591,-235.1214635046523,-97.19227723970586,-21.673793124071153,-29.211410360672595,-23.18217475981787,-21.153660653032215,-20.284723328369008,-20.238156823993457
-20.208480089105063,-20.3440638220323,-20.202470181642703,-22.180059017964506,-30.04533416461009,-20.24770967885833,-22.120389783549868,-44.796900847519446,-61.17960980407079,-20.658781477579865,-20.259514078185614,-20.388599206130934,-20.396085074396282,-20.647698836429807,-31.272390089318037,-20.44216523975814,-20.31891621615949,-20.197345237632298,-21.254918837650777,-23.722752385036202,-29.167847985708498,-61.74847745052237,-235.37523416437858,-97.43753473896244,-21.646954814360168,-29.198612299295988,-23.153649693180054,-21.124266226863465,-20.25175581047993,-20.20489756152085
-20.026861477666255,-20.165182613360653,-20.01854305654446,-22.031178009308036,-29.988857348493973,-20.06526598872755,-21.975586081759136,-44.82229995289592,-61.64208109774837,-20.48413525907622,-20.080454719829163,-20.210789245109005,-20.220720612369668,-20.479961415833195,-31.27831467112349,-20.272081647780976,-20.141579692349598,-20.015681770504028,-21.09393868502309,-23.606092383504215,-29.126822982128033,-62.247233401734626,-237.7235945225708,-98.24529160722051,-21.497052483525074,-29.179225482265792,-23.025836994341976,-20.960608604380504,-20.0702389060502,-20.02116605889742
-20.696902868591508,-20.831992240802933,-20.69285261579027,-22.690152287441485,-30.314259762872208,-20.73247904013469,-22.563116549981423,-44.800460180797884,-59.41570214191285,-21.110144641244425,-20.746895597411147,-20.86401722955838,-20.87683643080698,-21.09605004761434,-31.121254634142314,-20.919098357469306,-20.807415004568277,-20.689528213892054,-21.690458769367005,-24.049600375972908,-29.523548708610267,-59.36715617929271,-232.3743201427768,-94.09272207594354,-22.043732717014084,-29.385211213715937,-23.573627622354067,-21.558182002819382,-20.737089872246326,-20.694532219291272
-20.82628863089123,-20.961096318952876,-20.822911217010095,-22.82293544080498,-30.402695116119318,-20.861097519767966,-22.680160216930226,-44.83801682258225,-58.99970914176933,-21.23084201038645,-20.87600228323638,-20.990048228783678,-21.00394259539114,-21.21516457266581,-31.092361415461358,-21.04486821913551,-20.93656164893596,-20.819809546071944,-21.806232078435958,-24.14111459632185,-29.614027727054882,-58.81080847173959,-231.7670750729069,-93.31689747712709,-22.149591730581864,-29.432074507950553,-23.683612278774532,-21.673692435905966,-20.865777564738654,-20.82439674258811
-20.90212021432423,-21.02560469184874,-20.906746960450015,-22.730950520063463,-30.28427230371753,-20.946200248918984,-22.66500167885831,-44.83869566825304,-59.60845343351311,-21.33030942084882,-20.942020993024318,-21.067860041529816,-21.062719004536955,-21.286592208057066,-31.29249306414704,-21.08454192589563,-20.9934987852233,-20.89039021374807,-21.86941824368293,-24.17055598287023,-29.293750569723088,-60.12656608250591,-226.70525802246408,-94.84438751873515,-22.218934110776736,-29.26207998505394,-23.62919092434182,-21.75069032133075,-20.945878456443502,-20.908390131408044
-21.243883342858542,-21.35684996859149,-21.25800424189104,-22.95289477515313,-30.43284377596201,-21.29448702875404,-22.906375819109662,-45.09279205904302,-59.18472005048164,-21.67205328040575,-21.275100271896694,-21.402574858763266,-21.383309839442305,-21.597139297975126,-31.371175867941453,-21.383487450840192,-21.318674221809317,-21.22973372579248,-22.167875995823124,-24.392129987654194,-29.238212246946183,-59.917322260097244,-222.2924837796868,-94.56963073661369,-22.49550883553323,-29.22152446366838,-23.819759502688523,-22.06043368064939,-21.289958053721353,-21.25925700604636
-20.594727214592236,-20.71906248713782,-20.597855296411694,-22.422085567311196,-30.169194316018086,-20.640699331614524,-22.39220360106827,-44.90600833823238,-60.69513624421698,-21.045839556866984,-20.636253840491932,-20.76814142931092,-20.760810581420955,-21.00420408532022,-31.374103460138812,-20.785779623575472,-20.68699369894832,-20.580859502198578,-21.594752654090847,-23.97764594718629,-29.086373464142667,-61.5719616364577,-229.34862777989002,-96.95525986859913,-21.96731511754637,-29.141511784933613,-23.369083650836693,-21.47671650752159,-20.640275978998826,-20.599976344269134
-21.0061994906906,-21.132264251049996,-21.00922534457582,-22.876763223693303,-30.35699182660138,-21.04711268583905,-22.778570624948436,-44.798020663158056,-59.03878457278272,-21.41954901554028,-21.047967566485944,-21.168572747334277,-21.169182771576526,-21.382618832896487,-31.21668530121312,-21.19497273461801,-21.1021432203314,-20.99666555797536,-21.964324163004964,-24.2421310458444,-29.458019438143864,-59.24407382822531,-226.85758508838086,-93.62034727231791,-22.303896653516585,-29.355761237153168,-23.74813015080792,-21.841781705520205,-21.048132697626873,-21.010645956989993
-20.892491300327055,-21.02097418651067,-20.893428819389722,-22.793057268258192,-30.320899957930575,-20.932199670380722,-22.692218375847784,-44.779757684989434,-59.24801405602186,-21.308206722664227,-20.93647913818047,-21.05704400196033,-21.06056520688106,-21.27782775187164,-31.20112000145137,-21.09113738726644,-20.992285381437785,-20.883272797804516,-21.863504672955735,-24.16894890280515,-29.44963300299033,-59.43004801907714,-228.3813215016459,-93.94111223176841,-22.20954476173151,-29.350188651566008,-23.674158678188174,-21.73852519849736,-20.934143055400998,-20.894975270983497
-20.432842869479106,-20.572836966877794,-20.424953875793424,-22.490979909698364,-30.246409965492383,-20.46641019321623,-22.35884910084239,-44.83835045347641,-59.95262840004315,-20.852935407842836,-20.487363966496577,-20.604771313797205,-20.62293932903294,-20.850666564477642,-31.091833092982213,-20.674060630664663,-20.550994908763947,-20.425895366655052,-21.455100001805636,-23.87870753547006,-29.493021475122447,-59.86925369232165,-236.18180196455145,-95.02953565115133,-21.822033924546176,-29.365446095908403,-23.39582764491275,-21.317910185034968,-20.472767751117846,-20.426893142820568
-20.358968233451574,-20.50050394346725,-20.34995700943636,-22.438516502372487,-30.23394090087468,-20.391854721305613,-22.303154917202363,-44.860280724928685,-60.09086167155927,-20.780525873610355,-20.41490045191931,-20.532128095129448,-20.552064721045436,-20.781748793986257,-31.0797096072925,-20.605805262558434,-20.4795151037056,-20.352230896098423,-21.389217243300465,-23.831550908691764,-29.49152344090988,-59.98288053287678,-237.39396477770217,-95.2731982825611,-21.75954951136372,-29.363402960011513,-23.348020702696548,-21.250432577607416,-20.398764427696825,-20.35195959860372
-20.784568409996695,-20.908637241033144,-20.78841285063882,-22.61624089552712,-30.23603346172355,-20.829124225139516,-22.562174955581412,-44.84960964069961,-59.99309356776635,-21.220627235342075,-20.82524931060393,-20.953177244437672,-20.947661322587653,-21.178550536366615,-31.316798154975878,-20.971163618080762,-20.87670615448138,-20.77215847855956,-21.764436277866807,-24.095226178169575,-29.2221506455034,-60.62817935614954,-227.7120971444845,-95.57676572946792,-22.12254316999701,-29.220791003278542,-23.532330246786575,-21.645625317166356,-20.828882958412407,-20.790233203345167
-20.69394587490933,-20.82049562322407,-20.69566537564575,-22.555991765598883,-30.20422960578582,-20.737046927336618,-22.496955561023093,-44.81492526166127,-60.12302980095164,-21.130480944367076,-20.736757267390384,-20.864265720507905,-20.861979931593893,-21.09536623577143,-31.29753806193169,-20.89036350730993,-20.790066048942926,-20.682069729345102,-21.684743951032864,-24.036315387341713,-29.232737899936343,-60.70598424947421,-228.9995521867544,-95.71966969428256,-22.047982522435113,-29.22851132001725,-23.479467768193295,-21.563248597382994,-20.737789163275835,-20.697574643663625
-19.92984669549988,-20.069217315504794,-19.920576854272863,-21.94510041897552,-29.957009494797255,-19.968191307625485,-21.89535124070073,-44.84315035098864,-61.93423729243514,-20.392172456529995,-19.984480144112744,-20.115994098854635,-20.126475855546538,-20.390610663197457,-31.292753360995437,-20.179990304072103,-20.046155267162266,-19.918417807418834,-21.00797765742956,-23.544480360663066,-29.091186480799415,-62.59302799883292,-238.85918613840323,-98.77535124278006,-21.41761728962328,-29.161713108286662,-22.953269529179522,-20.873742228168602,-19.973468819097153,-19.92331617403017
-20.64600724371631,-20.788733771265765,-20.637699946657637,-22.764002187022484,-30.513845093910085,-20.675893915886302,-22.57710515690301,-45.05402360222863,-59.046129263767476,-21.044431603124437,-20.703148282877216,-20.810620520518835,-20.836050951833457,-21.044456837708147,-30.973183492426593,-20.888896339271877,-20.76862426627955,-20.642108651447398,-21.645446310587005,-24.047302845058194,-29.751451899358983,-58.50711182778197,-237.50592813493498,-93.36678457969936,-21.990208691501625,-29.486701331020022,-23.608731993882916,-21.503942807543936,-20.68366006750366,-20.639226221452834
-21.968823146873547,-22.081680776183084,-21.985401867663622,-23.70363026956261,-30.823739114236176,-22.013771319063416,-23.57007431314749,-45.14907199548837,-56.83103996367279,-22.343298742615538,-21.998002706936738,-22.109739213795418,-22.09788597848027,-22.266279076523244,-31.23268742082218,-22.093514723697588,-22.044902012449096,-21.960733966375518,-22.82265056233343,-24.88187091427807,-29.812825453681548,-56.67389128110631,-218.30626478826363,-89.85143340576155,-23.097544257537102,-29.57046730778552,-24.461605683401523,-22.710515958274048,-22.01021403966923,-21.985417870009982
-20.979967401211248,-21.105108312412817,-20.983583866104787,-22.83575367645955,-30.332656013228075,-21.021916241323247,-22.747778018721387,-44.80484969692298,-59.20051274886441,-21.397699793494144,-21.021007021934338,-21.143287965567005,-21.14196133779635,-21.35842284396353,-31.24059549059708,-21.16629704747602,-21.074289835433557,-20.96973918999501,-21.940263666585807,-24.222935276817672,-29.407351273633015,-59.50323725625496,-226.68124426432377,-93.97124521607837,-22.28262731540815,-29.32746062692636,-23.715208933150027,-21.819018291823333,-21.022472455713746,-20.985066694359034
-20.60941846018903,-20.74112033551952,-20.607228897738878,-22.54349857963499,-30.201893798059153,-20.64863588219265,-22.45702301369255,-44.764722276604516,-59.99954254118933,-21.038365986659592,-20.656538262027887,-20.78028214384161,-20.786026786743168,-21.01691909940238,-31.218987347583028,-20.823583918041447,-20.714073760743723,-20.599551784601243,-21.611367699139276,-23.982535714623424,-29.3395778257784,-60.317903975642906,-231.23817131497182,-95.28690721406804,-21.976052955160544,-29.28950032548986,-23.46094695863701,-21.483742037914244,-20.65158839468677,-20.60914033763204
-21.080259063984933,-21.1983132172131,-21.089683561921813,-22.84498362610878,-30.354266220373376,-21.127704611841217,-22.790397689142075,-44.94981662910912,-59.39031354590071,-21.508567344788837,-21.115593487071592,-21.242506549343062,-21.230051260377927,-21.449066564333243,-31.336216290671018,-21.2408917907191,-21.16297914599732,-21.06725410860751,-22.02533845250494,-24.28584235961415,-29.26231161153156,-60.029427098197615,-224.2632641815695,-94.68666382251968,-22.36411356881141,-29.240437573048116,-23.728419319990074,-21.912474127164934,-21.125200287190072,-21.091136918539885
-20.861235670699752,-20.98865637559339,-20.862821721924426,-22.744233186134412,-30.29049171381782,-20.902141045500667,-22.65571693473209,-44.78339869120008,-59.441127387812415,-21.282132970061305,-20.90437248422171,-21.026953597774494,-21.02822300187012,-21.249153096741512,-31.23030669325166,-21.057185069323786,-20.95916295999656,-20.851206305844727,-21.834989122684902,-24.146098669282374,-29.390038061887303,-59.739133076618515,-228.15345030345486,-94.35228257791388,-22.18449852581828,-29.317474954835667,-23.635362634671818,-21.71150279365093,-20.903550043876674,-20.8644432331136
-20.246558382506485,-20.384677506109956,-20.239064641524447,-22.26142067203004,-30.091647528781852,-20.283219132782975,-22.173865362114768,-44.787297147437656,-60.79553244204891,-20.686211604563216,-20.299595972623525,-20.424519853533756,-20.437009412068154,-20.68110805682502,-31.197877383242144,-20.48673508043886,-20.36133580415559,-20.237108105115734,-21.28909962161331,-23.747479225419713,-29.28532553092463,-61.10643986033034,-236.13091408472698,-96.63907953806545,-21.67431161985029,-29.261302617959196,-23.214173263018463,-21.155033756488137,-20.288470746465194,-20.241351389216813
-20.655925485939033,-20.785025391382096,-20.655682115055825,-22.553083574629774,-30.200640343899607,-20.697062852692092,-22.48042584913415,-44.780530226545736,-60.048130561221924,-21.088403627709727,-20.700827329582065,-20.826473696217732,-20.828199012972796,-21.060213033378627,-31.25840210518966,-20.8611790562095,-20.756270988071616,-20.645071706701387,-21.651959612051115,-24.011563199325323,-29.28762823674595,-60.49739181505962,-230.01441610957016,-95.47000307410627,-22.015826871115216,-29.260594205862237,-23.473583797117794,-21.52740304378088,-20.698906501732548,-20.657588895622172
-20.77002597651861,-20.900513690857462,-20.769180793867363,-22.69442277287603,-30.276376620241805,-20.808976761807347,-22.59494187967554,-44.769153940219866,-59.52060838012348,-21.189799749515757,-20.81588996880637,-20.937086014576508,-20.94266618739756,-21.16483619048869,-31.195679118879887,-20.977287599543544,-20.87295542146574,-20.76084543016181,-21.754603963335196,-24.089036332300886,-29.422111088333782,-59.716935593073174,-229.84038113465382,-94.40290372689893,-22.108032970293436,-29.33442264891716,-23.588337657805074,-21.627724134593937,-20.81163675614514,-20.770871274412524
-20.825873370102506,-20.952440127549284,-20.827967724989186,-22.69457088033569,-30.264696889485474,-20.867835264797048,-22.617213614160008,-44.79413741006365,-59.63619569871905,-21.25180980502117,-20.868379569875223,-20.9927687401116,-20.992109463996616,-21.21665016425444,-31.256901818968224,-21.019801889564658,-20.922282614248292,-20.815106004576993,-21.80286775467756,-24.12179982032791,-29.334583765653406,-60.04117576135333,-228.08682966486725,-94.7653027904286,-22.155881386643394,-29.286340218045982,-23.595206401956297,-21.680643676656597,-20.868797760924643,-20.829665621707214
-19.84488842641784,-19.98983409149176,-19.832089337167,-21.948674579851012,-29.984496917027016,-19.87911713346644,-21.8599230488581,-44.87586842159067,-61.722110427573405,-20.297068460700356,-19.90417958585456,-20.03059344373335,-20.04983888432143,-20.30822759529692,-31.182958108179132,-20.111805779390615,-19.97035051166575,-19.83579028742179,-20.93225779186322,-23.487962499058902,-29.227917417613572,-62.02665057748379,-241.87289506250738,-98.26994855203858,-21.33938072784762,-29.234594876235857,-22.940315902025517,-20.791250519556517,-19.886724251554522,-19.834759694354815
-20.032418596256818,-20.174181976922853,-20.022045580774524,-22.094312297237092,-30.032293657594828,-20.067756772736523,-22.00634191294696,-44.82663231408723,-61.28588363352918,-20.47873588041695,-20.088804277569576,-20.21452973311727,-20.23065992345196,-20.48246035103068,-31.189366479235453,-20.287017782510446,-20.152911339304577,-20.023155791666415,-21.098854318285134,-23.60897478653654,-29.253409369929543,-61.595138819257926,-239.13990172108655,-97.49652198115515,-21.495873493659722,-29.245948761323405,-23.067944818186415,-20.96109893019334,-20.074275539772604,-20.024541259597843
-20.15972662924392,-20.296149338385547,-20.153023486384964,-22.14170002430807,-30.030640699104005,-20.198638893939894,-22.082246587760196,-44.80180180516189,-61.29301075728074,-20.611578784508,-20.211530976949717,-20.340825911013763,-20.349157982072835,-20.602627865538068,-31.27132638569947,-20.39682978808937,-20.27148826430823,-20.148635748027417,-21.211712374071837,-23.69132047621011,-29.16024029128848,-61.86335555043293,-236.0349766431794,-97.6302818082464,-21.606587471266497,-29.195203432721986,-23.12042139016439,-21.08020966726033,-20.202981973803567,-20.155500687884196
-21.36056420716262,-21.481921281591646,-21.368254219392064,-23.181314614559042,-30.515564152104623,-21.402782287525838,-23.069665004751602,-44.87814134142473,-58.18903179273197,-21.759241219413795,-21.397820865394642,-21.51513971778948,-21.51156269562883,-21.70859345369517,-31.215176910477766,-21.526932572473807,-21.44935256313919,-21.351558939805404,-22.280113083100417,-24.47643939560063,-29.584502358176294,-58.261128706089295,-223.4287469987441,-92.14666943048483,-22.59638613094663,-29.429817671300466,-24.0103766933885,-22.16146875511422,-21.402200191307294,-21.369192334265332
-20.888911570580518,-21.01821852534916,-20.889269039585574,-22.80183632535569,-30.330690487708203,-20.927925737808916,-22.695130624060482,-44.77966531935563,-59.196971165545214,-21.302760667508867,-20.93361683703776,-21.05326894262334,-21.05820438603296,-21.274425153529666,-31.186055321064607,-21.090164416721294,-20.990093957402273,-20.88009219075275,-21.860650573750675,-24.168193019451643,-29.474497717634886,-59.324930533541654,-228.73975516327476,-93.81659375604934,-22.206096156903687,-29.363400769368752,-23.67984463969832,-21.73465821268457,-20.930238483972023,-20.89080110681146
-20.83463471492348,-20.953906929524567,-20.842395889751348,-22.606132426616,-30.265700619594483,-20.88307341242824,-22.576116934907443,-44.98631372589678,-60.202824960710444,-21.27980174091249,-20.871774611927954,-21.00283499870057,-20.989686089754933,-21.223546501292507,-31.387735244176355,-21.00412509878657,-20.918996567609973,-20.820188293447934,-21.80589650851145,-24.132547263291674,-29.111464586785644,-61.09174980025523,-226.48554126503925,-96.24724766386254,-22.162635815990583,-29.150146205201096,-23.52558804168605,-21.69301344607928,-20.88075187247281,-20.84423145044972
-20.83463471492348,-20.953906929524567,-20.842395889751348,-22.606132426616,-30.265700619594483,-20.88307341242824,-22.576116934907443,-44.98631372589678,-60.202824960710444,-21.27980174091249,-20.871774611927954,-21.00283499870057,-20.989686089754933,-21.223546501292507,-31.387735244176355,-21.00412509878657,-20.918996567609973,-20.820188293447934,-21.80589650851145,-24.132547263291674,-29.111464586785644,-61.09174980025523,-226.48554126503925,-96.24724766386254,-22.162635815990583,-29.150146205201096,-23.52558804168605,-21.69301344607928,-20.88075187247281,-20.84423145044972
-20.949176463668177,-21.077917840915546,-20.950127057328352,-22.856819396753487,-30.35962099773692,-20.988197564637915,-22.746233874308977,-44.78730441378457,-59.03272934115707,-21.359965213679374,-20.993325920489916,-21.112153248278617,-21.11681280028655,-21.329975582117594,-31.181066430409142,-21.147467085005736,-21.049531976608588,-20.940558324740515,-21.91445614009238,-24.20859909221086,-29.50246409969055,-59.123922364080705,-228.21129958866777,-93.51806494608518,-22.255820710391717,-29.37897039212129,-23.726665108588932,-21.788864862250602,-20.99034848477947,-20.9515771105064
-20.7801859465371,-20.91149638878785,-20.7788249743914,-22.71795315028093,-30.29515438533303,-20.818334755193902,-22.610486628405294,-44.77256862614053,-59.41981105889189,-21.197016916383838,-20.826752103935167,-20.94666506314125,-20.953825558190573,-21.17398313483412,-31.176106380914636,-20.98971274668492,-20.884526928205347,-20.771518952963806,-21.76399201090731,-24.097630524417053,-29.45791233566385,-59.542934974658415,-230.14364814242919,-94.1859049131643,-22.115658771844803,-29.353376919724056,-23.606053417712513,-21.636032288665433,-20.821383636508216,-20.780477979643976
-20.75607037623407,-20.88765558299999,-20.754444998710223,-22.696742917394086,-30.284720034917584,-20.79417626877996,-22.590441503072267,-44.77092210724379,-59.482741016747646,-21.174004709388143,-20.802900612006045,-20.923082422777725,-20.93043410415476,-21.151732435782904,-31.177351841171664,-20.96691162348194,-20.860825737233338,-20.747349418982807,-21.742493541531,-24.08161853055479,-29.44860504309722,-59.616911356351665,-230.3847649032063,-94.29876274667271,-22.095728093596406,-29.348248691508942,-23.587895955962658,-21.614307010617473,-20.797311173000928,-20.756128735823385
-21.22697049656878,-21.355211946947737,-21.229276111214002,-23.142954264787555,-30.547588501479048,-21.26423473855065,-22.99888594034594,-44.87022005637002,-58.155042832325925,-21.61891033042985,-21.27055058120163,-21.382830622686587,-21.38989377423404,-21.58596062636097,-31.124994290420716,-21.417895449440984,-21.327116306891995,-21.220369967603887,-22.16382410483554,-24.405100493452395,-29.704621636818043,-57.93734691494748,-226.96914073729397,-91.85374352705243,-22.484151828956602,-29.48880248730697,-23.96560979098851,-22.03737409676929,-21.266593820446005,-21.230292833832184
-20.273241229131717,-20.40077131466415,-20.273124179705775,-22.1301377949695,-30.0678063506151,-20.31922038825579,-22.12365789703238,-44.956737048470984,-61.69506894611419,-20.74283551019538,-20.31822259592152,-20.454272518946283,-20.448462015216897,-20.709525596943653,-31.429893274933875,-20.48073265579589,-20.370283321760315,-20.258316711582378,-21.309770332927982,-23.779594596962138,-28.94704662353195,-62.79928607740055,-232.89549082594587,-98.7772727837118,-21.70533536522787,-29.064663105325018,-23.122911034851004,-21.18947371516315,-20.319708257757547,-20.275685950542215
-20.177785042827413,-20.315316199027404,-20.17043004171382,-22.17870668147885,-30.04913356700599,-20.215552624918214,-22.10681679601697,-44.79317113078042,-61.11597169568453,-20.62477870328751,-20.230444855650816,-20.357904569218483,-20.368447197964127,-20.618501631182117,-31.237587805832245,-20.417715364301504,-20.29145176134917,-20.16744651188355,-21.22789398957958,-23.70236759079638,-29.212642828487077,-61.5702886952926,-236.3255304780655,-97.26158129897561,-21.619663837728872,-29.22346348671269,-23.148127936017275,-21.094881222426025,-20.220427226752477,-20.172842968152093
-21.578112249906766,-21.685642593744458,-21.59794288374395,-23.235383193772854,-30.58509527862688,-21.630787765070977,-23.175878797823188,-45.2424617250619,-58.39897947329521,-21.992949078977237,-21.60429960726577,-21.728857993422874,-21.703951672713707,-21.901186600320013,-31.3660632936608,-21.69141368537339,-21.64476758292482,-21.564159358893416,-22.463448501442066,-24.60494527595261,-29.344590916726464,-59.00430797983822,-219.19678916110237,-93.31647668718095,-22.766516757253743,-29.28437611229223,-24.05957119362726,-22.360527629244114,-21.624318434182698,-21.598676045335317
-20.381430117537555,-20.51989638265569,-20.374204139529436,-22.410617465559636,-30.176626647770213,-20.416674896380194,-22.299782983919634,-44.79601172205635,-60.26187515749276,-20.809491979691245,-20.434619245845973,-20.555528793088364,-20.570367570712765,-20.80451579383165,-31.143085061199983,-20.619716494871536,-20.49700887318354,-20.373269272683956,-21.409212456664036,-23.83883876315455,-29.39993754265162,-60.36348010453285,-235.55780068770972,-95.62621626856634,-21.782838176881366,-29.31977109306659,-23.33499287541449,-21.274132744233,-20.422293002175156,-20.37627103408832
-20.152093804069686,-20.291461001628896,-20.143529790141628,-22.18157565655842,-30.059453676852467,-20.18847627158458,-22.097187505335253,-44.80000504211753,-61.04427144461367,-20.595743877885553,-20.20630997538282,-20.332067436486035,-20.34553339923915,-20.593777246029585,-31.202793591038994,-20.397691321817664,-20.26879532060991,-20.14253182938727,-21.205170281170616,-23.686104463160184,-29.258054962304605,-61.38453296356725,-237.2776974667738,-97.08407101928397,-21.596213788115783,-29.24760535912495,-23.145707815011022,-21.069936328694773,-20.194129800614608,-20.145922107344997
-21.09434564153328,-21.21577493836729,-21.101126913936902,-22.90361053940378,-30.365745006316185,-21.13865986995715,-22.825970772227016,-44.85886531951359,-59.08308845828999,-21.512838221053155,-21.13215571673931,-21.255658261053615,-21.249173839228106,-21.46316365543934,-31.27629358522082,-21.26621541331194,-21.18266158533612,-21.08316357738047,-22.04059568909163,-24.295359849885628,-29.377430751986154,-59.48711297804627,-224.8849209309868,-93.9026883999227,-22.3768282175657,-29.310219997912043,-23.77632473202114,-21.923381117178923,-21.137700714573505,-21.10249891053916
-20.67671774969682,-20.803688697320887,-20.67807667704365,-22.54393054840292,-30.198386825747768,-20.71958809598232,-22.484238229750574,-44.81037370642113,-60.15174422377599,-21.11347338013228,-20.71989808260304,-20.84736809313337,-20.845609050233186,-21.079523610177635,-31.294711412995152,-20.8748203898253,-20.773512828337516,-20.66491817712519,-21.669551843158974,-24.025147586089563,-29.233303141722487,-60.72783451029555,-229.2387726721961,-95.75785427217755,-22.0337747320263,-29.229083509153376,-23.468906082993158,-21.547609011288767,-20.72049437191229,-20.680003377574106
-21.12305204601202,-21.248655672330134,-21.12679904658249,-22.99297952155295,-30.422089335494732,-21.163425013933125,-22.882519937902405,-44.81483478082552,-58.67562471819542,-21.52883185214258,-21.16427492930572,-21.28254090161566,-21.28371399596897,-21.49025338940796,-31.195972697115252,-21.308008231653687,-21.218478693597834,-21.114245374394496,-22.069038610728015,-24.321721564778237,-29.534422085481125,-58.76419039545853,-226.10650717479513,-92.93211786214917,-22.400059624050503,-29.398638798381093,-23.846000333079125,-21.946448246094178,-21.16441852566513,-21.12804176674582
-20.193928429875697,-20.326227765622555,-20.190119548972998,-22.114425466477766,-30.028475498116734,-20.236266779099115,-22.083957215878325,-44.85425153329155,-61.55636043974654,-20.655606242067652,-20.242504108151643,-20.37567898817487,-20.377158571836862,-20.635817295522006,-31.355250049019602,-20.417995819443966,-20.298783581798343,-20.180888583833717,-21.241171438193692,-23.718838503014005,-29.04461928830169,-62.409126486861155,-234.5310967253475,-98.28456935190518,-21.638510749567914,-29.127974209353567,-23.105335782806918,-21.11490743264178,-20.238789394002712,-20.19267175230518
-20.164750528989146,-20.298939276718237,-20.159550039734143,-22.112104554287182,-30.020963813690294,-20.20563312466792,-22.070759802635727,-44.827872358217945,-61.48998969292993,-20.62306498014459,-20.214813402926058,-20.346610603120876,-20.35104293337615,-20.608359310503726,-31.32275700654015,-20.395138436417938,-20.272740904722312,-20.152487665078333,-21.215754073724632,-23.69727617596274,-29.086847980197057,-62.234276426015036,-235.27833348501102,-98.08304147047932,-21.61321338740398,-29.153605254678958,-23.10049493133417,-21.08714344443327,-20.208967903334422,-20.16209046296701
-20.02493555265787,-20.159764561654335,-20.01892030048597,-21.974249417557143,-29.975619301957757,-20.06652715419107,-21.94897748304178,-44.8733587495881,-62.00347350886706,-20.49349802126049,-20.075887484367755,-20.210361586195226,-20.21405689043239,-20.480254343271888,-31.365918968626268,-20.259937216827236,-20.133740240085984,-20.011823332995128,-21.091738437791996,-23.611622390102582,-29.00401566122286,-62.90148657832099,-236.67418603156395,-99.0562141977172,-21.499926927590167,-29.10920018157965,-22.98609534712748,-20.963034005886655,-20.069905454958743,-20.021662939318702
-20.51404427093847,-20.649367880478113,-20.509185736617592,-22.49987535450349,-30.199773910753454,-20.550890600735382,-22.39706833361442,-44.7719375861864,-60.04327478109279,-20.94047199589684,-20.564373116791863,-20.68598660282978,-20.69694880484584,-20.927955052080282,-31.170918040073637,-20.740781257444166,-20.62461821210456,-20.50530635672432,-21.52710633244888,-23.923322424429884,-29.391086418296155,-60.21337185833674,-233.32982297367354,-95.27383485011173,-21.89470317822822,-29.316329964886176,-23.416696490838163,-21.3953702823852,-20.555322767519318,-20.51114332143838
-20.166242539321626,-20.310603823551563,-20.154993676477226,-22.281751074371545,-30.17242535462538,-20.19834873146844,-22.14867080481869,-44.89322612614683,-60.55172872000971,-20.59476287892768,-20.224763189259313,-20.343219794562103,-20.36564456419291,-20.602698396446645,-31.076378761062546,-20.4245096081682,-20.291100766174864,-20.15943759950273,-21.21740780714063,-23.704870612576073,-29.446955197725238,-60.46967839214601,-239.89802356855733,-96.10862474264901,-21.59854346131845,-29.339790020950733,-23.21107569474825,-21.07591176099637,-20.206178708278454,-20.157194681015326
-20.733878489369157,-20.870459880952847,-20.72910198307049,-22.753984009071225,-30.37952643513477,-20.767929220871057,-22.608956516339266,-44.84820777500325,-59.17923917706927,-21.140680605020908,-20.785239143075902,-20.899297026375248,-20.915187172922586,-21.129312057314376,-31.079799874572892,-20.95934065349085,-20.84690758966545,-20.72757132775388,-21.723792914444957,-24.08144825158252,-29.60406932719861,-58.975162315836776,-233.1012167193585,-93.62831260060565,-22.071881633465605,-29.424697922758646,-23.621660133881505,-21.589491278438246,-20.773248123211346,-20.73068082199677
-19.554331799356778,-19.700578499559775,-19.53982276268153,-21.66005912778446,-29.864153629496904,-19.590011452999512,-21.606251178560672,-44.93909016434529,-62.79258861055632,-20.027260119661427,-19.61516308938302,-19.747661122991246,-19.765175860078948,-20.04206426642006,-31.27819085695357,-19.830830595718158,-19.68152019696631,-19.543498711829482,-20.67535070697477,-23.30291952477036,-29.059674601301882,-63.40995888117744,-244.51305129618868,-100.25424888048084,-21.105196562505974,-29.15413904134282,-22.704392602962443,-20.533863987880878,-19.59770502381336,-19.542894204007496
-20.62253272622037,-20.75521029447144,-20.619736601155335,-22.572594439927446,-30.221914570037615,-20.660782716590845,-22.4763160610347,-44.764297644219965,-59.87036290196755,-21.0477797774392,-20.670458674746087,-20.79266914020321,-20.800304905573,-21.02866140665163,-31.194229744219633,-20.83934835243434,-20.72886322645164,-20.613289068672398,-21.623385780308265,-23.992547712705697,-29.38296174027097,-60.09803107852835,-231.56031583574924,-95.01039762194245,-21.985839891327913,-29.31273542045666,-23.48290014275904,-21.49446793154637,-20.664198378286592,-20.621600554828724
-20.58070811878643,-20.71266165081883,-20.57825740723524,-22.517057632308905,-30.1895539278786,-20.6199450829123,-22.432662283935286,-44.76508776056511,-60.08376482664276,-21.011223009259673,-20.628083956988952,-20.752240762869402,-20.758071951082265,-20.99047656162337,-31.222773171042853,-20.796205920692813,-20.685731526595116,-20.57073691008561,-21.585796171311465,-23.963687837342743,-29.326127032034876,-60.42165272910621,-231.51025799736146,-95.44120189967701,-21.9524600732183,-29.282227663473506,-23.4385839360385,-21.457991209873047,-20.62296510536987,-20.580207131723682
-20.368302951751314,-20.50522487810164,-20.36195348764563,-22.37115671764849,-30.140841916877996,-20.40497617355873,-22.275931461808668,-44.777690029077746,-60.442828478779745,-20.80167701696192,-20.420169270238045,-20.54348545898764,-20.555426310850482,-20.793404869242554,-31.182985274254857,-20.602598518492414,-20.481290747458267,-20.359216889127683,-21.39737628180934,-23.82730544655768,-29.335651120884062,-60.683255915532825,-234.86919738043113,-95.99642566307575,-21.774446892215934,-29.287217728317493,-23.307032792533303,-21.264284878342472,-20.40989012550987,-20.3640891761463
-20.71656195093626,-20.850128035187804,-20.71352171580147,-22.68633851484197,-30.29520673868046,-20.753276279056124,-22.569348873343564,-44.78164596611498,-59.46537728571105,-21.132281276000473,-20.765173750725083,-20.88381778885141,-20.894189177305122,-21.114758563931176,-31.147666421089895,-20.934021230931787,-20.82457038800082,-20.708553412881987,-21.707708453145607,-24.058978719274005,-29.48600266525903,-59.504504047243444,-231.50326496467267,-94.21684260359567,-22.06153583389177,-29.36689952635276,-23.57455636807486,-21.57723633140825,-20.757239908469117,-20.715213631635617
-20.671975929387404,-20.801376718162057,-20.671568431893064,-22.574464734061404,-30.21085844461315,-20.712707912311817,-22.49723823424723,-44.7754623672363,-59.963481926100755,-21.102339398859677,-20.717088001408968,-20.842003135800365,-20.84445716913303,-21.074912245930044,-31.2472006612808,-20.877854009935184,-20.772862965880485,-20.661414122416335,-21.666439951944746,-24.0221843733116,-29.309980590026793,-60.369045164861475,-230.00815151114642,-95.29447835929314,-22.02874191512602,-29.27307200235498,-23.490857994542015,-21.541418949759823,-20.714714985733846,-20.673442034937977
-21.229109106837306,-21.348285614679273,-21.23807165935401,-23.01399378664478,-30.421994669048722,-21.274325836877555,-22.933438904867515,-44.89859097499499,-58.78249811297897,-21.642917933818698,-21.264820963021965,-21.387470620562734,-21.378602892174495,-21.58665182197755,-31.280091329491626,-21.390731931176866,-21.313935916975016,-21.21790842032005,-22.160100858666,-24.38268833696301,-29.412187842606045,-59.15844109438564,-223.46113888623154,-93.41600333030121,-22.48739261937626,-29.330405642383823,-23.87126544081308,-22.044929931393504,-21.272546810090137,-21.23926229425573
-20.48835675845947,-20.6095944206925,-20.493661729282092,-22.272961177047158,-30.16885209188649,-20.538092574942343,-22.277407995241887,-45.08541387043131,-61.39967432054735,-20.95793469262383,-20.52839014665918,-20.665006953862036,-20.65114701309451,-20.90629982785044,-31.47283514845388,-20.671028331317128,-20.575508265008324,-20.47198348928796,-21.497635755084104,-23.925485668328466,-28.910986238964554,-62.640965730404325,-230.0731616254543,-98.53805278106064,-21.880104925666767,-29.030907311077783,-23.24362557963,-21.384508044101267,-20.536115344864463,-20.49602681809651
-21.17107248549417,-21.2991078090487,-21.17330117260871,-23.080550069595382,-30.499734885156947,-21.20894672417386,-22.94548207482173,-44.84298297972403,-58.34705837841308,-21.56744605554835,-21.21445938013254,-21.32848109394455,-21.33452329772125,-21.534456660632067,-31.140857178491437,-21.362578449164577,-21.270737131506717,-21.1639090011138,-22.113446637604973,-24.36360519098394,-29.653282079071655,-58.210957639705256,-227.02091349937308,-92.22462431615625,-22.43834863293703,-29.461464834796043,-23.914192334444348,-21.987565692011813,-21.21112506571431,-21.174412796467934
-21.279404823175234,-21.398058306387796,-21.288939167566,-23.059492381668548,-30.445042930150642,-21.32467759618948,-22.97580276558356,-44.90854772409416,-58.648178088456426,-21.690671125389354,-21.31458164436545,-21.436600458555613,-21.42738777030108,-21.632824205507713,-31.276551313156403,-21.438256237916374,-21.363462301619606,-21.26836031431439,-22.20495956032891,-24.415642732913817,-29.43540998579669,-58.99300436665067,-223.02322008574868,-93.17520712732002,-22.5287419941271,-29.3441124796542,-23.910132623221433,-22.090144740963556,-21.3227361710819,-21.290055335522688
-21.21614765648627,-21.34209624668922,-21.219975516970816,-23.09632211458817,-30.49020438291999,-21.255476519101517,-22.97099050818442,-44.8386246424504,-58.34420223703159,-21.614295700590144,-21.257602856416987,-21.373109392969937,-21.375982063686607,-21.576075170867238,-31.16837249634113,-21.400278913101207,-21.312382229439553,-21.20828548415399,-22.152946732178233,-24.388383798793534,-29.619354659860534,-58.29372371958151,-225.87272345050485,-92.28020205375547,-22.476507047107024,-29.445364422525728,-23.931693298612824,-22.029418033000727,-21.256774491094575,-21.221060514386348
-20.046384033281747,-20.18130717902235,-20.040360868954128,-21.998329859733097,-29.982232097883035,-20.08768860486923,-21.968974381018104,-44.86162420742724,-61.90404997350508,-20.512735127675302,-20.097337778120746,-20.231188214684106,-20.23533975686168,-20.4997991264113,-31.35434816883324,-20.281258624654,-20.155388898675817,-20.033508389497843,-21.11079116307428,-23.624133368302388,-29.02327082165934,-62.76240241679753,-236.50388459282692,-98.85951906198773,-21.517076511609027,-29.11986772775225,-23.005726177966576,-20.981841468698622,-20.091148669934398,-20.04306617294922
-20.858430436405644,-20.983818592186466,-20.861492010272357,-22.711823301933837,-30.27280416049841,-20.901172563705575,-22.638518018087105,-44.80847286441026,-59.613714589317794,-21.284972918856123,-20.89992388682911,-21.024814282404865,-21.02247820864309,-21.24657835620672,-31.26985528371207,-21.047929553166366,-20.952918146823407,-20.84732101433176,-21.8313990467201,-24.142566841341722,-29.321270535912447,-60.058404227836334,-227.51844768778102,-94.77003788278718,-22.182879422485236,-29.278546665821533,-23.611150433035647,-21.71049425816051,-20.901649107451014,-20.863164534243836
-20.920255569409132,-21.04314371383981,-20.925392718453022,-22.74173808426558,-30.290486010822335,-20.964717477012538,-22.6773956766847,-44.848913280653434,-59.59034877785375,-21.34859711012296,-20.959651273829728,-21.085668153900496,-21.079703527965986,-21.303185198310068,-31.298081575250706,-21.10035189576548,-21.010672519661632,-20.908369919342668,-21.885295464519658,-24.182263809906054,-29.288775275755114,-60.12491763393399,-226.4303505174964,-94.83661073158564,-22.23381398066593,-29.258926514107777,-23.638772642237253,-21.76722385471092,-20.964152939089942,-20.927018831244794
-20.759295753000202,-20.88075501963884,-20.76510563116009,-22.555554466001094,-30.231550207005263,-20.806421647221335,-22.52205529535406,-44.936353475790014,-60.30743909967805,-21.20470279705893,-20.79821074462094,-20.929063896615233,-20.918760268607915,-21.154903027867938,-31.373000154057763,-20.93764821283224,-20.847095668529644,-20.74532931367435,-21.740055227152908,-24.082827668031527,-29.121112688582592,-61.154779908606784,-227.44230081197134,-96.33471246207212,-22.101593413406544,-29.15863996951314,-23.482564244664598,-21.62478465870056,-20.804962925285686,-20.76702193350719
-20.72633311541831,-20.848617092403547,-20.73140462265664,-22.53196036573845,-30.2178151397277,-20.773002670939633,-22.497623683196473,-44.92090403345177,-60.363681788050314,-21.17218802639246,-20.765941213167103,-20.896791694056834,-20.88751093085289,-21.124783916707507,-31.368615957963556,-20.908082337114376,-20.815431351618216,-20.712512848543014,-21.711124385230967,-24.061310059278135,-29.121662145860178,-61.20045300268912,-227.85550508144652,-96.40266342326703,-22.074760415368626,-29.159933148537746,-23.46241520427473,-21.59497777857757,-20.771863279390427,-20.733357506466223
-20.497660333332075,-20.636094747902657,-20.49089216704293,-22.53371549334544,-30.25327088117936,-20.532005525473366,-22.40613417425167,-44.81730003267174,-59.84816800095567,-20.917004905500605,-20.550752843893314,-20.66859715453193,-20.684840070790326,-20.911197803309665,-31.106985808636992,-20.733333077109023,-20.613362980078687,-20.4904212832174,-21.512867295663998,-23.91949730937789,-29.48744636378978,-59.801387011,-235.02017220152482,-94.85230266602898,-21.877089857742366,-29.363950393116824,-23.435624588223668,-21.37733034763838,-20.537784408858542,-20.492780766035718
-20.30749102275663,-20.442943626995838,-20.30186880515121,-22.282891474717896,-30.08948352106311,-20.34596842162495,-22.209440829781276,-44.77895587201019,-60.804877712376246,-20.749977625670244,-20.358221763083215,-20.48497165224558,-20.493520590288806,-20.738444027414683,-31.238353559666585,-20.538821049274677,-20.417895333324708,-20.297115580265576,-21.342994753777873,-23.78618596550253,-29.23819739338737,-61.244977181302936,-234.62364583793135,-96.72241048707238,-21.727122021632592,-29.235942525554698,-23.238293563678553,-21.212039602615878,-20.350122746477695,-20.30414490404449
-20.28536734556241,-20.42324733588876,-20.27815021408775,-22.29874432587042,-30.10926549590058,-20.321907304674976,-22.207464035218795,-44.78455220381371,-60.669608072362905,-20.72260015277533,-20.338151416117128,-20.462375567498814,-20.47494534156039,-20.716813965555676,-31.189600480742744,-20.524070952111625,-20.399812256888147,-20.27610943140595,-21.323615545141077,-23.77300384979448,-29.30630745128383,-60.94653328961489,-235.7897839750305,-96.40566939500823,-21.70601049369156,-29.272070972762535,-23.245287152045353,-21.189682100367143,-20.327115102776347,-20.280384416879134
-21.212514905137375,-21.332196631586513,-21.22102607654006,-23.003399482356322,-30.41602120361946,-21.25741706687779,-22.92177031928842,-44.88841895803286,-58.802753580469755,-21.626334137642278,-21.24866329571322,-21.371199573764844,-21.363021351245038,-21.571535623192613,-31.27591329797579,-21.3761835977326,-21.298149897773598,-21.201430598576884,-22.145561905213743,-24.372159576425474,-29.414889799006776,-59.167852175849305,-223.69095284697963,-93.43139160554159,-22.473857492598885,-29.33202516525087,-23.861955551644254,-22.02985690397735,-21.255842592804726,-21.222235665875793
-21.151099958136314,-21.279939570996078,-21.152717974593777,-23.071912024403865,-30.50285295818384,-21.18843916615881,-22.933302010920684,-44.84683188825187,-58.356609271586166,-21.5469737143394,-21.19523860693445,-21.308731034236835,-21.315963037772512,-21.5159604091589,-31.13055318819046,-21.345452881714923,-21.252076386795068,-21.14418521253,-22.09584674318208,-24.352331451410485,-29.66455995743184,-58.19007874636287,-227.4935117603391,-92.22215673369156,-22.42139903982747,-29.466487778195912,-23.905162466749605,-21.969071424227984,-21.19095087777631,-21.153843024960107
-20.260585511861976,-20.394578989069267,-20.255788214367584,-22.21034341018839,-30.056997397123506,-20.30078000308213,-22.15618002744507,-44.800426181415204,-61.12424387957036,-20.71131796322738,-20.31025119604672,-20.4399248562592,-20.445272935536487,-20.696157692524096,-31.289683539284894,-20.48852812754182,-20.368431059610835,-20.24902983329423,-21.300937868417215,-23.756932904334334,-29.15235376915392,-61.74642680615608,-234.44847513474357,-97.38190777300554,-21.690814476573397,-29.189024746320715,-23.18167920213444,-21.172089581667578,-20.304192237755085,-20.25818294590006
-20.186104484537065,-20.32376295286289,-20.178696251156467,-22.18961640161097,-30.054578385936303,-20.22368731279929,-22.115332708449536,-44.79181667835688,-61.071442902333985,-20.63203142985679,-20.238853665993457,-20.36593808486758,-20.37681689047226,-20.62603832825812,-31.231347146249,-20.42622747976745,-20.300000813330616,-20.175904255529346,-21.235301056733483,-23.70773766218341,-29.223397213158446,-61.50368444247575,-236.32055137920008,-97.1735874096268,-21.62619346707904,-29.229126273970287,-23.156727237001505,-21.102087923231746,-20.22863311548262,-20.18109204042444
-21.3336410715353,-21.450732838072174,-21.344600547046134,-23.095624428622134,-30.465925176772977,-21.379862869920633,-23.014663383878343,-44.94312377208854,-58.574786849822786,-21.744603867992925,-21.367465088552102,-21.48973718006852,-21.47842486854702,-21.682160767881264,-31.288342324818956,-21.486042150294956,-21.415216543778186,-21.322268258247217,-22.252510648408673,-24.450077298562707,-29.430096875881684,-58.94738609683482,-222.3182959486403,-93.1085119812798,-22.57286627051775,-29.340905162094863,-23.941633138366758,-22.139314901914723,-21.377293856686826,-21.34565027502248
-21.63950552678641,-21.750991806149717,-21.65610024822335,-23.343333323443655,-30.605568894965153,-21.688243372188975,-23.256736094468664,-45.09462964578498,-57.935648974858964,-22.04061596236807,-21.668203930658887,-21.788692383561777,-21.771024294323546,-21.961029224410836,-31.303909221658657,-21.76600398389972,-21.712486356721232,-21.627946787748485,-22.523196464377143,-24.64753167738687,-29.50501884029911,-58.25230185991815,-219.32545935702728,-92.1344155098349,-22.822271399709102,-29.386143382312476,-24.154185725928834,-22.414985558979236,-21.683585474159216,-21.65669897888821
-21.257642253521404,-21.370778566329932,-21.271659319605604,-22.968973663571237,-30.436792190357913,-21.307984184517995,-22.919865238858037,-45.082255402419285,-59.12327041236279,-21.684286208151818,-21.288910157699934,-21.415992156265045,-21.397154053087565,-21.6099203250602,-31.365241054657755,-21.3975838263902,-21.332713836343654,-21.243689640633775,-22.180428500549862,-24.400561545090657,-29.25371375082024,-59.82827933031557,-222.19929164369714,-94.43485162754035,-22.50705432612161,-29.231350413697655,-23.833616377142572,-22.07267790270675,-21.303547679571675,-21.27288700992319
-20.601915439529513,-20.73680259221175,-20.597638246050035,-22.586044047095296,-30.24634437114216,-20.638420673209605,-22.474264676630064,-44.77751634478902,-59.76362890757312,-21.02279126913347,-20.65178256293652,-20.77167885358311,-20.782968582078986,-21.00885197738424,-31.153219312223445,-20.825568974985835,-20.7119198640561,-20.593665089174493,-21.6054969868989,-23.982677225024585,-29.44333509277387,-59.85184245517452,-232.6814071293476,-94.75332240864353,-21.96665564845587,-29.343761888680746,-23.488611160063694,-21.473908024818293,-20.64279590853394,-20.599471721579082
-20.795496488567835,-20.921049323604215,-20.798249964795456,-22.648235882420465,-30.244553147545282,-20.838623957117296,-22.58234425438772,-44.81452166372712,-59.82970003755455,-21.226595545139887,-20.83727271458764,-20.96345866555251,-20.960657490935006,-21.188702071441888,-31.2853573838296,-20.986742785401855,-20.890137029746622,-20.783948347683392,-21.775103886760537,-24.101689650602772,-29.278176086570134,-60.34657890314182,-227.99713642476289,-95.18693507983139,-22.131294414181497,-29.25397523306462,-23.557732968527862,-21.65433095696624,-20.83907525022342,-20.800019733936857
-20.436113737254455,-20.5702954937713,-20.431724271264088,-22.39898225108324,-30.13981670576588,-20.474609098737872,-22.317228437873684,-44.76829809891779,-60.42929243024337,-20.871863796964718,-20.485577066905584,-20.610642401726242,-20.61859296892559,-20.85695435029427,-31.221959033946746,-20.66114023188414,-20.544618927017492,-20.426127941430035,-21.457345191456334,-23.86976630689613,-29.29199615326214,-60.79220117919229,-233.28411359000796,-96.03870852608904,-21.83277300929672,-29.264158412271037,-23.33650837478165,-21.327405465881753,-20.478401986538728,-20.43383734075985
-21.06105456823232,-21.18418926844195,-21.066424555533175,-22.892295324653688,-30.359279098560844,-21.104121565238547,-22.807563435965946,-44.83037783807225,-59.07039363520427,-21.477740374776502,-21.100297907881497,-21.222823195645674,-21.2189291411974,-21.43286103888287,-31.25532969648946,-21.23924651336348,-21.152164087793093,-21.05046697712209,-22.011843655489752,-24.274852396287596,-29.405681563008713,-59.404425190019616,-225.57020744025456,-93.80031161216795,-22.34952619858348,-29.32666317551285,-23.765126305835622,-21.89267488521843,-21.10388840626404,-21.067818022678843
-21.247091291282995,-21.3589792260495,-21.26214035411537,-22.94403592062444,-30.440685834711893,-21.2986163616296,-22.902717700299636,-45.136911037760385,-59.25221475676735,-21.677703015409552,-21.277601882883612,-21.405743129508302,-21.384720402009012,-21.599400862778385,-31.385776748462057,-21.382776428497564,-21.32020276417332,-21.232447218366122,-22.169683516738967,-24.39525959464724,-29.209830355450116,-60.04237508391597,-222.16951278611072,-94.77381382273606,-22.497080609825346,-29.202649501546254,-23.811564802610963,-22.063595957976432,-21.293621706816293,-21.26340004251579
-20.559681147315025,-20.690658984863184,-20.557831094223157,-22.479894271087755,-30.169293785978827,-20.599963969962516,-22.40631417664835,-44.77317293678068,-60.245610758108896,-20.994609306446726,-20.606294374027364,-20.732130160178446,-20.735971816907206,-20.971440480754232,-31.250360491145,-20.772631510106994,-20.66301100128055,-20.54901850435956,-21.566686677355563,-23.949322728568653,-29.27695202708847,-60.685436603724185,-231.28918548879818,-95.78557704302985,-21.936146761704595,-29.255261369911395,-23.409704745387423,-21.440223916464873,-20.60250575991553,-20.559840707977905
-20.447411681476414,-20.583066462377545,-20.442117198836996,-22.434531575821275,-30.166065673166813,-20.48452276018375,-22.33861810977203,-44.77093555852868,-60.25909830424811,-20.87811355309321,-20.498100176282524,-20.62101113317787,-20.63171692602303,-20.86664025470568,-31.185167561259327,-20.676476328830155,-20.558418711606205,-20.43830263373019,-21.467713290645694,-23.87875705482122,-29.351673937229577,-60.49229244144857,-233.84372311084394,-95.67608476291583,-21.8402127686276,-29.29567736043156,-23.362224885614026,-21.335862047557665,-20.488997048966876,-20.444168662887108
-20.129374584478718,-20.264335658923343,-20.123551559208927,-22.08660783528145,-30.010528603178102,-20.169878506623565,-22.044222011366557,-44.827906717813306,-61.557963297990696,-20.588337460729434,-20.18011827043837,-20.311899516071637,-20.317230827207734,-20.575637060910708,-31.31868372784251,-20.362763312157025,-20.238603649307244,-20.117230737328423,-21.184489570354646,-23.674265409712323,-29.08677453657433,-62.291179428058385,-235.79791838029885,-98.18742301962686,-21.583862651229435,-29.154445540849068,-23.078169377051445,-21.05504628088969,-20.173503632520905,-20.126123649868028
-20.69102021901237,-20.826028438353365,-20.686996652217505,-22.68258272629435,-30.308306663166228,-20.72671113329049,-22.55706957516123,-44.79742791490924,-59.442191119214115,-21.104904869447815,-20.740941734016058,-20.85832968038339,-20.87093372427709,-21.090679258581886,-31.12462350164729,-20.913115936134663,-20.801387216484144,-20.683555866945785,-21.685180862701404,-24.04519481155154,-29.516187486671107,-59.40709261977219,-232.35402175540293,-94.14403213545327,-22.039041383837844,-29.38148185449743,-23.567631426869763,-21.55303224298691,-20.731277159531835,-20.68868775258826
-21.008952773364566,-21.134561233078955,-21.012318523840406,-22.872976425222873,-30.35337479014703,-21.050247679933552,-22.77773751594029,-44.801258017623326,-59.063821767770776,-21.423264109864647,-21.05033137908093,-21.17139134457542,-21.17122978430507,-21.385139890575022,-31.224370257869644,-21.196214064561584,-21.10412934666193,-20.99920597033505,-21.966545982935525,-24.24320528991418,-29.445193027823205,-59.29701559531003,-226.67769617197317,-93.68621717295991,-22.3063032716925,-29.348717331640778,-23.74567560132869,-21.84455990335438,-21.051063423587618,-21.01374469241903
-20.59225901838624,-20.721191240310777,-20.591947674752802,-22.48365946205577,-30.170492803143347,-20.63409433485594,-22.421271696466235,-44.79348361286277,-60.30069827483168,-21.030350377501833,-20.63717342855269,-20.764532404789595,-20.765173896693526,-21.001762948970004,-31.28247469840283,-20.798220378074404,-20.69219471534597,-20.58078537338655,-21.594977987148706,-23.97044298304247,-29.233368272269043,-60.84876036607436,-230.40883181737814,-95.96847919655526,-21.964009520943005,-29.23022966419816,-23.41612320746523,-21.470966044381463,-20.63575697733408,-20.59395992824656
-20.891301211646706,-21.01798984216487,-20.893508680493937,-22.765080620928973,-30.2994412818091,-20.932607498143508,-22.677880052095592,-44.78949483958555,-59.39234796539797,-21.31181131861377,-20.93377876857937,-21.056463584870567,-21.05680436550603,-21.27684454793355,-31.235893998873166,-21.084337662881715,-20.988052828235727,-20.88114001558091,-21.861572216287588,-24.165368615547244,-29.389174278732366,-59.702764412464575,-227.7220496623168,-94.28484651089533,-22.20943019713547,-29.317062840301126,-23.65389789838286,-21.738850717718346,-20.933730187624406,-20.895099208459325
-20.60850930187392,-20.740191277412155,-20.606330260680032,-22.542230157115956,-30.201175656782816,-20.647751956934535,-22.456044611833317,-44.76481665340471,-60.004551266046256,-21.037583394015645,-20.655613925805973,-20.779404640394933,-20.78510271479705,-21.016089725609337,-31.2196949028962,-20.822632941474946,-20.71312910402483,-20.59862459359468,-21.610548771600183,-23.981911219999045,-29.33820346807331,-60.325621341004016,-231.23592855760654,-95.29716485064745,-21.975329614860424,-29.288755933816596,-23.459938503182695,-21.48295265987367,-20.65069395687829,-20.608243675574517
-20.494475625520774,-20.627465862682755,-20.491057457372253,-22.44201993533185,-30.156340701985208,-20.533526721360936,-22.361628368137886,-44.7669858422196,-60.31476153875605,-20.928938704242665,-20.542855076915437,-20.6679124992118,-20.67449340194776,-20.910970050337276,-31.228602172467998,-20.714803211810036,-20.601081213937096,-20.484339575547743,-21.509108464232398,-23.907465932206193,-29.29556667439252,-60.69023366521764,-232.44812984246857,-95.85375294668653,-21.88138026226105,-29.265860200897063,-23.374515330694543,-21.380404297684876,-20.53687595895232,-20.493113624149068
-20.240108596933535,-20.378142666042205,-20.232645020560923,-22.25316316354807,-30.08696178095645,-20.276898054949488,-22.167341072215756,-44.787211402112135,-60.82791001336156,-20.680528088253926,-20.29308386341236,-20.4182867492748,-20.430541289260788,-20.67525392244676,-31.20224658536619,-20.48018142725181,-20.35473236494476,-20.230559386124952,-21.28335564322349,-23.743156330972177,-29.277445939915097,-61.154553539221496,-236.13235033700445,-96.70224760771691,-21.669228995785627,-29.257230965646052,-23.207657772898433,-21.14942541779573,-20.282101241365822,-20.234944536626692
-20.79678965182937,-20.91382081364247,-20.806285185649905,-22.5405621906185,-30.274425418342993,-20.847559368914652,-22.528444294366626,-45.098626708602524,-60.53475898112693,-21.25139868489079,-20.832704211367304,-20.96615920781953,-20.94883222213891,-21.187985567610067,-31.43830346268642,-20.959264691366158,-20.877573767913486,-20.780900535316793,-21.770124026416102,-24.11576744310341,-29.016172520118474,-61.61828292917936,-226.6541670514924,-97.05017481303084,-22.130335155223428,-29.088171185070067,-23.469182970609378,-21.660476871602498,-20.844194264515693,-20.808223332248655
-20.84463363690306,-20.978463135223393,-20.841912862055867,-22.82646287624167,-30.391376686854954,-20.88011717823166,-22.6893526449653,-44.822007141072405,-59.00923972870309,-21.250281528972803,-20.893437307862754,-21.00834313146365,-21.02073767703986,-21.232448475678137,-31.107545667619867,-21.06008966967214,-20.953322389242825,-20.83779849046211,-21.822448807213064,-24.15052636297124,-29.594443457225573,-58.868157922540426,-231.1489495540109,-93.35056135317416,-22.165744316306327,-29.42319719491687,-23.689299410722345,-21.691036705380153,-20.884393524769955,-20.84339680811528
